0.42 	0 	0 	2.59758068611 	2.85535733239e-05 	90972.1755888 	-81.0842782594 	-5.5132253747 	0.00997629237354 	1.06555670529e-19
0.42 	0.00146443514644 	-4.19434242394e-20 	17.4059126349 	0.00275516261581 	6317.56272208 	-81.9630524725 	-4.98527851987 	-0.132408291307 	-4.36139318649e-20
0.42 	0.00292887029289 	-8.82273611754e-20 	24.5986762004 	0.00602446627405 	4083.12953903 	-83.050157864 	-3.94502513356 	-0.319766332519 	1.48273251519e-21
0.42 	0.00439330543933 	-1.90935690334e-19 	30.2756472672 	0.00870081144672 	3479.63491137 	-84.0696087221 	-2.79458735427 	-0.529389247532 	-2.54572667112e-21
0.42 	0.00585774058577 	0 	34.3295916711 	0.0103041116952 	3331.64009538 	-84.8119294563 	-1.75111227491 	-0.714313067852 	3.76470527363e-21
0.42 	0.00732217573222 	6.93889390391e-19 	38.100278722 	0.0114455580807 	3328.8266464 	-85.4925496787 	-0.566544133833 	-0.917064617729 	-7.14782783836e-21
0.42 	0.00878661087866 	0 	41.6212842023 	0.0121707072784 	3419.79173849 	-86.1159071724 	0.788264776353 	-1.14104783716 	7.95669306861e-21
0.42 	0.0102510460251 	0 	44.8640227775 	0.0125299454184 	3580.5441508 	-86.6803705075 	2.34408430671 	-1.39042519606 	-8.94742913639e-21
0.42 	0.0117154811715 	-9.23936709259e-19 	47.7651414924 	0.0125678779742 	3800.57330206 	-87.1707109798 	4.1345637307 	-1.66971934569 	-7.26150197011e-21
0.42 	0.013179916318 	1.56125112838e-18 	49.6622503821 	0.0119607594556 	4002.65484498 	-87.4541252663 	5.66791856674 	-1.90277116405 	-5.63658725224e-22
0.42 	0.0146443514644 	9.83389526697e-19 	51.5848360427 	0.0105100638987 	4302.23750424 	-87.7147032164 	8.16534067304 	-2.27111085892 	-4.60730193538e-21
0.42 	0.0161087866109 	2.36384424502e-18 	51.85033722 	0.00977422266658 	4487.58751428 	-83.9719299702 	10.7107878295 	-2.66243904866 	3.45029257663e-21
0.42 	0.0175732217573 	2.64903144091e-18 	50.8659653704 	0.00913593777699 	4580.70915794 	-84.0256581915 	13.1434398555 	-2.98711128722 	-2.77576366607e-21
0.42 	0.0190376569038 	2.01668718891e-18 	49.1890001686 	0.00865178623259 	4636.01860198 	-87.7789673366 	15.4238404905 	-3.25135211008 	-4.81513122968e-21
0.42 	0.0205020920502 	1.76086057608e-18 	45.6116104736 	0.008266156212 	4610.98467961 	-87.7556213442 	18.170408303 	-3.58264706593 	-6.76345520457e-22
0.42 	0.0219665271967 	1.11022302463e-18 	42.5388540292 	0.00808384280121 	4570.55672159 	-87.7917071025 	20.0095331753 	-3.79426452878 	-7.81180525409e-22
0.42 	0.0234309623431 	-1.02197906774e-18 	37.1430256788 	0.00782611185827 	4492.06704884 	-87.9641079365 	22.7292492234 	-4.09749127419 	2.8134485626e-22
0.42 	0.0248953974895 	-1.52655665886e-18 	33.0670925661 	0.00746444339121 	4429.94753032 	-88.0595179051 	24.5243822479 	-4.2917739058 	4.59298482164e-22
0.42 	0.026359832636 	-8.95927837786e-19 	25.8404159689 	0.00604013482501 	4278.11906812 	-87.9706318587 	27.3193723321 	-4.56811252502 	2.00125832295e-22
0.42 	0.0278242677824 	-1.52655665886e-18 	20.3066047632 	0.00497472499661 	4081.95523915 	-87.9131736217 	29.2263506426 	-4.73712913287 	2.11717460026e-22
0.42 	0.0292887029289 	-1.53024973564e-18 	11.8958227981 	0.00338335266569 	3515.98664801 	-87.8399983192 	31.9371242152 	-4.95048888664 	5.99350420911e-22
0.42 	0.0307531380753 	-1.5435510916e-18 	7.3112793967 	0.00251402430161 	2908.19758266 	-87.8041144424 	33.436120228 	-5.04948455965 	-3.98080975329e-21
0.42 	0.0322175732218 	-1.07967732192e-18 	4.31687123936 	0.00194580499538 	2218.55286096 	-87.7864013587 	34.5423579561 	-5.10505612692 	2.70076477227e-21
0.42 	0.0336820083682 	-1.4224732503e-18 	2.76220671335 	0.00166800499193 	1655.99427263 	-87.7974267625 	35.303699649 	-5.12614522577 	-7.15576829929e-21
0.42 	0.0351464435146 	-1.97758476261e-18 	1.99386065533 	0.00153155704329 	1301.85203618 	-87.8312139727 	35.8709163495 	-5.12745391127 	3.6690353834e-21
0.42 	0.0366108786611 	-8.67361737988e-19 	1.53614620254 	0.00141533117939 	1085.36166299 	-87.9031177608 	36.339094224 	-5.1170687326 	-5.62004343203e-22
0.42 	0.0380753138075 	-1.21430643318e-18 	1.19642078779 	0.00128166049109 	933.492758887 	-88.0080954333 	36.7322729474 	-5.09617730432 	-4.1759882213e-22
0.42 	0.039539748954 	6.99210532023e-19 	0.918009681634 	0.00113181165963 	811.097565416 	-88.1480998257 	37.0431559362 	-5.06347274104 	2.61727935586e-20
0.42 	0.0410041841004 	1.21171455672e-18 	0.690422318266 	0.000978760007224 	705.405117874 	-88.3238942509 	37.258521262 	-5.0174339544 	-8.20956727314e-21
0.42 	0.0424686192469 	1.4802863372e-18 	0.49071437409 	0.000818242445166 	599.717573916 	-86.002963327 	37.3161158898 	-4.94407502514 	-4.15061001371e-21
0.42 	0.0439330543933 	1.56206810969e-19 	0.423194504938 	0.000756090964666 	559.713744398 	-86.1515117826 	37.3415718902 	-4.90987797977 	5.53243312743e-20
0.42 	0.0453974895397 	0 	0.329968210543 	0.000661392867603 	498.898955078 	-88.9213738846 	37.4247847565 	-4.85315397688 	2.09456456116e-20
0.42 	0.0468619246862 	1.09452213041e-18 	0.252932415678 	0.000576297438332 	438.892139465 	-89.2225794731 	37.4254721452 	-4.77929564814 	-3.55794414358e-21
0.42 	0.0483263598326 	8.67361737988e-19 	0.22509811762 	0.000543929876572 	413.836649384 	-89.3861983168 	37.4267700117 	-4.7424670554 	5.55529361517e-21
0.42 	0.0497907949791 	2.06736125547e-19 	0.183021557691 	0.000496319187791 	368.757771598 	-87.4203767214 	37.3734025186 	-4.65276990015 	-7.87756602147e-20
0.42 	0.0512552301255 	8.49564964491e-19 	0.164338612229 	0.000477869686013 	343.898382842 	-90.127332355 	37.44785749 	-4.59614923478 	5.93010896363e-22
0.42 	0.052719665272 	-2.56739074445e-18 	0.15768683249 	0.000474218966565 	332.519033627 	-90.334429961 	37.4548883996 	-4.55948792442 	-1.32433744882e-20
0.42 	0.0541841004184 	4.19843321373e-19 	0.150045714845 	0.000476941907828 	314.599561042 	-90.7748998164 	37.4695711494 	-4.48588096221 	-1.56308323054e-20
0.42 	0.0556485355649 	0 	0.148152156849 	0.000481905345542 	307.429992672 	-91.0082339269 	37.4772447663 	-4.44893191764 	2.16686736124e-20
0.42 	0.0571129707113 	-1.93365610013e-19 	0.146631189724 	0.000496306203027 	295.445007195 	-91.50087974 	37.493325758 	-4.37472680242 	-3.60883084005e-20
0.42 	0.0585774058577 	0 	0.146583306047 	0.000504975986662 	290.277775416 	-91.7600567764 	37.50172817 	-4.33746007503 	3.6107223881e-20
0.42 	0.0600418410042 	8.67361737988e-19 	0.146818593839 	0.000514269538366 	285.489578687 	-92.0276904465 	37.5103618378 	-4.30007620364 	-3.59739139348e-20
0.42 	0.0615062761506 	-7.85735002735e-19 	0.147890203036 	0.000536540631249 	275.636539755 	-90.5328764859 	37.4742621872 	-4.20725334638 	1.07009555995e-19
0.42 	0.0629707112971 	-5.36978632439e-19 	0.148513405876 	0.000546809969137 	271.599667632 	-90.8444705154 	37.4840862532 	-4.16944223862 	-2.14653555546e-20
0.42 	0.0644351464435 	8.67361737988e-19 	0.149058954398 	0.000554775336869 	268.683455251 	-93.1806598436 	37.5470816436 	-4.14925655744 	1.71785501865e-20
0.42 	0.06589958159 	9.29977019307e-19 	0.150513121451 	0.000578323342069 	260.257732141 	-91.8243628363 	37.5147308865 	-4.05520313826 	-6.06439896928e-20
0.42 	0.0673640167364 	2.42861286637e-19 	0.151067488383 	0.000586579878541 	257.53949958 	-94.1284207205 	37.5768048931 	-4.03464041331 	2.84017877278e-21
0.42 	0.0688284518828 	2.77555756156e-19 	0.151708948534 	0.000597238153256 	254.017509945 	-94.4593986046 	37.5871195666 	-3.99612071458 	3.07689078048e-20
0.42 	0.0702928870293 	-1.58297205558e-19 	0.152904718284 	0.000618480479869 	247.226425507 	-95.1429879375 	37.6083585189 	-3.918578241 	2.78805972898e-20
0.42 	0.0717573221757 	1.22993306394e-20 	0.153448845725 	0.000629015455162 	243.950835334 	-95.4952592872 	37.6192824473 	-3.87954476572 	-7.44644757077e-22
0.42 	0.0732217573222 	0 	0.153951487879 	0.000639460425678 	240.752174329 	-95.8542776688 	37.6304083007 	-3.84032917622 	-1.34154519109e-20
0.42 	0.0746861924686 	6.86050334991e-19 	0.154465304024 	0.000651847018562 	236.965575704 	-94.3555514793 	37.5929821368 	-3.78325796945 	1.31603926586e-19
0.42 	0.0761506276151 	7.20642133916e-19 	0.154865229111 	0.000661976632119 	233.943649363 	-94.7427420507 	37.6049241435 	-3.74371265053 	-7.66306400609e-20
0.42 	0.0776150627615 	2.11200734369e-18 	0.155475906392 	0.000679836403166 	228.696059329 	-97.3540013212 	37.6768775347 	-3.68153119698 	-1.44898294945e-20
0.42 	0.0790794979079 	-5.520340582e-19 	0.155718643881 	0.000689446279588 	225.860445537 	-97.7438329274 	37.6889633864 	-3.64131805492 	-4.52846393866e-20
0.42 	0.0805439330544 	-4.89150420238e-19 	0.155899120022 	0.00069880467374 	223.093985889 	-98.1391973092 	37.7012246514 	-3.60088727411 	4.46841450868e-20
0.42 	0.0820083682008 	3.57683253109e-19 	0.156013477852 	0.000707879209503 	220.395620831 	-98.5398694438 	37.7136549779 	-3.5602327576 	-4.57559875991e-21
0.42 	0.0834728033473 	3.88101479188e-19 	0.156057430295 	0.000716634694915 	217.764268745 	-98.9456179236 	37.7262485423 	-3.51934848455 	-5.16913842063e-20
0.42 	0.0849372384937 	-1.97758476261e-18 	0.156026120211 	0.00072503248488 	215.198799316 	-99.3562050591 	37.7390004069 	-3.47822854856 	4.17112272974e-20
0.42 	0.0864016736402 	1.11022302463e-18 	0.15591395475 	0.000733028566525 	212.69833383 	-99.7713870218 	37.7519067682 	-3.43686717703 	-1.43622340228e-20
0.42 	0.0878661087866 	-5.20417042793e-19 	0.155714343537 	0.000740574399169 	210.261580351 	-100.190913967 	37.7649651137 	-3.39525874613 	-1.76961188962e-21
0.42 	0.0893305439331 	1.11022302463e-18 	0.155419633734 	0.000747614323159 	207.887448006 	-100.614530256 	37.7781742767 	-3.35339778397 	1.43888034675e-20
0.42 	0.0907949790795 	-7.6327832943e-19 	0.155020978603 	0.000754085370542 	205.574838949 	-101.041974629 	37.7915344192 	-3.31127895414 	5.86432234094e-21
0.42 	0.0922594142259 	-5.55111512313e-19 	0.154508322333 	0.000759916646505 	203.322723675 	-101.472980398 	37.8050472237 	-3.26889705762 	4.5958507047e-21
0.42 	0.0937238493724 	-5.55111512313e-19 	0.153870589646 	0.000765029700502 	201.130216964 	-101.907275696 	37.8187170659 	-3.22624713379 	5.84712750601e-21
0.42 	0.0951882845188 	-5.55111512313e-19 	0.153096135023 	0.000769340224091 	198.996660033 	-102.344583683 	37.8325541328 	-3.18332478466 	-1.50621309728e-20
0.42 	0.0966527196653 	-5.55111512313e-19 	0.152173490453 	0.000772761486259 	196.92168044 	-102.784622653 	37.8465794321 	-3.14012671635 	4.40619066948e-21
0.42 	0.0981171548117 	-8.67361737988e-19 	0.151092394003 	0.000775209667326 	194.905198389 	-103.227105893 	37.8608287877 	-3.09665117462 	1.92271041953e-20
0.42 	0.0995815899582 	-4.3865587269e-19 	0.149845017049 	0.000776610841782 	192.947366927 	-103.671741256 	37.8753493873 	-3.05289757331 	-1.26470647522e-20
0.42 	0.101046025105 	9.9083184038e-19 	0.148427201478 	0.00077690903322 	191.048366194 	-104.118230518 	37.8901819374 	-3.00886462843 	-1.38030694862e-20
0.42 	0.102510460251 	-3.52940066569e-19 	0.146839406175 	0.000776074521271 	189.207868768 	-104.566268874 	37.9053281615 	-2.96454716385 	-2.2019638393e-20
0.42 	0.103974895397 	-6.62316518886e-19 	0.145087576229 	0.000774110367524 	187.424923262 	-105.015544911 	37.9207167416 	-2.91993314317 	3.08013302653e-20
0.42 	0.105439330544 	-1.22972820534e-18 	0.143183674585 	0.000771056916452 	185.697931671 	-105.465740959 	37.9361914619 	-2.87500330692 	-1.29973236059e-20
0.42 	0.10690376569 	-1.56125112838e-18 	0.143183674585 	0.000771056916452 	185.697931671 	-105.465740959 	37.9361914619 	-2.87500330692 	-1.29973236059e-20
0.42 	0.108368200837 	7.08140757982e-20 	0.140925415515 	0.000766784817039 	183.787436036 	-104.336931151 	37.9105012514 	-2.81509868958 	4.80524464524e-20
0.42 	0.109832635983 	0 	0.138996923768 	0.00076203159141 	182.403098946 	-106.367593177 	37.9665628243 	-2.78410770582 	-1.14963053568e-20
0.42 	0.11129707113 	0 	0.136764583598 	0.000756313497886 	180.830547095 	-106.818584803 	37.9811390416 	-2.7381105612 	2.68517441148e-20
0.42 	0.112761506276 	3.10908910968e-19 	0.134477714095 	0.000749994386943 	179.304960725 	-107.269167797 	37.9952672123 	-2.69174204969 	-1.79005512075e-20
0.42 	0.114225941423 	3.36895657599e-19 	0.132165101229 	0.00074323343523 	177.824482812 	-107.718998042 	38.0090425916 	-2.64500756369 	-1.95441335035e-20
0.42 	0.115690376569 	-7.76737602133e-20 	0.129853435647 	0.0007361821619 	176.387642037 	-108.167730631 	38.0225980427 	-2.59791356648 	1.34756492999e-21
0.42 	0.117154811715 	0 	0.129853435647 	0.0007361821619 	176.387642037 	-108.167730631 	38.0225980427 	-2.59791356648 	1.34756492999e-21
0.42 	0.118619246862 	1.73472347598e-19 	0.127565986705 	0.00072897605711 	174.993383473 	-108.615022619 	38.0360432681 	-2.55046318569 	4.17602722088e-21
0.42 	0.120083682008 	5.18326443624e-19 	0.125321839367 	0.000721729416149 	173.64103023 	-109.060534568 	38.0494343116 	-2.50265499325 	2.91408209479e-20
0.42 	0.121548117155 	-1.77615413625e-20 	0.122959628443 	0.00071420950841 	172.161847462 	-108.00031393 	38.0235543595 	-2.44161595767 	-1.52864341438e-19
0.42 	0.123012552301 	5.14058129865e-19 	0.121017842125 	0.000707456089517 	171.060570286 	-109.944877913 	38.0760575155 	-2.40594566318 	-1.36125485378e-20
0.42 	0.124476987448 	0 	0.121017842125 	0.000707456089517 	171.060570286 	-109.944877913 	38.0760575155 	-2.40594566318 	-1.36125485378e-20
0.42 	0.125941422594 	1.73472347598e-19 	0.118975053346 	0.000700545860299 	169.831926914 	-110.383045937 	38.0892492263 	-2.3570333788 	-1.27673653048e-20
0.42 	0.127405857741 	3.48354558308e-19 	0.117010832277 	0.000693833857005 	168.64387792 	-110.818106671 	38.1023367962 	-2.30774264521 	1.36900235939e-20
0.42 	0.128870292887 	4.00081558052e-19 	0.115126357799 	0.000687338328007 	167.495908649 	-111.249734955 	38.1153089403 	-2.258068912 	2.25365848274e-20
0.42 	0.130334728033 	0 	0.115126357799 	0.000687338328007 	167.495908649 	-111.249734955 	38.1153089403 	-2.258068912 	2.25365848274e-20
0.42 	0.13179916318 	-3.81639164715e-19 	0.113321142516 	0.000681068166126 	166.387372296 	-111.677609088 	38.128156626 	-2.20800769685 	-1.19278262391e-20
0.42 	0.133263598326 	-6.66523355574e-19 	0.111593620217 	0.000675025965019 	165.317522583 	-112.101411394 	38.1408708243 	-2.15755446961 	-2.23113541627e-20
0.42 	0.134728033473 	-1.14667178547e-18 	0.109941588351 	0.000669210341268 	164.285549059 	-112.520828728 	38.1534420035 	-2.10670464428 	-1.22991420941e-20
0.42 	0.136192468619 	-6.93889390391e-20 	0.109941588351 	0.000669210341268 	164.285549059 	-112.520828728 	38.1534420035 	-2.10670464428 	-1.22991420941e-20
0.42 	0.137656903766 	5.00208760172e-19 	0.108362512853 	0.000663617558098 	163.290605456 	-112.935552988 	38.1658604377 	-2.05545359034 	4.388969581e-20
0.42 	0.139121338912 	-6.7695878289e-20 	0.106759881595 	0.000658133867601 	162.216057933 	-111.918728305 	38.1408402592 	-1.99317137151 	7.87504007835e-21
0.42 	0.140585774059 	-5.10121725587e-20 	0.106759881595 	0.000658133867601 	162.216057933 	-111.918728305 	38.1408402592 	-1.99317137151 	7.87504007835e-21
0.42 	0.142050209205 	1.35308431126e-18 	0.105412526814 	0.000653079742159 	161.408354921 	-113.749718401 	38.1902008335 	-1.95172899306 	-1.12374142208e-20
0.42 	0.143514644351 	-7.18228529698e-19 	0.104036272798 	0.000648123071616 	160.519317015 	-114.148573632 	38.2021041938 	-1.89924583108 	5.41698943183e-20
0.42 	0.144979079498 	3.55119298045e-19 	0.103955292043 	0.000648050958344 	160.412218676 	-112.738091296 	38.1652326609 	-1.88913620592 	1.99441249121e-19
0.42 	0.146443514644 	0 	0.102722398273 	0.000643366595252 	159.663866653 	-114.541565142 	38.2138175783 	-1.84634214694 	-5.20818418081e-20
0.42 	0.147907949791 	-1.48362015214e-19 	0.101468507742 	0.000638804650276 	158.841216478 	-114.928418655 	38.2253321829 	-1.79301278519 	-2.67273391282e-20
0.42 	0.149372384937 	0 	0.101468507742 	0.000638804650276 	158.841216478 	-114.928418655 	38.2253321829 	-1.79301278519 	-2.67273391282e-20
0.42 	0.150836820084 	2.42861286637e-19 	0.100272229618 	0.000634431418972 	158.050541981 	-115.30886842 	38.2366394284 	-1.73925239353 	2.60542524195e-20
0.42 	0.15230125523 	-6.60574506954e-19 	0.0991312984353 	0.000630241238144 	157.291037837 	-115.682657765 	38.2477309528 	-1.68505538649 	4.5555822998e-20
0.42 	0.153765690377 	-3.12250225676e-19 	0.0991312984353 	0.000630241238144 	157.291037837 	-115.682657765 	38.2477309528 	-1.68505538649 	4.5555822998e-20
0.42 	0.155230125523 	-1.81834343868e-20 	0.0980435697768 	0.000626228676426 	156.56192932 	-116.049539624 	38.2585986265 	-1.63041591078 	-9.64664411433e-21
0.42 	0.156694560669 	-2.25800307588e-19 	0.0970070019373 	0.000622388484509 	155.862462677 	-116.409277024 	38.2692345705 	-1.57532779959 	-7.17010725546e-21
0.42 	0.158158995816 	0 	0.0970070019373 	0.000622388484509 	155.862462677 	-116.409277024 	38.2692345705 	-1.57532779959 	-7.17010725546e-21
0.42 	0.159623430962 	5.29475956667e-19 	0.0960196509443 	0.000618715590423 	155.191904698 	-116.761643655 	38.2796311662 	-1.51978453265 	-1.63982391292e-20
0.42 	0.161087866109 	-5.55111512313e-19 	0.0960196509443 	0.000618715590423 	155.191904698 	-116.761643655 	38.2796311662 	-1.51978453265 	-1.63982391292e-20
0.42 	0.162552301255 	-5.55111512313e-19 	0.0950796670636 	0.000615205099295 	154.549543189 	-117.106424145 	38.2897810637 	-1.46377917945 	-5.43221639916e-20
0.42 	0.164016736402 	-5.89650322023e-19 	0.094185291724 	0.00061185229335 	153.934687747 	-117.443414727 	38.2996771899 	-1.40730436879 	7.87607373849e-20
0.42 	0.165481171548 	-2.28983498829e-18 	0.094185291724 	0.00061185229335 	153.934687747 	-117.443414727 	38.2996771899 	-1.40730436879 	7.87607373849e-20
0.42 	0.166945606695 	6.5287493268e-19 	0.0933348543322 	0.000608652628331 	153.346670971 	-117.772423199 	38.3093127544 	-1.35035219704 	-6.35054289664e-20
0.42 	0.168410041841 	-5.55111512313e-19 	0.0933348543322 	0.000608652628331 	153.346670971 	-117.772423199 	38.3093127544 	-1.35035219704 	-6.35054289664e-20
0.42 	0.169874476987 	0 	0.0925267697989 	0.000605601722003 	152.784852548 	-118.093269936 	38.3186812539 	-1.29291423559 	7.95536757744e-20
0.42 	0.171338912134 	-1.65269636576e-19 	0.091759534868 	0.000602695328696 	152.248624635 	-118.40578695 	38.3277764742 	-1.23498136119 	-5.97753551666e-20
0.42 	0.17280334728 	-5.55111512313e-19 	0.091759534868 	0.000602695328696 	152.248624635 	-118.40578695 	38.3277764742 	-1.23498136119 	-5.97753551666e-20
0.42 	0.174267782427 	-1.44912540229e-19 	0.0910317276299 	0.000599929489379 	151.737377878 	-118.709820193 	38.3365924928 	-1.1765438756 	1.62231989325e-20
0.42 	0.175732217573 	0 	0.0910317276299 	0.000599929489379 	151.737377878 	-118.709820193 	38.3365924928 	-1.1765438756 	1.62231989325e-20
0.42 	0.17719665272 	-8.27926292474e-19 	0.0903420037957 	0.000597300385316 	151.250536609 	-119.005226226 	38.3451236738 	-1.11759112529 	-2.60636572786e-20
0.42 	0.178661087866 	3.12250225676e-19 	0.0903420037957 	0.000597300385316 	151.250536609 	-119.005226226 	38.3451236738 	-1.11759112529 	-2.60636572786e-20
0.42 	0.180125523013 	-1.4224732503e-18 	0.0896890970564 	0.00059480438516 	150.787551831 	-119.291878121 	38.353364672 	-1.05811195391 	2.3908153451e-20
0.42 	0.181589958159 	-3.6522240223e-19 	0.0890718133236 	0.000592438036377 	150.347897762 	-119.569655856 	38.3613104113 	-0.998093753173 	-3.3084892766e-21
0.42 	0.183054393305 	1.11022302463e-18 	0.0890718133236 	0.000592438036377 	150.347897762 	-119.569655856 	38.3613104113 	-0.998093753173 	-3.3084892766e-21
0.42 	0.184518828452 	5.34600094894e-19 	0.0884890362957 	0.000590198095649 	149.931077291 	-119.838462141 	38.3689561054 	-0.937523824609 	-4.08229429329e-20
0.42 	0.185983263598 	0 	0.0884890362957 	0.000590198095649 	149.931077291 	-119.838462141 	38.3689561054 	-0.937523824609 	-4.08229429329e-20
0.42 	0.187447698745 	8.30479541039e-19 	0.0879397150541 	0.000588081491167 	149.536614185 	-120.098196425 	38.3762971923 	-0.876386929523 	5.12535513748e-20
0.42 	0.188912133891 	8.67361737988e-19 	0.0879397150541 	0.000588081491167 	149.536614185 	-120.098196425 	38.3762971923 	-0.876386929523 	5.12535513748e-20
0.42 	0.190376569038 	-5.87887901428e-19 	0.0874228810273 	0.000586085390443 	149.164067989 	-120.348796601 	38.3833294184 	-0.814669050297 	-1.76858614256e-20
0.42 	0.191841004184 	-2.42861286637e-19 	0.0874228810273 	0.000586085390443 	149.164067989 	-120.348796601 	38.3833294184 	-0.814669050297 	-1.76858614256e-20
0.42 	0.193305439331 	4.16734011952e-19 	0.0869376185825 	0.000584207094549 	148.813014073 	-120.590171393 	38.3900486463 	-0.752351075491 	-5.3347837468e-21
0.42 	0.194769874477 	0 	0.0869376185825 	0.000584207094549 	148.813014073 	-120.590171393 	38.3900486463 	-0.752351075491 	-5.3347837468e-21
0.42 	0.196234309623 	-9.78915235954e-20 	0.0864831097257 	0.000582444205533 	148.483080275 	-120.822307392 	38.3964511385 	-0.689418677855 	-3.32416009199e-20
0.42 	0.19769874477 	0 	0.0864831097257 	0.000582444205533 	148.483080275 	-120.822307392 	38.3964511385 	-0.689418677855 	-3.32416009199e-20
0.42 	0.199163179916 	-2.62676155019e-19 	0.0860585627797 	0.000580794363362 	148.173894598 	-121.04509856 	38.4025330117 	-0.625846326673 	-1.48644265267e-20
0.42 	0.200627615063 	0 	0.0860585627797 	0.000580794363362 	148.173894598 	-121.04509856 	38.4025330117 	-0.625846326673 	-1.48644265267e-20
0.42 	0.202092050209 	-1.25399483232e-19 	0.0856633234066 	0.000579255662141 	147.885172309 	-121.258612872 	38.4082910839 	-0.561622281709 	1.01852156231e-19
0.42 	0.203556485356 	0 	0.0856633234066 	0.000579255662141 	147.885172309 	-121.258612872 	38.4082910839 	-0.561622281709 	1.01852156231e-19
0.42 	0.205020920502 	-2.23899030033e-19 	0.0852967031081 	0.000577826014039 	147.616585332 	-121.462674865 	38.4137213899 	-0.496709090414 	-4.59950844773e-20
0.42 	0.206485355649 	-1.73472347598e-19 	0.0852967031081 	0.000577826014039 	147.616585332 	-121.462674865 	38.4137213899 	-0.496709090414 	-4.59950844773e-20
0.42 	0.207949790795 	-1.13070535112e-18 	0.0849582449414 	0.000576504147005 	147.36796844 	-121.657510162 	38.4188215173 	-0.431104820221 	-5.95164914279e-20
0.42 	0.209414225941 	7.49872779158e-19 	0.0849478672335 	0.000576641478322 	147.314874887 	-120.39748232 	38.3857563637 	-0.426941614831 	-3.50526791649e-19
0.42 	0.210878661088 	-4.60644065068e-19 	0.0846473194218 	0.000575288095305 	147.139007591 	-121.84275294 	38.4235867378 	-0.364748052517 	6.08139461583e-20
0.42 	0.212343096234 	-5.55111512313e-19 	0.0846473194218 	0.000575288095305 	147.139007591 	-121.84275294 	38.4235867378 	-0.364748052517 	6.08139461583e-20
0.42 	0.213807531381 	-5.03619172289e-19 	0.0843637424173 	0.000574177521251 	146.929719982 	-122.018957406 	38.4280160528 	-0.297663411485 	4.87728071843e-20
0.42 	0.215271966527 	9.1566850483e-20 	0.0843554960768 	0.000574321684588 	146.878480023 	-120.763912701 	38.3950782998 	-0.293887099455 	-1.86506598503e-19
0.42 	0.216736401674 	-6.30283272309e-20 	0.0840995996334 	0.00057331764868 	146.689361172 	-120.932176233 	38.3992133018 	-0.226151570122 	1.53514912587e-20
0.42 	0.21820083682 	-1.4224732503e-18 	0.0841068461432 	0.000573170226424 	146.739733269 	-122.185307069 	38.4321025639 	-0.229739410548 	-4.08729125724e-20
0.42 	0.219665271967 	7.57845292947e-21 	0.0838768788632 	0.000572267420274 	146.569376295 	-122.343053316 	38.4358482857 	-0.161064235346 	-1.07867010382e-20
0.42 	0.221129707113 	0 	0.0838768788632 	0.000572267420274 	146.569376295 	-122.343053316 	38.4358482857 	-0.161064235346 	-1.07867010382e-20
0.42 	0.222594142259 	-6.48356048315e-19 	0.0836675728003 	0.000571619596838 	146.369321946 	-121.239599272 	38.4064115469 	-0.0881966336383 	-1.20068778373e-19
0.42 	0.224058577406 	9.6548122325e-19 	0.0836675728003 	0.000571619596838 	146.369321946 	-121.239599272 	38.4064115469 	-0.0881966336383 	-1.20068778373e-19
0.42 	0.225523012552 	-9.6345908403e-21 	0.0834959892985 	0.000570769595931 	146.286680114 	-122.630016412 	38.4422900831 	-0.0210399240123 	6.10700126476e-20
0.42 	0.226987447699 	-2.05919320773e-20 	0.0834959892985 	0.000570769595931 	146.286680114 	-122.630016412 	38.4422900831 	-0.0210399240123 	6.10700126476e-20
0.42 	0.228451882845 	0 	0.0834959892985 	0.000570769595931 	146.286680114 	-122.630016412 	38.4422900831 	-0.0210399240123 	6.10700126476e-20
0.42 	0.229916317992 	2.13631678446e-19 	0.08334448093 	0.000570172690643 	146.174101808 	-122.758041742 	38.4449720279 	0.0505154628471 	-1.07016561732e-19
0.42 	0.231380753138 	0 	0.08334448093 	0.000570172690643 	146.174101808 	-122.758041742 	38.4449720279 	0.0505154628471 	-1.07016561732e-19
0.42 	0.232845188285 	-4.04090325444e-19 	0.0832208311763 	0.000569684446496 	146.082329767 	-122.880167453 	38.4473095839 	0.122711960656 	1.16914321028e-19
0.42 	0.234309623431 	0 	0.0832208311763 	0.000569684446496 	146.082329767 	-122.880167453 	38.4473095839 	0.122711960656 	1.16914321028e-19
0.42 	0.235774058577 	-8.98306795627e-19 	0.0831218436766 	0.00056929278504 	146.00895332 	-122.988246511 	38.4492582809 	0.196434232129 	-8.12782017921e-20
0.42 	0.237238493724 	1.11022302463e-18 	0.0831218436766 	0.00056929278504 	146.00895332 	-122.988246511 	38.4492582809 	0.196434232129 	-8.12782017921e-20
0.42 	0.23870292887 	5.52383361145e-19 	0.0830527006046 	0.000569017262744 	145.958138781 	-123.093919023 	38.4508693696 	0.270528530285 	-8.14015147312e-21
0.42 	0.240167364017 	-1.18875389833e-18 	0.0830527006046 	0.000569017262744 	145.958138781 	-123.093919023 	38.4508693696 	0.270528530285 	-8.14015147312e-21
0.42 	0.241631799163 	4.26798768209e-19 	0.0830517673522 	0.000569186429131 	145.913119326 	-121.838947571 	38.4179340639 	0.272917574718 	1.23824081051e-19
0.42 	0.24309623431 	2.52049247267e-19 	0.0830068373851 	0.000568832838568 	145.924833725 	-123.180761691 	38.4520561277 	0.346769334849 	-5.61304247661e-20
0.42 	0.244560669456 	0 	0.0830068373851 	0.000568832838568 	145.924833725 	-123.180761691 	38.4520561277 	0.346769334849 	-5.61304247661e-20
0.42 	0.246025104603 	-8.24945987213e-19 	0.082994683569 	0.000568778720835 	145.917349804 	-123.271772177 	38.452913444 	0.422778439255 	6.8598756729e-20
0.42 	0.247489539749 	1.97758476261e-18 	0.082994683569 	0.000568778720835 	145.917349804 	-123.271772177 	38.452913444 	0.422778439255 	6.8598756729e-20
0.42 	0.248953974895 	0 	0.082994683569 	0.000568778720835 	145.917349804 	-123.271772177 	38.452913444 	0.422778439255 	6.8598756729e-20
0.42 	0.250418410042 	-1.54311952369e-18 	0.0830029611881 	0.000568804099526 	145.925391989 	-123.334987162 	38.4532831131 	0.502043652013 	4.38285597879e-20
0.42 	0.251882845188 	0 	0.0830029611881 	0.000568804099526 	145.925391989 	-123.334987162 	38.4532831131 	0.502043652013 	4.38285597879e-20
0.42 	0.253347280335 	7.23958593009e-19 	0.0830520869587 	0.00056898550111 	145.965207895 	-123.41432328 	38.4533738789 	0.579854627426 	-5.24365992971e-20
0.42 	0.254811715481 	0 	0.0830520869587 	0.00056898550111 	145.965207895 	-123.41432328 	38.4533738789 	0.579854627426 	-5.24365992971e-20
0.42 	0.256276150628 	0 	0.0830520869587 	0.00056898550111 	145.965207895 	-123.41432328 	38.4533738789 	0.579854627426 	-5.24365992971e-20
0.42 	0.257740585774 	3.86392864155e-20 	0.0831156649755 	0.000569221867031 	146.016289587 	-123.449779609 	38.4529149376 	0.662891237635 	-7.29874091313e-21
0.42 	0.259205020921 	0 	0.0831156649755 	0.000569221867031 	146.016289587 	-123.449779609 	38.4529149376 	0.662891237635 	-7.29874091313e-21
0.42 	0.260669456067 	-6.30177253095e-19 	0.0832325656162 	0.000569658503856 	146.109581535 	-123.522235688 	38.4522322971 	0.742164276721 	-4.21369627557e-20
0.42 	0.262133891213 	1.11022302463e-18 	0.0832325656162 	0.000569658503856 	146.109581535 	-123.522235688 	38.4522322971 	0.742164276721 	-4.21369627557e-20
0.42 	0.26359832636 	-1.14491749414e-18 	0.0832325656162 	0.000569658503856 	146.109581535 	-123.522235688 	38.4522322971 	0.742164276721 	-4.21369627557e-20
0.42 	0.265062761506 	3.04307760472e-19 	0.0833520566255 	0.000570101076002 	146.205752162 	-123.52327624 	38.4508546742 	0.830087805403 	1.48902695795e-19
0.42 	0.266527196653 	2.77555756156e-19 	0.0833520566255 	0.000570101076002 	146.205752162 	-123.52327624 	38.4508546742 	0.830087805403 	1.48902695795e-19
0.42 	0.267991631799 	-3.07079012407e-20 	0.0835467070884 	0.000570819669436 	146.362698347 	-123.596162395 	38.4493188174 	0.910115634364 	-1.03633733018e-19
0.42 	0.269456066946 	0 	0.0835467070884 	0.000570819669436 	146.362698347 	-123.596162395 	38.4493188174 	0.910115634364 	-1.03633733018e-19
0.42 	0.270920502092 	-8.67361737988e-19 	0.0835467070884 	0.000570819669436 	146.362698347 	-123.596162395 	38.4493188174 	0.910115634364 	-1.03633733018e-19
0.42 	0.272384937238 	1.12006044183e-19 	0.083721521989 	0.00057145011773 	146.507139278 	-123.552802556 	38.4469454087 	1.00457639698 	6.67345315056e-20
0.42 	0.273849372385 	0 	0.083721521989 	0.00057145011773 	146.507139278 	-123.552802556 	38.4469454087 	1.00457639698 	6.67345315056e-20
0.42 	0.275313807531 	3.70751989263e-19 	0.0840082435255 	0.000572478664048 	146.74475889 	-123.636468365 	38.4444912946 	1.08411250577 	-3.97939445301e-20
0.42 	0.276778242678 	4.05676890218e-19 	0.0840082435255 	0.000572478664048 	146.74475889 	-123.636468365 	38.4444912946 	1.08411250577 	-3.97939445301e-20
0.42 	0.278242677824 	0 	0.0840082435255 	0.000572478664048 	146.74475889 	-123.636468365 	38.4444912946 	1.08411250577 	-3.97939445301e-20
0.42 	0.279707112971 	1.07448114096e-18 	0.0842335723425 	0.000573238979172 	146.943204149 	-123.5349673 	38.4410770093 	1.18748997723 	1.09560780782e-20
0.42 	0.281171548117 	-5.55111512313e-19 	0.0842335723425 	0.000573238979172 	146.943204149 	-123.5349673 	38.4410770093 	1.18748997723 	1.09560780782e-20
0.42 	0.282635983264 	0 	0.0842335723425 	0.000573238979172 	146.943204149 	-123.5349673 	38.4410770093 	1.18748997723 	1.09560780782e-20
0.42 	0.28410041841 	-1.26638343751e-19 	0.0846283224641 	0.00057456859727 	147.290198013 	-123.642629575 	38.4375555 	1.2645677677 	5.68830279549e-20
0.42 	0.285564853556 	0 	0.0846283224641 	0.00057456859727 	147.290198013 	-123.642629575 	38.4375555 	1.2645677677 	5.68830279549e-20
0.42 	0.287029288703 	-1.74154944897e-19 	0.0848784006753 	0.000575248819979 	147.550760171 	-123.466142517 	38.4330859631 	1.38014060233 	-2.20798117565e-20
0.42 	0.288493723849 	3.58187631017e-19 	0.0848784006753 	0.000575248819979 	147.550760171 	-123.466142517 	38.4330859631 	1.38014060233 	-2.20798117565e-20
0.42 	0.289958158996 	0 	0.0848784006753 	0.000575248819979 	147.550760171 	-123.466142517 	38.4330859631 	1.38014060233 	-2.20798117565e-20
0.42 	0.291422594142 	-2.59586781899e-19 	0.085356319441 	0.000576578591245 	148.039349253 	-123.612116322 	38.4281352988 	1.45195484222 	-6.34268087777e-20
0.42 	0.292887029289 	-6.67350824542e-19 	0.085356319441 	0.000576578591245 	148.039349253 	-123.612116322 	38.4281352988 	1.45195484222 	-6.34268087777e-20
0.42 	0.294351464435 	0 	0.085356319441 	0.000576578591245 	148.039349253 	-123.612116322 	38.4281352988 	1.45195484222 	-6.34268087777e-20
0.42 	0.295815899582 	3.34637900556e-19 	0.0854736716918 	0.000576238113827 	148.330472492 	-123.343487531 	38.4226331287 	1.58395446749 	-3.08831525139e-20
0.42 	0.297280334728 	2.16781743583e-19 	0.0854736716918 	0.000576238113827 	148.330472492 	-123.343487531 	38.4226331287 	1.58395446749 	-3.08831525139e-20
0.42 	0.298744769874 	0 	0.0854736716918 	0.000576238113827 	148.330472492 	-123.343487531 	38.4226331287 	1.58395446749 	-3.08831525139e-20
0.42 	0.300209205021 	-2.6506116058e-19 	0.0857720648858 	0.000575949948465 	148.92277552 	-123.538745629 	38.4155970089 	1.64692744785 	5.1852883242e-20
0.42 	0.301673640167 	-5.55111512313e-19 	0.0857720648858 	0.000575949948465 	148.92277552 	-123.538745629 	38.4155970089 	1.64692744785 	5.1852883242e-20
0.42 	0.303138075314 	0 	0.0857720648858 	0.000575949948465 	148.92277552 	-123.538745629 	38.4155970089 	1.64692744785 	5.1852883242e-20
0.42 	0.30460251046 	-1.55569153253e-18 	0.0850967959936 	0.00057112718468 	148.997978517 	-123.165750667 	38.40943962 	1.80032556306 	-3.00788677314e-20
0.42 	0.306066945607 	1.04083408559e-19 	0.0850967959936 	0.00057112718468 	148.997978517 	-123.165750667 	38.40943962 	1.80032556306 	-3.00788677314e-20
0.42 	0.307531380753 	1.04083408559e-19 	0.0850967959936 	0.00057112718468 	148.997978517 	-123.165750667 	38.40943962 	1.80032556306 	-3.00788677314e-20
0.42 	0.3089958159 	8.68868545685e-19 	0.0844958167557 	0.00055313043391 	149.580679105 	-123.403758841 	38.3994559386 	1.85055036434 	3.9440974581e-20
0.42 	0.310460251046 	0 	0.0844958167557 	0.00055313043391 	149.580679105 	-123.403758841 	38.3994559386 	1.85055036434 	3.9440974581e-20
0.42 	0.311924686192 	0 	0.0844958167557 	0.00055313043391 	149.580679105 	-123.403758841 	38.3994559386 	1.85055036434 	3.9440974581e-20
0.42 	0.313389121339 	-1.55863268809e-19 	0.0829280358446 	0.000553092332093 	149.935247756 	-122.934168114 	38.39416482 	2.03047035433 	-7.2446798195e-20
0.42 	0.314853556485 	-1.38777878078e-19 	0.0829280358446 	0.000553092332093 	149.935247756 	-122.934168114 	38.39416482 	2.03047035433 	-7.2446798195e-20
0.42 	0.316317991632 	-8.67361737988e-19 	0.0829280358446 	0.000553092332093 	149.935247756 	-122.934168114 	38.39416482 	2.03047035433 	-7.2446798195e-20
0.42 	0.317782426778 	-7.9622102606e-19 	0.0822777343152 	0.000542116911757 	151.771200143 	-123.195696374 	38.3811235451 	2.06479232322 	7.7545488697e-20
0.42 	0.319246861925 	0 	0.0822777343152 	0.000542116911757 	151.771200143 	-123.195696374 	38.3811235451 	2.06479232322 	7.7545488697e-20
0.42 	0.320711297071 	0 	0.0822777343152 	0.000542116911757 	151.771200143 	-123.195696374 	38.3811235451 	2.06479232322 	7.7545488697e-20
0.42 	0.322175732218 	-4.62470246389e-19 	0.0811556488247 	0.000529552227426 	153.253342393 	-122.679346312 	38.3747485307 	2.27475856477 	2.2232860253e-20
0.42 	0.323640167364 	-5.55111512313e-19 	0.0811556488247 	0.000529552227426 	153.253342393 	-122.679346312 	38.3747485307 	2.27475856477 	2.2232860253e-20
0.42 	0.32510460251 	0 	0.0811556488247 	0.000529552227426 	153.253342393 	-122.679346312 	38.3747485307 	2.27475856477 	2.2232860253e-20
0.42 	0.326569037657 	-6.81237685983e-19 	0.0803839783336 	0.000520355568975 	154.478943104 	-122.872489527 	38.3181619787 	2.29126489381 	-6.00288136913e-20
0.42 	0.328033472803 	8.67361737988e-19 	0.0803839783336 	0.000520355568975 	154.478943104 	-122.872489527 	38.3181619787 	2.29126489381 	-6.00288136913e-20
0.42 	0.32949790795 	-5.55111512313e-19 	0.0803839783336 	0.000520355568975 	154.478943104 	-122.872489527 	38.3181619787 	2.29126489381 	-6.00288136913e-20
0.42 	0.330962343096 	-1.34202220113e-19 	0.0789985111579 	0.000512040779599 	154.281678931 	-122.422085841 	38.4377268368 	2.53553550004 	8.25156610477e-20
0.42 	0.332426778243 	-6.53220640089e-20 	0.0789985111579 	0.000512040779599 	154.281678931 	-122.422085841 	38.4377268368 	2.53553550004 	8.25156610477e-20
0.42 	0.333891213389 	0 	0.0789985111579 	0.000512040779599 	154.281678931 	-122.422085841 	38.4377268368 	2.53553550004 	8.25156610477e-20
0.42 	0.335355648536 	1.12652708605e-18 	0.0791429438488 	0.00051078392557 	154.944076912 	-122.324663827 	37.8878279549 	2.51825555664 	-2.6078248663e-20
0.42 	0.336820083682 	-7.84270007512e-19 	0.079105443195 	0.000510773093073 	154.873943573 	-120.659807459 	37.8414163831 	2.51738439271 	-2.88097999719e-20
0.42 	0.338284518828 	-8.67361737988e-19 	0.0791429438488 	0.00051078392557 	154.944076912 	-122.324663827 	37.8878279549 	2.51825555664 	-2.6078248663e-20
