0.462 	0 	0 	3.28560929913 	3.32697706693e-05 	94114.166883 	45.2052517926 	12.6336943081 	-0.000550812877121 	-2.38602244956e-22
0.462 	0.00146443514644 	-6.30847308581e-19 	2.30644519182 	0.000346767294459 	6651.27660155 	43.5799020943 	21.2045052407 	-0.072897430672 	6.06817730795e-22
0.462 	0.00292887029289 	2.61930474396e-18 	0.93664287869 	0.00027666470218 	3385.48022682 	43.4851204372 	23.050541398 	-0.162233215742 	4.88768355245e-22
0.462 	0.00439330543933 	2.56917238513e-18 	0.339128840747 	0.000205569648748 	1649.70287595 	43.3484410691 	23.7570128156 	-0.233288965462 	-9.98505650389e-21
0.462 	0.00585774058577 	2.45667734787e-18 	0.40762301485 	0.000276420281019 	1437.82705482 	43.1725707678 	24.1684988736 	-0.312890308787 	-3.37248584383e-20
0.462 	0.00732217573222 	-3.83086277686e-21 	0.530660044263 	0.000232322979298 	1554.78616439 	42.9570492295 	25.0507421651 	-0.418795698241 	1.1933686444e-20
0.462 	0.00878661087866 	3.33219031593e-18 	0.530885221053 	0.000266460625739 	1402.45702122 	42.6664141028 	26.0645721488 	-0.538497699371 	3.62443277443e-20
0.462 	0.0102510460251 	3.25199632622e-18 	0.488382676583 	0.000289214323394 	1199.87725484 	42.2969414816 	26.9945227348 	-0.655795664984 	-4.87817596892e-21
0.462 	0.0117154811715 	5.6618299722e-18 	0.441989395348 	0.000319428221475 	1019.79862591 	41.8399948464 	27.8317544903 	-0.764139322386 	1.05772854602e-20
0.462 	0.013179916318 	9.95851807346e-19 	0.403672524476 	0.000352308389068 	891.509519405 	41.4326668987 	28.3785264953 	-0.835296540822 	6.83368038049e-21
0.462 	0.0146443514644 	-1.75244821478e-18 	0.365317309917 	0.000392980690268 	771.426941976 	40.965215448 	28.8443121435 	-0.896176940308 	7.14730101959e-21
0.462 	0.0161087866109 	1.7726599577e-18 	0.332921686295 	0.00043860823736 	669.90479275 	40.4342199492 	29.2349770758 	-0.947967076386 	1.68658318043e-20
0.462 	0.0175732217573 	2.52623152089e-18 	0.304941073005 	0.000501928379829 	574.995858296 	39.6222827802 	29.6702681879 	-1.00765863033 	7.35121758175e-21
0.462 	0.0190376569038 	1.02410160479e-18 	0.297001640463 	0.000535702462679 	543.633816372 	39.1696253463 	29.8640346055 	-1.03519755828 	-1.72530755459e-20
0.462 	0.0205020920502 	2.51892679672e-20 	0.289932758752 	0.000568206752771 	510.259262738 	38.4296639781 	30.1343113952 	-1.07450372631 	-1.45790839037e-20
0.462 	0.0219665271967 	-2.06584073662e-18 	0.285783718549 	0.000587550505611 	486.398557775 	37.6179905172 	30.3862219988 	-1.11204859037 	-3.04156743272e-20
0.462 	0.0234309623431 	-1.10204117223e-19 	0.282719132629 	0.000605005296779 	467.300260236 	36.7324109011 	30.6226399301 	-1.14819518369 	-4.6865011649e-21
0.462 	0.0248953974895 	3.47580873346e-19 	0.280855748089 	0.000615626167868 	456.211517228 	36.0987415339 	30.7719605205 	-1.17152888613 	-4.10480310212e-20
0.462 	0.026359832636 	-2.38505195603e-19 	0.279041040616 	0.000625362501009 	446.206864285 	35.4294981221 	30.9151210024 	-1.19435960207 	-1.50822209938e-20
0.462 	0.0278242677824 	-3.80756450668e-19 	0.27633307074 	0.000638194813851 	432.991720933 	34.3567385515 	31.1201983921 	-1.22781568097 	2.49593887245e-20
0.462 	0.0292887029289 	5.88350310465e-19 	0.274474597795 	0.000645573617686 	425.163901182 	33.594108185 	31.2515101298 	-1.24966796668 	-1.83351274576e-20
0.462 	0.0307531380753 	-9.1637074728e-20 	0.272560193323 	0.000652124823313 	417.957089777 	32.7923678754 	31.3788583575 	-1.27120858502 	-9.08335174742e-21
0.462 	0.0322175732218 	-1.06594937741e-18 	0.269655263823 	0.000660770888989 	408.091924624 	31.5144475545 	31.5626881931 	-1.302978826 	4.08786694258e-20
0.462 	0.0336820083682 	-9.64885327716e-19 	0.267761093678 	0.000666002404193 	402.042232869 	30.6110390425 	31.6805818034 	-1.32380183664 	2.09891485049e-21
0.462 	0.0351464435146 	-9.12407405685e-19 	0.265945045459 	0.000670980008779 	396.353158037 	29.6654601872 	31.7948754445 	-1.34432758654 	3.11472091872e-20
0.462 	0.0366108786611 	-1.07777770476e-19 	0.264233043298 	0.000675817429 	390.98287786 	28.6768681247 	31.9056989574 	-1.36453581471 	6.49482660822e-21
0.462 	0.0380753138075 	5.95225774055e-19 	0.262640383296 	0.000680601822385 	385.894328604 	27.6444872516 	32.0131949136 	-1.38439763916 	2.68267734982e-20
0.462 	0.039539748954 	1.42062459778e-19 	0.261890924875 	0.000682995033544 	383.44484515 	27.1116635087 	32.0657400633 	-1.39418679252 	-2.27529316875e-20
0.462 	0.0410041841004 	-1.66430836168e-18 	0.260485325521 	0.00068781382614 	378.714872574 	26.0124053975 	32.1685113779 	-1.41345276975 	1.1163381096e-20
0.462 	0.0424686192469 	-4.22487493788e-18 	0.259198136825 	0.000692701985053 	374.184198137 	24.8679847744 	32.2683040297 	-1.43225846745 	6.21046854192e-21
0.462 	0.0439330543933 	1.79719805098e-18 	0.258016973258 	0.000697676783033 	369.823075 	23.6780912949 	32.3652516231 	-1.45054459704 	2.63105496389e-21
0.462 	0.0453974895397 	3.33820960472e-19 	0.25693022472 	0.000702751396496 	365.606138958 	22.4425282521 	32.4594786567 	-1.4682436327 	-3.77974358812e-21
0.462 	0.0468619246862 	-2.31538042412e-18 	0.256423182777 	0.000705335822308 	363.547653 	21.8075913019 	32.5056177626 	-1.4768505747 	1.02368305214e-20
0.462 	0.0483263598326 	-1.09044903632e-18 	0.255505112938 	0.000710645407295 	359.539526063 	20.5034126328 	32.5961581533 	-1.49354259365 	-1.54123186577e-21
0.462 	0.0497907949791 	-5.01392427765e-19 	0.254781110704 	0.000716240511601 	355.720050147 	19.153574473 	32.6851460854 	-1.50953321163 	-5.94008037328e-21
0.462 	0.0512552301255 	7.91459084839e-20 	0.254521250071 	0.000719179105136 	353.905234806 	18.4615741449 	32.7296159496 	-1.51728840489 	1.33711879001e-20
0.462 	0.052719665272 	-2.79180548513e-19 	0.254233094634 	0.000725325517331 	350.508962609 	17.0434646916 	32.8203703366 	-1.53243012721 	1.17821792342e-20
0.462 	0.0541841004184 	-7.04805579929e-19 	0.254185797521 	0.000728469148516 	348.931451714 	16.3173456687 	32.8675719991 	-1.53987376457 	-9.93418167888e-21
0.462 	0.0556485355649 	-4.35983499559e-19 	0.254130470928 	0.000734543096147 	345.970811326 	14.8308539367 	32.9677556642 	-1.55462143142 	-5.07552718973e-21
0.462 	0.0571129707113 	-6.66044727066e-19 	0.254022646447 	0.000737265566948 	344.5470097 	14.0704051737 	33.0212786251 	-1.56193799604 	4.68108617285e-21
0.462 	0.0585774058577 	-3.95226851064e-19 	0.253370672272 	0.000741520385483 	341.690771059 	12.5149375502 	33.1353462098 	-1.57637479274 	2.22328143322e-20
0.462 	0.0600418410042 	7.85226602621e-19 	0.252739232001 	0.000742870562765 	340.219743074 	11.7198945899 	33.1955189655 	-1.58342492142 	-3.25083478496e-21
0.462 	0.0615062761506 	-4.13960216984e-19 	0.251872851442 	0.000743629605658 	338.707401542 	10.9133276058 	33.2573956184 	-1.59030637449 	-1.44346860263e-20
0.462 	0.0629707112971 	-2.55008882036e-18 	0.249439956089 	0.000743340038319 	335.566420791 	9.26577930154 	33.3849986835 	-1.60339730029 	-9.9274819384e-21
0.462 	0.0644351464435 	1.30934057231e-18 	0.247901167758 	0.000742327877371 	333.951041466 	8.42492292182 	33.4501420057 	-1.60953210321 	-1.5215701776e-21
0.462 	0.06589958159 	3.00634146892e-19 	0.246171628264 	0.000740779321382 	332.314389938 	7.57279541978 	33.5158098466 	-1.61534701606 	2.6539401914e-21
0.462 	0.0673640167364 	-5.55456164653e-19 	0.242210748437 	0.000736221242039 	328.991795682 	5.83521749348 	33.6475015573 	-1.62587677649 	-5.02287157984e-21
0.462 	0.0688284518828 	-4.66582168057e-19 	0.240018135365 	0.000733299567588 	327.31252816 	4.95007720122 	33.71284085 	-1.6305188991 	9.73015434255e-22
0.462 	0.0702928870293 	6.36098492631e-19 	0.237718130524 	0.000730025430533 	325.629930933 	4.05429055239 	33.7773755923 	-1.63469930536 	-1.20371150676e-21
0.462 	0.0717573221757 	1.93009760581e-18 	0.235344551409 	0.000726471528237 	323.955643493 	3.14808685987 	33.8408110015 	-1.63838927106 	-1.28374097833e-21
0.462 	0.0732217573222 	1.20520421341e-18 	0.230529240776 	0.000718849147789 	320.692097202 	1.3054802589 	33.9637347948 	-1.64422707275 	2.66187378123e-22
0.462 	0.0746861924686 	1.92983435646e-18 	0.228157649922 	0.00071493378606 	319.131162034 	0.369644951941 	34.0232243905 	-1.64636326494 	2.28849309401e-22
0.462 	0.0761506276151 	1.47821398718e-18 	0.225843294844 	0.000711027615102 	317.629428235 	-0.575491739801 	34.081593042 	-1.64798188438 	-9.16215819179e-23
0.462 	0.0776150627615 	2.17742673138e-18 	0.223597249867 	0.000707164739656 	316.188346686 	-1.52964257335 	34.139072936 	-1.64908963335 	-1.04690592802e-21
0.462 	0.0790794979079 	2.05877593128e-19 	0.221420351223 	0.000703360001216 	314.803729015 	-2.49252300108 	34.1959066276 	-1.64969148425 	9.27572760336e-22
0.462 	0.0805439330544 	1.4052456718e-18 	0.219306326493 	0.000699613993668 	313.467609964 	-3.46384872604 	34.2523059325 	-1.64978819276 	1.29167882745e-21
0.462 	0.0820083682008 	6.04343656516e-19 	0.217245683978 	0.000695919701787 	312.170618852 	-4.4433309529 	34.3084283067 	-1.64937541829 	-5.88935117726e-21
0.462 	0.0834728033473 	8.82222310112e-19 	0.215229154806 	0.000692268631024 	310.904098728 	-5.43067073211 	34.3643720805 	-1.64844425488 	1.68631352039e-20
0.462 	0.0849372384937 	3.89341945552e-19 	0.213249901296 	0.000688654956827 	309.661462801 	-6.42555874996 	34.4201859351 	-1.64698264921 	-1.76869533611e-20
0.462 	0.0864016736402 	-1.96167867042e-19 	0.209391480916 	0.000681537933152 	307.23378807 	-8.43669357004 	34.5314667002 	-1.64241320737 	-1.46409402924e-21
0.462 	0.0878661087866 	5.92075135654e-19 	0.20751249558 	0.000678042151485 	306.046600681 	-9.45227318715 	34.5869219276 	-1.63927760236 	5.6019496615e-21
0.462 	0.0893305439331 	1.36874864783e-18 	0.205669105971 	0.000674595703167 	304.877580757 	-10.4740683939 	34.642241155 	-1.63555688493 	-1.96470484483e-20
0.462 	0.0907949790795 	3.60172537237e-19 	0.203863079246 	0.000671203944254 	303.727475071 	-11.5017235097 	34.6974161659 	-1.63123819146 	1.64312176218e-20
0.462 	0.0922594142259 	-7.33551026303e-19 	0.202095766106 	0.00066787110742 	302.596958995 	-12.5348735059 	34.7524397417 	-1.62630890452 	-2.10210650727e-21
0.462 	0.0937238493724 	-2.4501145909e-18 	0.200368002639 	0.000664600192932 	301.486524937 	-13.5731421947 	34.8073047597 	-1.62075654541 	1.58345502821e-20
0.462 	0.0951882845188 	-7.30194901722e-19 	0.198680184752 	0.000661393163949 	300.396489685 	-14.6161403725 	34.8620035598 	-1.61456874354 	-4.26297163809e-20
0.462 	0.0966527196653 	-1.39588868779e-18 	0.197032395976 	0.000658251233456 	299.327044086 	-15.6634662411 	34.9165277763 	-1.60773324298 	8.7573922098e-21
0.462 	0.0981171548117 	-1.41622074e-18 	0.197032395976 	0.000658251233456 	299.327044086 	-15.6634662411 	34.9165277763 	-1.60773324298 	8.7573922098e-21
0.462 	0.0995815899582 	2.0669123674e-18 	0.195424520344 	0.000655175116742 	298.278300489 	-16.7147056421 	34.9708684353 	-1.60023795753 	-1.62737836935e-20
0.462 	0.101046025105 	-8.54364043688e-20 	0.19385631874 	0.000652165207671 	297.250323169 	-17.7694313528 	35.0250161223 	-1.59207103727 	2.17236829146e-20
0.462 	0.102510460251 	4.18646674792e-19 	0.19232747287 	0.000649221685689 	296.243143305 	-18.8272034733 	35.078961137 	-1.58322088965 	2.09135756386e-21
0.462 	0.103974895397 	-9.13835399143e-19 	0.190837608289 	0.000646344575707 	295.256764675 	-19.8875713045 	35.1326935954 	-1.57367615725 	-3.02021295327e-20
0.462 	0.105439330544 	3.70957957988e-19 	0.189386306075 	0.000643533780523 	294.291165136 	-20.950076079 	35.1862034724 	-1.56342568489 	3.39671833756e-20
0.462 	0.10690376569 	1.43617759769e-18 	0.187973109021 	0.00064078909856 	293.346296688 	-22.0142528668 	35.2394805625 	-1.55245852694 	-1.25911683582e-20
0.462 	0.108368200837 	-8.9799870178e-19 	0.186597525477 	0.000638110234425 	292.422085418 	-23.0796302349 	35.2925143391 	-1.54076400352 	-1.13425829971e-20
0.462 	0.109832635983 	5.6486809397e-19 	0.185259033133 	0.000635496807727 	291.518432321 	-24.145728371 	35.3452937337 	-1.52833173991 	5.58794870122e-20
0.462 	0.11129707113 	1.324212336e-18 	0.185259033133 	0.000635496807727 	291.518432321 	-24.145728371 	35.3452937337 	-1.52833173991 	5.58794870122e-20
0.462 	0.112761506276 	-1.38923525183e-19 	0.183957085286 	0.000632948365696 	290.635216482 	-25.2120574756 	35.3978068944 	-1.51515163837 	-3.35569078033e-20
0.462 	0.114225941423 	-7.63030512725e-19 	0.182691120866 	0.000630464402631 	289.772301344 	-26.2781174891 	35.4500410088 	-1.50121381221 	-2.79427812208e-21
0.462 	0.115690376569 	8.62283601802e-19 	0.18146057697 	0.000628044384216 	288.929543087 	-27.343398969 	35.5019822716 	-1.48650855869 	-1.94230135012e-20
0.462 	0.117154811715 	1.41341492604e-18 	0.180264899978 	0.000625687769429 	288.106798288 	-28.4073844725 	35.5536160315 	-1.47102639602 	4.79171287063e-20
0.462 	0.118619246862 	-7.73677825119e-19 	0.179103551031 	0.000623394021833 	287.303927785 	-29.4695500643 	35.6049270767 	-1.45475811282 	-3.61562050088e-20
0.462 	0.120083682008 	-8.4777867063e-19 	0.179103551031 	0.000623394021833 	287.303927785 	-29.4695500643 	35.6049270767 	-1.45475811282 	-3.61562050088e-20
0.462 	0.121548117155 	1.59154092846e-19 	0.177976003801 	0.000621162606011 	286.520795166 	-30.5293664636 	35.6558999382 	-1.43769478338 	4.48364865205e-20
0.462 	0.123012552301 	-4.59218506365e-19 	0.17688173647 	0.000618992972513 	285.757261108 	-31.5862990681 	35.7065190846 	-1.4198277606 	-6.18352986715e-20
0.462 	0.124476987448 	3.78208597451e-19 	0.1758202225 	0.000616884540135 	285.013176796 	-32.6398067075 	35.7567689499 	-1.40114866105 	7.44154629798e-20
0.462 	0.125941422594 	-3.84506180968e-19 	0.174790924615 	0.00061483668421 	284.288379506 	-33.6893403413 	35.8066338478 	-1.38164933425 	-3.57017869513e-20
0.462 	0.127405857741 	-4.89715102961e-19 	0.174790924615 	0.00061483668421 	284.288379506 	-33.6893403413 	35.8066338478 	-1.38164933425 	-3.57017869513e-20
0.462 	0.128870292887 	-5.30747885881e-19 	0.173793293572 	0.000612848734268 	283.582691543 	-34.7343429423 	35.8560978636 	-1.36132182712 	-2.85691439809e-20
0.462 	0.130334728033 	6.23840033982e-19 	0.172826770526 	0.000610919978923 	282.895921707 	-35.7742506674 	35.9051447928 	-1.34015836612 	6.26809647912e-20
0.462 	0.13179916318 	5.17470402857e-19 	0.172826770526 	0.000610919978923 	282.895921707 	-35.7742506674 	35.9051447928 	-1.34015836612 	6.26809647912e-20
0.462 	0.133263598326 	6.99251631776e-19 	0.17189079076 	0.000609049673652 	282.227867769 	-36.8084943033 	35.9537581326 	-1.31815135694 	-1.86686557383e-20
0.462 	0.134728033473 	-7.77782012769e-19 	0.170984786878 	0.0006072370477 	281.578318592 	-37.8364999994 	36.0019210946 	-1.29529339906 	-3.38934889798e-20
0.462 	0.136192468619 	-6.8100182987e-19 	0.170108190413 	0.000605481307959 	280.947055139 	-38.857689142 	36.0496166079 	-1.27157731337 	2.35467952142e-20
0.462 	0.137656903766 	-6.14357952875e-19 	0.170108190413 	0.000605481307959 	280.947055139 	-38.857689142 	36.0496166079 	-1.27157731337 	2.35467952142e-20
0.462 	0.139121338912 	-1.05936692962e-18 	0.169260432766 	0.000603781641402 	280.333851114 	-39.8714781862 	36.0968273114 	-1.24699616056 	-1.97936034839e-20
0.462 	0.140585774059 	-2.08615732814e-19 	0.168440946276 	0.000602137217724 	279.738473753 	-40.8772792879 	36.1435355539 	-1.22154321757 	4.73226769945e-20
0.462 	0.142050209205 	3.91509216314e-19 	0.168440946276 	0.000602137217724 	279.738473753 	-40.8772792879 	36.1435355539 	-1.22154321757 	4.73226769945e-20
0.462 	0.143514644351 	-5.04845554841e-19 	0.167649164915 	0.000600547191225 	279.160684397 	-41.8745013375 	36.1897234072 	-1.19521191151 	-4.15223344145e-20
0.462 	0.144979079498 	-5.11282233781e-19 	0.166884525121 	0.000599010702807 	278.600239259 	-42.8625502454 	36.2353726737 	-1.16799575727 	1.10280503314e-20
0.462 	0.146443514644 	-2.04242176921e-19 	0.166884525121 	0.000599010702807 	278.600239259 	-42.8625502454 	36.2353726737 	-1.16799575727 	1.10280503314e-20
0.462 	0.147907949791 	-5.85086151801e-19 	0.166146466019 	0.00059752688074 	278.056889781 	-43.8408283316 	36.280464877 	-1.13988833614 	3.16502501682e-20
0.462 	0.149372384937 	9.26946599749e-19 	0.165434429784 	0.000596094841626 	277.53038314 	-44.8087337762 	36.3249812446 	-1.11088331701 	-5.15871836129e-20
0.462 	0.150836820084 	1.63969727854e-18 	0.165434429784 	0.000596094841626 	277.53038314 	-44.8087337762 	36.3249812446 	-1.11088331701 	-5.15871836129e-20
0.462 	0.15230125523 	-1.11419184582e-18 	0.164747862325 	0.000594713692169 	277.020462947 	-45.7656608563 	36.3689026992 	-1.08097448347 	4.49525403878e-20
0.462 	0.153765690377 	6.71893965178e-19 	0.164086214326 	0.000593382531845 	276.526870139 	-46.7110007711 	36.4122098684 	-1.05015572463 	1.76960013561e-20
0.462 	0.155230125523 	3.02250377673e-19 	0.164086214326 	0.000593382531845 	276.526870139 	-46.7110007711 	36.4122098684 	-1.05015572463 	1.76960013561e-20
0.462 	0.156694560669 	2.59482233138e-18 	0.163448942121 	0.000592100455391 	276.049343709 	-47.6441423149 	36.4548830985 	-1.01842099706 	-4.76859793371e-20
0.462 	0.158158995816 	-1.20649792852e-18 	0.162835508218 	0.000590866554513 	275.587621222 	-48.5644721137 	36.4969024509 	-0.985764289615 	-8.68461146938e-22
0.462 	0.159623430962 	-9.03811839635e-19 	0.162835508218 	0.000590866554513 	275.587621222 	-48.5644721137 	36.4969024509 	-0.985764289615 	-8.68461146938e-22
0.462 	0.161087866109 	3.94407859286e-20 	0.162245381922 	0.000589679919542 	275.141439526 	-49.4713747609 	36.5382476801 	-0.952179589968 	3.40791231122e-20
0.462 	0.162552301255 	2.54471407249e-19 	0.162245381922 	0.000589679919542 	275.141439526 	-49.4713747609 	36.5382476801 	-0.952179589968 	3.40791231122e-20
0.462 	0.164016736402 	1.35165046955e-18 	0.161678040292 	0.000588539641412 	274.710535902 	-50.3642330527 	36.5788982167 	-0.917660832814 	-7.82786968977e-21
0.462 	0.165481171548 	-4.19042996613e-20 	0.161132969157 	0.000587444813307 	274.294649484 	-51.2424279076 	36.6188331773 	-0.882201848926 	-3.41616811842e-20
0.462 	0.166945606695 	1.65560063318e-19 	0.161132969157 	0.000587444813307 	274.294649484 	-51.2424279076 	36.6188331773 	-0.882201848926 	-3.41616811842e-20
0.462 	0.168410041841 	9.24445394537e-20 	0.160609663591 	0.000586394531117 	273.89352231 	-52.1053378175 	36.6580314021 	-0.845796347641 	2.25147740032e-20
0.462 	0.169874476987 	-2.36110367014e-19 	0.160609663591 	0.000586394531117 	273.89352231 	-52.1053378175 	36.6580314021 	-0.845796347641 	2.25147740032e-20
0.462 	0.171338912134 	-1.90748467316e-18 	0.160107627628 	0.000585387893982 	273.506899056 	-52.9523384773 	36.6964714904 	-0.808437915373 	-3.73221002945e-20
0.462 	0.17280334728 	5.17032638851e-19 	0.159626374065 	0.000584424007775 	273.134525517 	-53.7828030832 	36.7341317933 	-0.770120003968 	8.67550871732e-20
0.462 	0.174267782427 	-4.40767326314e-19 	0.159626374065 	0.000584424007775 	273.134525517 	-53.7828030832 	36.7341317933 	-0.770120003968 	8.67550871732e-20
0.462 	0.175732217573 	-5.72259788668e-19 	0.159165425497 	0.000583502009208 	272.77613956 	-54.5961031347 	36.7709903517 	-0.730835906385 	-6.99568603319e-20
0.462 	0.17719665272 	-1.78460672752e-20 	0.159165425497 	0.000583502009208 	272.77613956 	-54.5961031347 	36.7709903517 	-0.730835906385 	-6.99568603319e-20
0.462 	0.178661087866 	-7.77564850063e-20 	0.158724316005 	0.00058262103417 	272.431489246 	-55.3916090324 	36.8070248155 	-0.690578708827 	-2.94951797802e-20
0.462 	0.180125523013 	-2.51499376342e-20 	0.158724316005 	0.00058262103417 	272.431489246 	-55.3916090324 	36.8070248155 	-0.690578708827 	-2.94951797802e-20
0.462 	0.181589958159 	6.91918388276e-19 	0.158302593481 	0.000581780235963 	272.100328776 	-56.1686887855 	36.8422123736 	-0.649341209985 	8.9134063032e-20
0.462 	0.183054393305 	-5.28182946018e-19 	0.157899821699 	0.000580978791283 	271.782419717 	-56.9267043327 	36.8765296985 	-0.607115835475 	5.31553886707e-20
0.462 	0.184518828452 	-9.14039157297e-19 	0.157899821699 	0.000580978791283 	271.782419717 	-56.9267043327 	36.8765296985 	-0.607115835475 	5.31553886707e-20
0.462 	0.185983263598 	-1.22345950246e-19 	0.157515580895 	0.000580215902272 	271.477531516 	-57.6650087011 	36.9099529268 	-0.563894582352 	-9.9677640019e-20
0.462 	0.187447698745 	-4.44592271713e-19 	0.157515580895 	0.000580215902272 	271.477531516 	-57.6650087011 	36.9099529268 	-0.563894582352 	-9.9677640019e-20
0.462 	0.188912133891 	-2.63939765329e-19 	0.15714946806 	0.000579490797483 	271.185442017 	-58.3829468658 	36.9424576847 	-0.519669000754 	-1.52439646107e-20
0.462 	0.190376569038 	-5.18441416266e-19 	0.15714946806 	0.000579490797483 	271.185442017 	-58.3829468658 	36.9424576847 	-0.519669000754 	-1.52439646107e-20
0.462 	0.191841004184 	1.72517308907e-19 	0.156801097474 	0.000578802733093 	270.905938256 	-59.0798584647 	36.9740191187 	-0.474430197604 	5.77851580582e-20
0.462 	0.193305439331 	1.48029191497e-19 	0.156801097474 	0.000578802733093 	270.905938256 	-59.0798584647 	36.9740191187 	-0.474430197604 	5.77851580582e-20
0.462 	0.194769874477 	1.46269481108e-19 	0.156470101899 	0.000578150995483 	270.63881775 	-59.7550783635 	37.0046118829 	-0.428168778819 	-1.3134840214e-19
0.462 	0.196234309623 	4.70539336198e-19 	0.156470101899 	0.000578150995483 	270.63881775 	-59.7550783635 	37.0046118829 	-0.428168778819 	-1.3134840214e-19
0.462 	0.19769874477 	-3.85974564287e-19 	0.156156133638 	0.00057753490367 	270.383889606 	-60.4079347915 	37.0342100857 	-0.380874716813 	2.49669729624e-20
0.462 	0.199163179916 	-6.09168825296e-19 	0.156156133638 	0.00057753490367 	270.383889606 	-60.4079347915 	37.0342100857 	-0.380874716813 	2.49669729624e-20
0.462 	0.200627615063 	3.27931157787e-19 	0.155858866284 	0.000576953813169 	270.140976153 	-61.0377483202 	37.0627872449 	-0.332537258018 	-4.68075042105e-21
0.462 	0.202092050209 	1.1806810824e-19 	0.155858866284 	0.000576953813169 	270.140976153 	-61.0377483202 	37.0627872449 	-0.332537258018 	-4.68075042105e-21
0.462 	0.203556485356 	-2.61983058929e-19 	0.155577996263 	0.000576407119723 	269.90991426 	-61.643832508 	37.0903162734 	-0.283144897479 	4.16440143356e-20
0.462 	0.205020920502 	1.71522004711e-19 	0.155577996263 	0.000576407119723 	269.90991426 	-61.643832508 	37.0903162734 	-0.283144897479 	4.16440143356e-20
0.462 	0.206485355649 	7.41343348749e-19 	0.155313244492 	0.000575894263328 	269.690556726 	-62.2254933823 	37.116769452 	-0.232685357808 	-1.60852396368e-20
0.462 	0.207949790795 	4.87871421532e-19 	0.155313244492 	0.000575894263328 	269.690556726 	-62.2254933823 	37.116769452 	-0.232685357808 	-1.60852396368e-20
0.462 	0.209414225941 	8.57326748487e-19 	0.155064358203 	0.000575414732506 	269.482773803 	-62.7820252627 	37.1421183487 	-0.181145514153 	-2.33236115357e-20
0.462 	0.210878661088 	6.33364786982e-19 	0.155064358203 	0.000575414732506 	269.482773803 	-62.7820252627 	37.1421183487 	-0.181145514153 	-2.33236115357e-20
0.462 	0.212343096234 	-6.59894411327e-19 	0.154831112659 	0.000574968068329 	269.286454653 	-63.3127035302 	37.1663336715 	-0.128511318082 	5.84242902149e-21
0.462 	0.213807531381 	1.26712771138e-18 	0.154831112659 	0.000574968068329 	269.286454653 	-63.3127035302 	37.1663336715 	-0.128511318082 	5.84242902149e-21
0.462 	0.215271966527 	1.01227930479e-18 	0.154613317512 	0.000574553877746 	269.101512496 	-63.8167755185 	37.1893850756 	-0.0747676246255 	6.12218417213e-20
0.462 	0.216736401674 	-6.03305744248e-19 	0.154613317512 	0.000574553877746 	269.101512496 	-63.8167755185 	37.1893850756 	-0.0747676246255 	6.12218417213e-20
0.462 	0.21820083682 	-1.36902121742e-19 	0.1544107949 	0.000574171789152 	268.927867612 	-64.293450379 	37.2112412141 	-0.0198966332762 	7.76886758688e-20
0.462 	0.219665271967 	-9.100756278e-19 	0.1544107949 	0.000574171789152 	268.927867612 	-64.293450379 	37.2112412141 	-0.0198966332762 	7.76886758688e-20
0.462 	0.221129707113 	5.89390622472e-19 	0.154223487198 	0.000573821673567 	268.765531702 	-64.7419590247 	37.2318689658 	0.0361133792606 	-5.76196005245e-20
0.462 	0.222594142259 	-2.51726817295e-19 	0.154223487198 	0.000573821673567 	268.765531702 	-64.7419590247 	37.2318689658 	0.0361133792606 	-5.76196005245e-20
0.462 	0.224058577406 	6.8878620113e-19 	0.154051097055 	0.000573502905127 	268.614327282 	-65.161310163 	37.2512367806 	0.0933053388593 	1.84002388415e-20
0.462 	0.225523012552 	-6.39555493919e-19 	0.154051097055 	0.000573502905127 	268.614327282 	-65.161310163 	37.2512367806 	0.0933053388593 	1.84002388415e-20
0.462 	0.226987447699 	3.66878897427e-19 	0.154051097055 	0.000573502905127 	268.614327282 	-65.161310163 	37.2512367806 	0.0933053388593 	1.84002388415e-20
0.462 	0.228451882845 	-6.08585355248e-19 	0.15389413727 	0.000573216520789 	268.474706657 	-65.5512102803 	37.2693047476 	0.151628890665 	-1.2680494166e-19
0.462 	0.229916317992 	1.08300644003e-18 	0.15389413727 	0.000573216520789 	268.474706657 	-65.5512102803 	37.2693047476 	0.151628890665 	-1.2680494166e-19
0.462 	0.231380753138 	-5.79774239663e-19 	0.153751351279 	0.000572959906998 	268.345741824 	-65.9093690256 	37.2860501899 	0.2112829291 	1.69646758852e-20
0.462 	0.232845188285 	7.08401041697e-19 	0.153751351279 	0.000572959906998 	268.345741824 	-65.9093690256 	37.2860501899 	0.2112829291 	1.69646758852e-20
0.462 	0.234309623431 	-3.79589573868e-19 	0.153625261211 	0.000572738237085 	268.229448051 	-66.238004492 	37.3014088637 	0.271916309552 	8.50834746055e-20
0.462 	0.235774058577 	-1.59400138847e-18 	0.153625261211 	0.000572738237085 	268.229448051 	-66.238004492 	37.3014088637 	0.271916309552 	8.50834746055e-20
0.462 	0.237238493724 	5.45987267586e-19 	0.153625261211 	0.000572738237085 	268.229448051 	-66.238004492 	37.3014088637 	0.271916309552 	8.50834746055e-20
0.462 	0.23870292887 	1.10471184476e-18 	0.153511717458 	0.000572542909269 	268.122641941 	-66.5300777618 	37.3153879287 	0.334249585198 	1.25518967343e-20
0.462 	0.240167364017 	-1.14733759717e-18 	0.153511717458 	0.000572542909269 	268.122641941 	-66.5300777618 	37.3153879287 	0.334249585198 	1.25518967343e-20
0.462 	0.241631799163 	-5.73796518326e-19 	0.153417419468 	0.000572387711466 	268.030596035 	-66.7946938622 	37.3278758446 	0.397186627904 	1.11297335693e-20
0.462 	0.24309623431 	6.01662855137e-19 	0.153417419468 	0.000572387711466 	268.030596035 	-66.7946938622 	37.3278758446 	0.397186627904 	1.11297335693e-20
0.462 	0.244560669456 	6.38436570434e-19 	0.153333515664 	0.00057225430586 	267.946460331 	-67.0158910489 	37.3389246601 	0.462389949516 	-2.23648191489e-20
0.462 	0.246025104603 	6.3518166779e-19 	0.153333515664 	0.00057225430586 	267.946460331 	-67.0158910489 	37.3389246601 	0.462389949516 	-2.23648191489e-20
0.462 	0.247489539749 	-9.35721551012e-20 	0.153333515664 	0.00057225430586 	267.946460331 	-67.0158910489 	37.3389246601 	0.462389949516 	-2.23648191489e-20
0.462 	0.248953974895 	-9.71113475778e-19 	0.153272135947 	0.000572167664102 	267.879758964 	-67.212669109 	37.3483845415 	0.527712773427 	2.55821287257e-20
0.462 	0.250418410042 	5.32731591068e-19 	0.153272135947 	0.000572167664102 	267.879758964 	-67.212669109 	37.3483845415 	0.527712773427 	2.55821287257e-20
0.462 	0.251882845188 	-3.14434674026e-19 	0.15321854862 	0.000572097283252 	267.819046002 	-67.3583872053 	37.3563086751 	0.595996139212 	-1.171671364e-19
0.462 	0.253347280335 	-8.21115687956e-19 	0.15321854862 	0.000572097283252 	267.819046002 	-67.3583872053 	37.3563086751 	0.595996139212 	-1.171671364e-19
0.462 	0.254811715481 	5.01732829187e-19 	0.15321854862 	0.000572097283252 	267.819046002 	-67.3583872053 	37.3563086751 	0.595996139212 	-1.171671364e-19
0.462 	0.256276150628 	1.11789992737e-18 	0.153192906303 	0.000572084619906 	267.7801517 	-67.4842187579 	37.3625823921 	0.663633400994 	3.80711610334e-20
0.462 	0.257740585774 	-4.78685918019e-19 	0.153192906303 	0.000572084619906 	267.7801517 	-67.4842187579 	37.3625823921 	0.663633400994 	3.80711610334e-20
0.462 	0.259205020921 	-1.20778457771e-19 	0.153169125302 	0.000572075685268 	267.742764195 	-67.5463709728 	37.3671602796 	0.735571235599 	-8.15514672371e-20
0.462 	0.260669456067 	4.01065765307e-19 	0.153169125302 	0.000572075685268 	267.742764195 	-67.5463709728 	37.3671602796 	0.735571235599 	-8.15514672371e-20
0.462 	0.262133891213 	1.67643473979e-19 	0.153169125302 	0.000572075685268 	267.742764195 	-67.5463709728 	37.3671602796 	0.735571235599 	-8.15514672371e-20
0.462 	0.26359832636 	-1.08893002338e-18 	0.153184599722 	0.000572147387701 	267.736256452 	-67.6005839528 	37.3700523441 	0.805149244255 	1.5866029114e-19
0.462 	0.265062761506 	2.556381953e-19 	0.153184599722 	0.000572147387701 	267.736256452 	-67.6005839528 	37.3700523441 	0.805149244255 	1.5866029114e-19
0.462 	0.266527196653 	1.30238878566e-18 	0.15318967521 	0.000572196944702 	267.721938448 	-67.5701609908 	37.3711002197 	0.881562140634 	-4.22210332498e-20
0.462 	0.267991631799 	3.13447771691e-19 	0.15318967521 	0.000572196944702 	267.721938448 	-67.5701609908 	37.3711002197 	0.881562140634 	-4.22210332498e-20
0.462 	0.269456066946 	-2.634063738e-19 	0.15318967521 	0.000572196944702 	267.721938448 	-67.5701609908 	37.3711002197 	0.881562140634 	-4.22210332498e-20
0.462 	0.270920502092 	-2.2654302641e-18 	0.15325394909 	0.000572367430892 	267.754489194 	-67.553134203 	37.3703669191 	0.952529308014 	-6.1746267635e-20
0.462 	0.272384937238 	5.23361022127e-19 	0.15325394909 	0.000572367430892 	267.754489194 	-67.553134203 	37.3703669191 	0.952529308014 	-6.1746267635e-20
0.462 	0.273849372385 	-2.59749489964e-19 	0.153285703711 	0.000572468893163 	267.76250298 	-67.4179086731 	37.3676484028 	1.03460281453 	1.00733768864e-19
0.462 	0.275313807531 	1.79082719644e-20 	0.153285703711 	0.000572468893163 	267.76250298 	-67.4179086731 	37.3676484028 	1.03460281453 	1.00733768864e-19
0.462 	0.276778242678 	-3.79933626979e-19 	0.153285703711 	0.000572468893163 	267.76250298 	-67.4179086731 	37.3676484028 	1.03460281453 	1.00733768864e-19
0.462 	0.278242677824 	-1.6737936095e-18 	0.153410124948 	0.000572758370936 	267.844404783 	-67.3312070389 	37.3630853453 	1.10607075958 	-1.61398562763e-20
0.462 	0.279707112971 	-6.86542094004e-19 	0.153410124948 	0.000572758370936 	267.844404783 	-67.3312070389 	37.3630853453 	1.10607075958 	-1.61398562763e-20
0.462 	0.281171548117 	1.2574030712e-20 	0.153410124948 	0.000572758370936 	267.844404783 	-67.3312070389 	37.3630853453 	1.10607075958 	-1.61398562763e-20
0.462 	0.282635983264 	-1.4172044388e-18 	0.153464861006 	0.000572899271171 	267.874072684 	-67.0780888864 	37.3562527228 	1.19532156456 	-7.98477396798e-20
0.462 	0.28410041841 	6.40715556652e-19 	0.153464861006 	0.000572899271171 	267.874072684 	-67.0780888864 	37.3562527228 	1.19532156456 	-7.98477396798e-20
0.462 	0.285564853556 	9.6840070102e-19 	0.153664942691 	0.00057333166255 	268.021029935 	-66.9214856723 	37.3476529362 	1.2660962144 	3.23618163581e-20
0.462 	0.287029288703 	-8.42982240318e-19 	0.153664942691 	0.00057333166255 	268.021029935 	-66.9214856723 	37.3476529362 	1.2660962144 	3.23618163581e-20
0.462 	0.288493723849 	3.26972661597e-20 	0.153664942691 	0.00057333166255 	268.021029935 	-66.9214856723 	37.3476529362 	1.2660962144 	3.23618163581e-20
0.462 	0.289958158996 	5.99312513384e-19 	0.153734882099 	0.000573482866252 	268.072319411 	-66.5315996748 	37.3362363372 	1.36468071747 	-8.00741977591e-21
0.462 	0.291422594142 	5.08657132279e-19 	0.153734882099 	0.000573482866252 	268.072319411 	-66.5315996748 	37.3362363372 	1.36468071747 	-8.00741977591e-21
0.462 	0.292887029289 	-7.62945314573e-19 	0.153734882099 	0.000573482866252 	268.072319411 	-66.5315996748 	37.3362363372 	1.36468071747 	-8.00741977591e-21
0.462 	0.294351464435 	1.22021303376e-18 	0.154028773973 	0.000574071535152 	268.309373556 	-66.3037340753 	37.3233185282 	1.43306737446 	8.68810164855e-23
0.462 	0.295815899582 	7.96723849222e-19 	0.154028773973 	0.000574071535152 	268.309373556 	-66.3037340753 	37.3233185282 	1.43306737446 	8.68810164855e-23
0.462 	0.297280334728 	-7.22805992462e-19 	0.154028773973 	0.000574071535152 	268.309373556 	-66.3037340753 	37.3233185282 	1.43306737446 	8.68810164855e-23
0.462 	0.298744769874 	1.01405885184e-18 	0.154079415168 	0.000574117670889 	268.376019378 	-65.7688959103 	37.3069093456 	1.54347766053 	3.51758525671e-21
0.462 	0.300209205021 	3.87976941278e-20 	0.154079415168 	0.000574117670889 	268.376019378 	-65.7688959103 	37.3069093456 	1.54347766053 	3.51758525671e-21
0.462 	0.301673640167 	-2.63297493735e-19 	0.154079415168 	0.000574117670889 	268.376019378 	-65.7688959103 	37.3069093456 	1.54347766053 	3.51758525671e-21
0.462 	0.303138075314 	4.1460872433e-19 	0.1543915622 	0.000574613849824 	268.687505962 	-65.4615505661 	37.2889958751 	1.60759387799 	1.73694737619e-20
0.462 	0.30460251046 	1.02507080148e-18 	0.1543915622 	0.000574613849824 	268.687505962 	-65.4615505661 	37.2889958751 	1.60759387799 	1.73694737619e-20
0.462 	0.306066945607 	-3.03900814072e-19 	0.1543915622 	0.000574613849824 	268.687505962 	-65.4615505661 	37.2889958751 	1.60759387799 	1.73694737619e-20
0.462 	0.307531380753 	6.79613542762e-19 	0.154065196703 	0.000573641958009 	268.573793378 	-64.7740658244 	37.2663939961 	1.73248164969 	4.36651566565e-20
0.462 	0.3089958159 	2.66504373642e-19 	0.154065196703 	0.000573641958009 	268.573793378 	-64.7740658244 	37.2663939961 	1.73248164969 	4.36651566565e-20
0.462 	0.310460251046 	4.86931137755e-19 	0.154065196703 	0.000573641958009 	268.573793378 	-64.7740658244 	37.2663939961 	1.73248164969 	4.36651566565e-20
0.462 	0.311924686192 	-2.37825512856e-19 	0.153967389311 	0.000572833022766 	268.782320838 	-64.3503231714 	37.2418921715 	1.79141768555 	-9.49909223405e-20
0.462 	0.313389121339 	-9.02560067873e-20 	0.153967389311 	0.000572833022766 	268.782320838 	-64.3503231714 	37.2418921715 	1.79141768555 	-9.49909223405e-20
0.462 	0.314853556485 	5.14355904756e-19 	0.153967389311 	0.000572833022766 	268.782320838 	-64.3503231714 	37.2418921715 	1.79141768555 	-9.49909223405e-20
0.462 	0.316317991632 	-4.98828140281e-19 	0.152889399834 	0.000569467432963 	268.477863674 	-63.5569278995 	37.2149846494 	1.93068406314 	9.49522231586e-20
0.462 	0.317782426778 	1.08228666246e-18 	0.152889399834 	0.000569467432963 	268.477863674 	-63.5569278995 	37.2149846494 	1.93068406314 	9.49522231586e-20
0.462 	0.319246861925 	4.23122482889e-20 	0.152889399834 	0.000569467432963 	268.477863674 	-63.5569278995 	37.2149846494 	1.93068406314 	9.49522231586e-20
0.462 	0.320711297071 	1.8108283162e-20 	0.15251840082 	0.000566410609129 	269.271793927 	-62.9294922961 	37.1864362591 	1.98597667636 	2.15577698435e-20
0.462 	0.322175732218 	1.49814878369e-19 	0.15251840082 	0.000566410609129 	269.271793927 	-62.9294922961 	37.1864362591 	1.98597667636 	2.15577698435e-20
0.462 	0.323640167364 	1.16878602716e-19 	0.15251840082 	0.000566410609129 	269.271793927 	-62.9294922961 	37.1864362591 	1.98597667636 	2.15577698435e-20
0.462 	0.32510460251 	-2.26047603697e-18 	0.151959939759 	0.000561684031695 	270.543457147 	-62.1223258803 	37.160162979 	2.13422131847 	-4.86418116172e-20
0.462 	0.326569037657 	2.00066018495e-19 	0.151959939759 	0.000561684031695 	270.543457147 	-62.1223258803 	37.160162979 	2.13422131847 	-4.86418116172e-20
0.462 	0.328033472803 	5.75676501301e-19 	0.151959939759 	0.000561684031695 	270.543457147 	-62.1223258803 	37.160162979 	2.13422131847 	-4.86418116172e-20
0.462 	0.32949790795 	5.6715350988e-19 	0.152802619595 	0.000560530939491 	272.603363756 	-61.1158811094 	37.2329020281 	2.19590934947 	-9.10279606722e-20
0.462 	0.330962343096 	-1.56210214091e-18 	0.152802619595 	0.000560530939491 	272.603363756 	-61.1158811094 	37.2329020281 	2.19590934947 	-9.10279606722e-20
0.462 	0.332426778243 	6.55527642124e-20 	0.152802619595 	0.000560530939491 	272.603363756 	-61.1158811094 	37.2329020281 	2.19590934947 	-9.10279606722e-20
0.462 	0.333891213389 	3.04496312707e-19 	0.153596314131 	0.000561299986629 	273.643894157 	-60.4875890062 	37.7552420636 	2.37546281877 	1.37558732155e-19
0.462 	0.335355648536 	5.77635007679e-19 	0.153596314131 	0.000561299986629 	273.643894157 	-60.4875890062 	37.7552420636 	2.37546281877 	1.37558732155e-19
0.462 	0.336820083682 	-1.08396265653e-18 	0.153596314131 	0.000561299986629 	273.643894157 	-60.4875890062 	37.7552420636 	2.37546281877 	1.37558732155e-19
0.462 	0.338284518828 	-4.59306367694e-19 	0.150502165171 	0.000556614001309 	270.388752021 	-58.7511522236 	37.2916454066 	2.46647934167 	-1.40383789431e-19
0.462 	0.339748953975 	7.88761963972e-19 	0.150502165171 	0.000556614001309 	270.388752021 	-58.7511522236 	37.2916454066 	2.46647934167 	-1.40383789431e-19
0.462 	0.341213389121 	2.40522720368e-20 	0.150502165171 	0.000556614001309 	270.388752021 	-58.7511522236 	37.2916454066 	2.46647934167 	-1.40383789431e-19
