0.462 	0 	0 	4.15983764865 	3.13726952734e-05 	132594.206918 	75.4894754614 	13.2941923667 	-0.00816085903195 	1.42415628431e-21
0.462 	0.00146443514644 	1.55190197905e-18 	9.45118036446 	0.00132830259968 	7115.23139889 	75.0398623413 	20.8834121227 	-0.174887169822 	-4.5261047654e-21
0.462 	0.00292887029289 	2.27894282525e-19 	11.5913692307 	0.00237281397931 	4885.07288468 	74.4945147086 	22.8329300479 	-0.368723213704 	-3.56736444916e-21
0.462 	0.00439330543933 	4.06206515118e-18 	12.105386081 	0.00267388067285 	4527.27236631 	74.0441090466 	24.3890355691 	-0.533404870883 	-4.45966897939e-21
0.462 	0.00585774058577 	2.90849898855e-18 	11.0748375039 	0.00257318364332 	4303.94368962 	73.3399509029 	26.3767551126 	-0.730348684368 	8.67548411204e-23
0.462 	0.00732217573222 	4.03663395467e-18 	8.90362112027 	0.00222949467966 	3993.56015581 	72.4800522356 	28.1126306145 	-0.886907676382 	6.5532191889e-23
0.462 	0.00878661087866 	-5.78355133948e-19 	6.58768840217 	0.00182251814665 	3614.60785138 	71.5358379278 	29.4927049216 	-1.00039638003 	-3.40635212359e-21
0.462 	0.0102510460251 	-4.79338217431e-18 	3.64761684825 	0.00121520596959 	3001.64493881 	69.9658064034 	31.0528310854 	-1.1241268998 	-4.195334752e-20
0.462 	0.0117154811715 	-2.81118413051e-18 	1.7404933075 	0.00076989548157 	2260.68778057 	68.380082898 	31.9802730225 	-1.20934301336 	-4.07458584686e-20
0.462 	0.013179916318 	-1.57469312492e-18 	0.693352431359 	0.000493707935778 	1404.37773249 	66.5327297394 	32.473605823 	-1.28275415047 	-3.03705680627e-20
0.462 	0.0146443514644 	-1.42755524277e-18 	0.402842006737 	0.000415503616498 	969.527076881 	65.0104310555 	32.6372139604 	-1.33266417199 	-8.0979327097e-21
0.462 	0.0161087866109 	-2.30545665495e-18 	0.283241282813 	0.00039669425899 	714.003987692 	62.8314984219 	32.7657849054 	-1.39645057808 	6.10694618752e-20
0.462 	0.0175732217573 	-2.03125158182e-18 	0.252884477922 	0.000401580020696 	629.723753398 	61.0927523513 	32.8456656984 	-1.44344964996 	-2.36834886354e-20
0.462 	0.0190376569038 	-1.5153142064e-18 	0.233378629234 	0.000412567441138 	565.6738898 	58.6353783446 	32.94926129 	-1.5053634074 	-3.10492486811e-20
0.462 	0.0205020920502 	-2.76445174537e-18 	0.224941319415 	0.000421190433962 	534.060845826 	56.6865660762 	33.0273603317 	-1.55110660413 	2.59557375668e-20
0.462 	0.0219665271967 	-2.00232504733e-19 	0.219077720036 	0.000429696060961 	509.843445031 	54.6458186163 	33.1060952307 	-1.59606626923 	2.48533168616e-21
0.462 	0.0234309623431 	1.46625959785e-19 	0.214750702764 	0.000438243546558 	490.025932957 	52.5122889086 	33.1855634622 	-1.64006297874 	5.80520962661e-20
0.462 	0.0248953974895 	1.26246999068e-18 	0.212439064597 	0.000444100201308 	478.35840644 	51.0381155818 	33.2390664055 	-1.66877117242 	-2.30905550546e-21
0.462 	0.026359832636 	3.58764873118e-19 	0.209587588183 	0.000453315636423 	462.343610817 	48.7489289427 	33.3203640527 	-1.71076515161 	-1.97498322096e-23
0.462 	0.0278242677824 	-1.45123683558e-18 	0.207303756384 	0.000463230820592 	447.517192658 	46.3662488435 	33.4032583484 	-1.75131106621 	-3.60866704856e-20
0.462 	0.0292887029289 	-3.27180112727e-20 	0.206037896133 	0.000470305588064 	438.093659446 	44.7259931165 	33.4595934561 	-1.77744171705 	-3.63665181422e-20
0.462 	0.0307531380753 	-5.99302813682e-19 	0.204470648196 	0.000481692608004 	424.483674439 	42.188328621 	33.5459429763 	-1.8151396986 	5.0707992442e-20
0.462 	0.0322175732218 	-3.14266856485e-18 	0.203624789329 	0.00048983151222 	415.703735365 	40.445395379 	33.6048448799 	-1.8391847153 	-8.54363649723e-21
0.462 	0.0336820083682 	2.81423118758e-18 	0.202623730637 	0.000502897180895 	402.912838517 	37.7550921102 	33.6953041021 	-1.87346906587 	-1.25539858615e-20
0.462 	0.0351464435146 	8.1680661254e-19 	0.20211867674 	0.000512193126117 	394.614192254 	35.9115654559 	33.7570288002 	-1.89504801268 	-1.29501981009e-20
0.462 	0.0366108786611 	1.20407971431e-18 	0.201730937591 	0.000521964931097 	386.483699522 	34.0286281175 	33.8198663937 	-1.91553564371 	2.58847665078e-20
0.462 	0.0380753138075 	1.95066938084e-18 	0.201450032487 	0.000532216747624 	378.51126141 	32.1068611491 	33.8837708772 	-1.93487424606 	-7.79506029666e-21
0.462 	0.039539748954 	1.61312122246e-18 	0.201265827161 	0.000542951206577 	370.688608337 	30.146919853 	33.9486773032 	-1.95300837081 	-7.66016770732e-20
0.462 	0.0410041841004 	1.42536458743e-18 	0.201168449445 	0.000554169332327 	363.008989689 	28.1495343805 	34.0145064834 	-1.96988512085 	-2.09010737785e-20
0.462 	0.0424686192469 	-2.95817441982e-19 	0.20114823044 	0.00056587043243 	355.466938918 	26.1155099666 	34.0811680334 	-1.98545421008 	5.78584287738e-21
0.462 	0.0439330543933 	1.26291738104e-18 	0.201195741742 	0.000578051886355 	348.058273818 	24.0457267873 	34.1485656056 	-1.99966800774 	-5.75456338318e-20
0.462 	0.0453974895397 	1.69611656028e-19 	0.201301589133 	0.000590708295156 	340.78002761 	21.941139052 	34.216603548 	-2.01248144224 	-5.23284110929e-21
0.462 	0.0468619246862 	-1.35554822484e-18 	0.201455988193 	0.000603830307202 	333.630137127 	19.8027733974 	34.2851905175 	-2.02385162794 	-7.67307966785e-22
0.462 	0.0483263598326 	3.72043041686e-19 	0.201648489387 	0.000617403612373 	326.607239326 	17.6317269228 	34.3542419563 	-2.03373748961 	-1.38840379274e-20
0.462 	0.0497907949791 	-7.03835078134e-19 	0.201755533252 	0.00062435337524 	323.143177009 	16.5343098931 	34.3889183871 	-2.03811139857 	-1.06884896515e-20
0.462 	0.0512552301255 	-8.1761687539e-20 	0.20198360316 	0.000638562860052 	316.309663145 	14.3164470858 	34.4585333325 	-2.04569708271 	2.1044910512e-20
0.462 	0.052719665272 	-3.05188199277e-19 	0.202219240073 	0.000653158067123 	309.602300349 	12.0689366117 	34.5284552178 	-2.0517018097 	-7.40839592732e-21
0.462 	0.0541841004184 	8.80599450696e-19 	0.202335470824 	0.000660588057677 	306.295986541 	10.9344740026 	34.563518523 	-2.05409969711 	2.2448858709e-22
0.462 	0.0556485355649 	6.09447310273e-19 	0.202555355989 	0.000675683539333 	299.778437978 	8.64498617347 	34.6338329793 	-2.0576636812 	8.66978034784e-21
0.462 	0.0571129707113 	5.05022947169e-19 	0.202745160569 	0.000691046932468 	293.388409735 	6.32925659807 	34.7043872348 	-2.05955521654 	-7.25000442938e-21
0.462 	0.0585774058577 	8.20549164057e-20 	0.202823521464 	0.000698809440469 	290.241530406 	5.1620036123 	34.739753165 	-2.05986257518 	5.29481783122e-21
0.462 	0.0600418410042 	-7.02024634081e-19 	0.202936096813 	0.000714451321406 	284.044679788 	2.80965241356 	34.8106640702 	-2.05917787179 	-3.43191464254e-21
0.462 	0.0615062761506 	-1.27493916076e-18 	0.202965745812 	0.000722310883919 	280.994998595 	1.62493534385 	34.8462102219 	-2.05817669549 	-3.20073768928e-22
0.462 	0.0629707112971 	-2.05419706347e-18 	0.202960012311 	0.000738052451086 	274.994022461 	-0.760607873567 	34.9174871336 	-2.05483365544 	-2.28197862667e-22
0.462 	0.0644351464435 	1.73651095725e-18 	0.202919766612 	0.000745910265731 	272.043134321 	-1.9610362503 	34.9532184813 	-2.05248242586 	2.63600199776e-21
0.462 	0.06589958159 	-8.32756553214e-19 	0.202751945164 	0.000761533770867 	266.241567899 	-4.37619166608 	35.0248638304 	-2.04639662333 	3.74856657386e-21
0.462 	0.0673640167364 	1.40587615379e-18 	0.202619206439 	0.000769270716521 	263.391290072 	-5.59050449059 	35.0607743258 	-2.04265228986 	-1.30498603195e-21
0.462 	0.0688284518828 	-8.75728584163e-19 	0.202450411805 	0.000776937274092 	260.574976329 	-6.80902660577 	35.096740113 	-2.03843377077 	-8.41849094981e-21
0.462 	0.0702928870293 	-2.67439518301e-19 	0.201993829521 	0.000791991938839 	255.045309952 	-9.25783969413 	35.1688272476 	-2.02855453814 	1.86589557352e-21
0.462 	0.0717573221757 	5.95546463437e-20 	0.201700404866 	0.000799343583858 	252.332550032 	-10.4876943126 	35.2049442642 	-2.02288412055 	-6.00989097557e-21
0.462 	0.0732217573222 	2.41630779023e-19 	0.201359582678 	0.000806551697219 	249.654899211 	-11.7208856193 	35.2411082104 	-2.01672013645 	-2.9117038229e-21
0.462 	0.0746861924686 	1.42510256936e-18 	0.200522782331 	0.000820449677061 	244.40594949 	-14.1963767562 	35.3135738984 	-2.00289277347 	-1.64463990718e-21
0.462 	0.0761506276151 	8.75990261815e-19 	0.200019799564 	0.000827091725585 	241.835087181 	-15.4382195875 	35.349875226 	-1.995220207 	-2.52140051358e-20
0.462 	0.0776150627615 	1.92519348055e-19 	0.199455356834 	0.000833494213742 	239.300229738 	-16.6824852272 	35.3862224576 	-1.98703568566 	-2.51757785293e-20
0.462 	0.0790794979079 	-5.0400583018e-19 	0.198825302097 	0.000839628305269 	236.801571421 	-17.9289391898 	35.4226159716 	-1.97833474163 	3.12874291026e-20
0.462 	0.0805439330544 	-2.41978707537e-18 	0.198125161556 	0.000845462777231 	234.33930729 	-19.177344605 	35.4590561293 	-1.9691129422 	2.16511419654e-20
0.462 	0.0820083682008 	-9.2526975748e-19 	0.196494887873 	0.000856094710344 	229.524707371 	-21.6790504246 	35.5320773543 	-1.94908922706 	1.052758264e-20
0.462 	0.0834728033473 	-2.14088386495e-19 	0.195553854612 	0.000860815798256 	227.172706412 	-22.9318651988 	35.5686588525 	-1.93827865999 	-6.11266468151e-21
0.462 	0.0849372384937 	-1.84821218179e-18 	0.194520879342 	0.000865084076891 	224.85777341 	-24.1856602623 	35.6052881709 	-1.92692996595 	-1.16199608661e-20
0.462 	0.0864016736402 	-8.41580990532e-20 	0.193389396405 	0.000868853137535 	222.580074871 	-25.4401871358 	35.6419662283 	-1.91503900787 	-3.24495047445e-21
0.462 	0.0878661087866 	-6.16168155031e-19 	0.192152465194 	0.000872073198866 	220.339835514 	-26.6951952118 	35.6786946982 	-1.90260174993 	3.8016181405e-20
0.462 	0.0893305439331 	-1.45289889858e-18 	0.190802917336 	0.000874691524605 	218.137379829 	-27.9504318418 	35.7154767615 	-1.88961430888 	-2.60105131397e-20
0.462 	0.0907949790795 	-1.78344282585e-18 	0.189333583997 	0.000876653311704 	215.973157769 	-29.2056424115 	35.7523186167 	-1.87607306807 	-1.09629464623e-22
0.462 	0.0922594142259 	3.17668791291e-19 	0.187737575946 	0.000877903058099 	213.847729785 	-30.4605705668 	35.7892315936 	-1.86197483619 	6.60141578968e-21
0.462 	0.0937238493724 	1.30494720955e-18 	0.184141091853 	0.000878052247933 	209.715415326 	-32.9685478262 	35.8633487364 	-1.83209721663 	-4.92017902379e-21
0.462 	0.0951882845188 	-2.96921895862e-19 	0.182130805646 	0.000876855752028 	207.708970631 	-34.2210791131 	35.9005995631 	-1.81631334511 	1.81094971361e-20
0.462 	0.0966527196653 	-1.51681277526e-19 	0.179974996302 	0.000874761555032 	205.741776449 	-35.4722922707 	35.9379961537 	-1.79996215035 	2.89002736157e-21
0.462 	0.0981171548117 	-1.783872705e-20 	0.177673336313 	0.000871748332463 	203.812648326 	-36.7219246223 	35.9755193087 	-1.78303846557 	-7.92388862427e-20
0.462 	0.0995815899582 	2.7814497135e-19 	0.17522902482 	0.000867814082847 	201.920006006 	-37.9697081672 	36.0131075173 	-1.76553445581 	7.3260708045e-20
0.462 	0.101046025105 	8.23071616509e-19 	0.172650103829 	0.000862981513845 	200.062343236 	-39.2153659695 	36.050655007 	-1.74743981712 	-5.88421764879e-20
0.462 	0.102510460251 	9.40463455214e-19 	0.169950489412 	0.000857301912604 	198.238784859 	-40.4586090011 	36.0880265544 	-1.72874309308 	-9.95614752376e-21
0.462 	0.103974895397 	-4.92849762668e-19 	0.167150125499 	0.000850855622394 	196.449457581 	-41.6991347832 	36.1250871616 	-1.70943375688 	5.0699866091e-20
0.462 	0.105439330544 	-6.75227605901e-19 	0.164273873274 	0.00084374789584 	194.695446453 	-42.9366287774 	36.1617362863 	-1.68950420654 	-5.11234110197e-20
0.462 	0.10690376569 	2.4771404597e-19 	0.164273873274 	0.00084374789584 	194.695446453 	-42.9366287774 	36.1617362863 	-1.68950420654 	-5.11234110197e-20
0.462 	0.108368200837 	9.89986149135e-19 	0.161349258216 	0.000836100440866 	192.978319744 	-44.1707682698 	36.1979322154 	-1.66895075673 	1.00607466762e-19
0.462 	0.109832635983 	-1.0429740901e-19 	0.158403727609 	0.000828040672744 	191.29945282 	-45.4012274717 	36.2336958059 	-1.64777318397 	2.50172761157e-20
0.462 	0.11129707113 	-1.09230454251e-18 	0.15546227434 	0.000819691513464 	189.659489925 	-46.6276819666 	36.2690927511 	-1.62597312739 	-1.48902809588e-19
0.462 	0.112761506276 	-1.21081402851e-18 	0.15254603794 	0.000811164057643 	188.058181945 	-47.8498111496 	36.3042039145 	-1.60355219593 	5.6605683339e-20
0.462 	0.114225941423 	1.15991615461e-18 	0.14967200144 	0.000802553965774 	186.494625686 	-49.0672983152 	36.3390977825 	-1.58051064601 	-2.97450857992e-20
0.462 	0.115690376569 	-7.79666742358e-19 	0.146853457542 	0.000793940957169 	184.967731184 	-50.2798291417 	36.3738154863 	-1.55684702347 	5.93753160908e-20
0.462 	0.117154811715 	-1.27439729946e-18 	0.144100716491 	0.000785389959414 	183.476647191 	-51.4870897083 	36.4083704377 	-1.53255858466 	1.51933432555e-20
0.462 	0.118619246862 	2.41233247292e-19 	0.141421653079 	0.000776952602816 	182.020952844 	-52.6887650068 	36.4427572969 	-1.50764199929 	-1.39062321747e-20
0.462 	0.120083682008 	-3.25586430551e-19 	0.138821982151 	0.000768668478231 	180.60059191 	-53.8845382619 	36.4769626895 	-1.48209390417 	5.04235407077e-20
0.462 	0.121548117155 	7.39706025232e-19 	0.138821982151 	0.000768668478231 	180.60059191 	-53.8845382619 	36.4769626895 	-1.48209390417 	5.04235407077e-20
0.462 	0.123012552301 	-4.57813004316e-19 	0.136305399783 	0.000760566303837 	179.215670081 	-55.0740909104 	36.5109725327 	-1.45591114996 	-6.47995637592e-20
0.462 	0.124476987448 	-1.40639574848e-18 	0.133873790161 	0.00075266540081 	177.866273668 	-56.2571028617 	36.5447748492 	-1.42909081285 	3.33592971695e-20
0.462 	0.125941422594 	-1.02169427416e-18 	0.131527558705 	0.000744977537503 	176.552381896 	-57.4332527824 	36.578359609 	-1.40163011646 	-2.05228402452e-20
0.462 	0.127405857741 	1.41974493967e-18 	0.129265998221 	0.000737508795591 	175.273839436 	-58.6022183062 	36.611717636 	-1.37352636519 	-1.98951925709e-20
0.462 	0.128870292887 	5.28392375777e-19 	0.129265998221 	0.000737508795591 	175.273839436 	-58.6022183062 	36.611717636 	-1.37352636519 	-1.98951925709e-20
0.462 	0.130334728033 	9.35567394706e-19 	0.127087642281 	0.000730261268922 	174.030374729 	-59.7636761762 	36.6448398043 	-1.34477691796 	-4.07366349184e-20
0.462 	0.13179916318 	1.95011535731e-19 	0.124990563869 	0.000723234459132 	172.821637977 	-60.9173023734 	36.6777167775 	-1.31537918783 	1.23751324019e-22
0.462 	0.133263598326 	7.42557674782e-19 	0.12297259484 	0.000716426302791 	171.647236234 	-62.0627722559 	36.710339069 	-1.28533064795 	8.38367070213e-20
0.462 	0.134728033473 	6.08490075812e-19 	0.121031466656 	0.000709833848192 	170.506755861 	-63.1997607326 	36.7426971588 	-1.25462883321 	-2.19499388495e-20
0.462 	0.136192468619 	-5.7354081267e-20 	0.121031466656 	0.000709833848192 	170.506755861 	-63.1997607326 	36.7426971588 	-1.25462883321 	-2.19499388495e-20
0.462 	0.137656903766 	-1.48984836835e-18 	0.119164879325 	0.000703453623141 	169.399766246 	-64.3279424529 	36.7747815319 	-1.22327133326 	-4.13746733352e-20
0.462 	0.139121338912 	1.65362396872e-18 	0.11737051798 	0.000697281777166 	168.325807189 	-65.4469920129 	36.8065826438 	-1.19125578171 	-6.91635457489e-20
0.462 	0.140585774059 	-9.84429428323e-19 	0.115646070356 	0.000691314193726 	167.284385892 	-66.5565841616 	36.8380908928 	-1.15857984769 	1.66935069621e-19
0.462 	0.142050209205 	1.48359461561e-20 	0.115646070356 	0.000691314193726 	167.284385892 	-66.5565841616 	36.8380908928 	-1.15857984769 	1.66935069621e-19
0.462 	0.143514644351 	1.3419783659e-18 	0.113989278839 	0.000685546693693 	166.275003421 	-67.6563940095 	36.8692966334 	-1.12524123017 	-1.698407791e-19
0.462 	0.144979079498 	7.72034760603e-19 	0.112397961246 	0.000679975129368 	165.297165134 	-68.7460972432 	36.9001901961 	-1.09123765085 	8.69054742665e-20
0.462 	0.146443514644 	1.78280692235e-18 	0.110870001364 	0.000674595370903 	164.350373788 	-69.8253703465 	36.9307618958 	-1.056566846 	-1.58222880302e-19
0.462 	0.147907949791 	-9.31293363067e-19 	0.110870001364 	0.000674595370903 	164.350373788 	-69.8253703465 	36.9307618958 	-1.056566846 	-1.58222880302e-19
0.462 	0.149372384937 	1.22513967586e-19 	0.109403344757 	0.000669403302874 	163.43412751 	-70.8938908133 	36.961002033 	-1.02122655683 	2.52763167365e-19
0.462 	0.150836820084 	-9.3773558478e-19 	0.107995998259 	0.000664394831884 	162.547920417 	-71.9513373626 	36.9909008934 	-0.985214518596 	-1.64151745947e-19
0.462 	0.15230125523 	4.19727345581e-19 	0.107995998259 	0.000664394831884 	162.547920417 	-71.9513373626 	36.9909008934 	-0.985214518596 	-1.64151745947e-19
0.462 	0.153765690377 	-2.06146797929e-19 	0.106646032616 	0.000659565904804 	161.691245468 	-72.9973901724 	37.0204487559 	-0.948528448945 	2.06487051553e-19
0.462 	0.155230125523 	4.09773094937e-19 	0.105351588609 	0.000654912538869 	160.86359988 	-74.0317310914 	37.049635918 	-0.911166037266 	-1.47834460933e-20
0.462 	0.156694560669 	-2.21953190142e-20 	0.105351588609 	0.000654912538869 	160.86359988 	-74.0317310914 	37.049635918 	-0.911166037266 	-1.47834460933e-20
0.462 	0.158158995816 	2.08855427797e-18 	0.104110879737 	0.000650430838301 	160.064488961 	-75.0540438559 	37.0784527231 	-0.873124932333 	-2.06650437047e-19
0.462 	0.159623430962 	-3.78470599555e-19 	0.102922177239 	0.000646116945588 	159.293418849 	-76.0640143045 	37.1068895548 	-0.834402725897 	1.26143793602e-19
0.462 	0.161087866109 	-7.65740299742e-19 	0.102922177239 	0.000646116945588 	159.293418849 	-76.0640143045 	37.1068895548 	-0.834402725897 	1.26143793602e-19
0.462 	0.162552301255 	1.36809157397e-19 	0.101783784618 	0.000641966956256 	158.549881152 	-77.0613305791 	37.1349368114 	-0.794996933736 	-2.08502111783e-19
0.462 	0.164016736402 	-2.22809130717e-19 	0.100694047213 	0.0006379769557 	157.833361086 	-78.0456833187 	37.1625849027 	-0.75490497981 	8.4955109961e-21
0.462 	0.165481171548 	-2.67524886724e-19 	0.100694047213 	0.0006379769557 	157.833361086 	-78.0456833187 	37.1625849027 	-0.75490497981 	8.4955109961e-21
0.462 	0.166945606695 	7.45592973984e-19 	0.0996513822966 	0.000634143135146 	157.143358926 	-79.0167658198 	37.1898242675 	-0.714124178786 	2.60960612883e-19
0.462 	0.168410041841 	4.95622358063e-19 	0.0986542660056 	0.000630461772217 	156.479378057 	-79.9742742298 	37.2166453826 	-0.67265171945 	-5.51453746823e-20
0.462 	0.169874476987 	6.10769089901e-21 	0.0986542660056 	0.000630461772217 	156.479378057 	-79.9742742298 	37.2166453826 	-0.67265171945 	-5.51453746823e-20
0.462 	0.171338912134 	3.5618206194e-19 	0.0977012293269 	0.000626929302931 	155.840904022 	-80.9179076414 	37.2430387645 	-0.630484638552 	1.08639830684e-19
0.462 	0.17280334728 	1.7043259654e-20 	0.0977012293269 	0.000626929302931 	155.840904022 	-80.9179076414 	37.2430387645 	-0.630484638552 	1.08639830684e-19
0.462 	0.174267782427 	4.64502618925e-19 	0.0967908563235 	0.000623542182194 	155.227439438 	-81.8473683207 	37.2689949721 	-0.587619809902 	1.526116538e-21
0.462 	0.175732217573 	5.91018036057e-19 	0.0959217822875 	0.000620296933907 	154.638491735 	-82.7623616454 	37.2945046097 	-0.54405390172 	2.22515730979e-20
0.462 	0.17719665272 	-1.36580434396e-19 	0.0959217822875 	0.000620296933907 	154.638491735 	-82.7623616454 	37.2945046097 	-0.54405390172 	2.22515730979e-20
0.462 	0.178661087866 	-1.78294670325e-20 	0.0950926931282 	0.000617190160072 	154.073572912 	-83.6625964848 	37.3195583211 	-0.499783386115 	-3.53506661524e-19
0.462 	0.180125523013 	9.16161244365e-19 	0.0950926931282 	0.000617190160072 	154.073572912 	-83.6625964848 	37.3195583211 	-0.499783386115 	-3.53506661524e-19
0.462 	0.181589958159 	-8.14156409927e-19 	0.0943023238964 	0.000614218542647 	153.532199614 	-84.5477847364 	37.3441467906 	-0.454804453735 	2.29592254685e-19
0.462 	0.183054393305 	7.06005137544e-19 	0.093549460012 	0.00061137885345 	153.013895532 	-85.4176422651 	37.3682607289 	-0.409113088709 	-7.16863249778e-20
0.462 	0.184518828452 	-1.08217705552e-19 	0.093549460012 	0.00061137885345 	153.013895532 	-85.4176422651 	37.3682607289 	-0.409113088709 	-7.16863249778e-20
0.462 	0.185983263598 	-7.79263234133e-19 	0.0928329386039 	0.000608667963346 	152.518194146 	-86.2718873152 	37.3918908971 	-0.362704863651 	1.37570295475e-19
0.462 	0.187447698745 	7.10664181788e-19 	0.0928329386039 	0.000608667963346 	152.518194146 	-86.2718873152 	37.3918908971 	-0.362704863651 	1.37570295475e-19
0.462 	0.188912133891 	-7.84720228741e-19 	0.0921516531541 	0.000606082861489 	152.044644403 	-87.1102431779 	37.4150280826 	-0.315575215402 	-1.3262109594e-19
0.462 	0.190376569038 	8.39015138491e-19 	0.0921516531541 	0.000606082861489 	152.044644403 	-87.1102431779 	37.4150280826 	-0.315575215402 	-1.3262109594e-19
0.462 	0.191841004184 	1.4924287564e-18 	0.091504539309 	0.000603620605146 	151.592802712 	-87.9324335109 	37.4376631376 	-0.267718891833 	3.12137282079e-21
0.462 	0.193305439331 	-1.26646846511e-19 	0.0908905662178 	0.000601278291162 	151.162228129 	-88.7381899725 	37.4597868673 	-0.219130796169 	-9.2289359358e-20
0.462 	0.194769874477 	8.40775200932e-20 	0.0908905662178 	0.000601278291162 	151.162228129 	-88.7381899725 	37.4597868673 	-0.219130796169 	-9.2289359358e-20
0.462 	0.196234309623 	-4.92632697532e-20 	0.0903087465341 	0.000599053096677 	150.752490948 	-89.5272390717 	37.4813901606 	-0.16980447748 	1.57198782962e-19
0.462 	0.19769874477 	2.63974157799e-19 	0.0903087465341 	0.000599053096677 	150.752490948 	-89.5272390717 	37.4813901606 	-0.16980447748 	1.57198782962e-19
0.462 	0.199163179916 	1.09622474006e-18 	0.0897581544964 	0.000596942350196 	150.363187445 	-90.2993234738 	37.5024637647 	-0.119734551388 	-1.6186757145e-19
0.462 	0.200627615063 	-9.49512108511e-19 	0.0897581544964 	0.000596942350196 	150.363187445 	-90.2993234738 	37.5024637647 	-0.119734551388 	-1.6186757145e-19
0.462 	0.202092050209 	1.07643435763e-18 	0.0892378907396 	0.000594943408375 	149.993914519 	-91.0541662948 	37.5229986236 	-0.0689126031221 	2.27901626753e-19
0.462 	0.203556485356 	6.32902487845e-19 	0.0892378907396 	0.000594943408375 	149.993914519 	-91.0541662948 	37.5229986236 	-0.0689126031221 	2.27901626753e-19
0.462 	0.205020920502 	8.80230258151e-19 	0.0887471316765 	0.000593053840169 	149.644308266 	-91.7915285833 	37.5429853095 	-0.0173337983205 	-1.45308313049e-19
0.462 	0.206485355649 	-3.66496903585e-19 	0.0887471316765 	0.000593053840169 	149.644308266 	-91.7915285833 	37.5429853095 	-0.0173337983205 	-1.45308313049e-19
0.462 	0.207949790795 	-6.02539622165e-19 	0.0882850490889 	0.000591271137119 	149.313983969 	-92.5111153505 	37.562414869 	0.0350139690556 	1.23729272133e-19
0.462 	0.209414225941 	-7.21195361778e-19 	0.0882850490889 	0.000591271137119 	149.313983969 	-92.5111153505 	37.562414869 	0.0350139690556 	1.23729272133e-19
0.462 	0.210878661088 	3.40502604365e-19 	0.0878509372582 	0.000589593181985 	149.002634261 	-93.2127252558 	37.5812774677 	0.0881326894486 	-1.73247292704e-19
0.462 	0.212343096234 	-6.91470843384e-19 	0.0878509372582 	0.000589593181985 	149.002634261 	-93.2127252558 	37.5812774677 	0.0881326894486 	-1.73247292704e-19
0.462 	0.213807531381 	5.86923040432e-19 	0.0874440124817 	0.000588017515344 	148.709877172 	-93.896011162 	37.5995644109 	0.142042157889 	2.56626404135e-19
0.462 	0.215271966527 	7.39252411236e-19 	0.0874440124817 	0.000588017515344 	148.709877172 	-93.896011162 	37.5995644109 	0.142042157889 	2.56626404135e-19
0.462 	0.216736401674 	2.06177716182e-19 	0.0870637264339 	0.000586542489619 	148.435497811 	-94.5608563622 	37.6172650201 	0.196735805034 	-1.91830057546e-19
0.462 	0.21820083682 	1.80925857496e-18 	0.0870637264339 	0.000586542489619 	148.435497811 	-94.5608563622 	37.6172650201 	0.196735805034 	-1.91830057546e-19
0.462 	0.219665271967 	-8.71056463933e-19 	0.0867092801186 	0.000585165477878 	148.179076512 	-95.206784594 	37.6343712555 	0.252250302884 	-1.67398336721e-20
0.462 	0.221129707113 	1.14845388263e-18 	0.0867092801186 	0.000585165477878 	148.179076512 	-95.206784594 	37.6343712555 	0.252250302884 	-1.67398336721e-20
0.462 	0.222594142259 	1.65537147957e-19 	0.0863803726028 	0.000583885638261 	147.940567369 	-95.833872671 	37.6508707702 	0.308557095311 	-1.06670336759e-19
0.462 	0.224058577406 	4.60060858153e-19 	0.0863803726028 	0.000583885638261 	147.940567369 	-95.833872671 	37.6508707702 	0.308557095311 	-1.06670336759e-19
0.462 	0.225523012552 	-2.92202867816e-19 	0.0860760574588 	0.000582699680157 	147.719417721 	-96.4413462252 	37.6667570549 	0.365730342453 	1.02048799792e-19
0.462 	0.226987447699 	8.14957439358e-19 	0.0860760574588 	0.000582699680157 	147.719417721 	-96.4413462252 	37.6667570549 	0.365730342453 	1.02048799792e-19
0.462 	0.228451882845 	-7.17657628452e-19 	0.0857964774297 	0.000581608289101 	147.515912406 	-97.0297156088 	37.6820145552 	0.423689406092 	2.23241726087e-19
0.462 	0.229916317992 	-1.28795091918e-19 	0.0857964774297 	0.000581608289101 	147.515912406 	-97.0297156088 	37.6820145552 	0.423689406092 	2.23241726087e-19
0.462 	0.231380753138 	6.93346338254e-19 	0.0855402553342 	0.000580606433658 	147.329155131 	-97.5975504079 	37.6966400715 	0.482590687868 	-1.64448256438e-19
0.462 	0.232845188285 	4.00080343828e-20 	0.0855402553342 	0.000580606433658 	147.329155131 	-97.5975504079 	37.6966400715 	0.482590687868 	-1.64448256438e-19
0.462 	0.234309623431 	3.67338581801e-19 	0.0853083898486 	0.000579697836998 	147.160096871 	-98.1462989912 	37.710612015 	0.542236863269 	-5.79940461198e-20
0.462 	0.235774058577 	-3.44027435259e-19 	0.0853083898486 	0.000579697836998 	147.160096871 	-98.1462989912 	37.710612015 	0.542236863269 	-5.79940461198e-20
0.462 	0.237238493724 	-6.11419943489e-19 	0.085098486596 	0.000578873486026 	147.007055342 	-98.6731467351 	37.7239339154 	0.602960175161 	2.01947137647e-19
0.462 	0.23870292887 	6.44582966708e-19 	0.085098486596 	0.000578873486026 	147.007055342 	-98.6731467351 	37.7239339154 	0.602960175161 	2.01947137647e-19
0.462 	0.240167364017 	2.11762153276e-19 	0.0849132346893 	0.000578143195662 	146.872323892 	-99.1814909144 	37.7365730495 	0.664313736403 	-1.34113219364e-19
0.462 	0.241631799163 	-2.90192848003e-19 	0.0849132346893 	0.000578143195662 	146.872323892 	-99.1814909144 	37.7365730495 	0.664313736403 	-1.34113219364e-19
0.462 	0.24309623431 	-1.78224787943e-19 	0.0847480531466 	0.000577489489403 	146.7525465 	-99.6657159041 	37.7485460277 	0.72699361163 	5.13876593195e-21
0.462 	0.244560669456 	2.32238408322e-19 	0.0847480531466 	0.000577489489403 	146.7525465 	-99.6657159041 	37.7485460277 	0.72699361163 	5.13876593195e-21
0.462 	0.246025104603 	4.36399532015e-19 	0.0847480531466 	0.000577489489403 	146.7525465 	-99.6657159041 	37.7485460277 	0.72699361163 	5.13876593195e-21
0.462 	0.247489539749 	-1.09229387954e-18 	0.0846089490164 	0.000576934219525 	146.652679202 	-100.133096922 	37.759799967 	0.790041611223 	3.86115825852e-20
0.462 	0.248953974895 	-1.08288071895e-18 	0.0846089490164 	0.000576934219525 	146.652679202 	-100.133096922 	37.759799967 	0.790041611223 	3.86115825852e-20
0.462 	0.250418410042 	1.6592096283e-19 	0.0844869054217 	0.000576442798391 	146.565983056 	-100.572588606 	37.7703763046 	0.854879458103 	4.64637243643e-21
0.462 	0.251882845188 	-3.88412088593e-19 	0.0844869054217 	0.000576442798391 	146.565983056 	-100.572588606 	37.7703763046 	0.854879458103 	4.64637243643e-21
0.462 	0.253347280335 	-2.08441873282e-19 	0.0843942869387 	0.000576060163928 	146.502556891 	-100.998841582 	37.7801855019 	0.919544417789 	-4.48426914359e-20
0.462 	0.254811715481 	4.34831586744e-19 	0.0843942869387 	0.000576060163928 	146.502556891 	-100.998841582 	37.7801855019 	0.919544417789 	-4.48426914359e-20
0.462 	0.256276150628 	1.12065809418e-18 	0.0843942869387 	0.000576060163928 	146.502556891 	-100.998841582 	37.7801855019 	0.919544417789 	-4.48426914359e-20
0.462 	0.257740585774 	-6.35214251368e-19 	0.0843134379288 	0.000575718382574 	146.449098172 	-101.390749607 	37.7893133394 	0.986849773645 	-1.77710369444e-20
0.462 	0.259205020921 	-4.43779356823e-19 	0.0843134379288 	0.000575718382574 	146.449098172 	-101.390749607 	37.7893133394 	0.986849773645 	-1.77710369444e-20
0.462 	0.260669456067 	-1.03174333177e-18 	0.084268563443 	0.000575505191637 	146.425374901 	-101.776341405 	37.7975917345 	1.05294012082 	-1.1206031586e-19
0.462 	0.262133891213 	-2.1964519322e-19 	0.084268563443 	0.000575505191637 	146.425374901 	-101.776341405 	37.7975917345 	1.05294012082 	-1.1206031586e-19
0.462 	0.26359832636 	-2.26578239217e-19 	0.0842260168113 	0.000575290651255 	146.406023855 	-102.116737326 	37.8051676385 	1.12319098294 	5.79572145788e-20
0.462 	0.265062761506 	1.30540827387e-19 	0.0842260168113 	0.000575290651255 	146.406023855 	-102.116737326 	37.8051676385 	1.12319098294 	5.79572145788e-20
0.462 	0.266527196653 	1.63027273674e-19 	0.0842260168113 	0.000575290651255 	146.406023855 	-102.116737326 	37.8051676385 	1.12319098294 	5.79572145788e-20
0.462 	0.267991631799 	-5.6545485125e-19 	0.0842317169452 	0.000575240038144 	146.428814686 	-102.46304503 	37.8117757588 	1.19033188325 	-1.47654444225e-20
0.462 	0.269456066946 	-2.15455392304e-19 	0.0842317169452 	0.000575240038144 	146.428814686 	-102.46304503 	37.8117757588 	1.19033188325 	-1.47654444225e-20
0.462 	0.270920502092 	-1.63607570985e-18 	0.0842228152625 	0.000575108759607 	146.44676134 	-102.746559846 	37.8178451495 	1.26425977806 	7.86303878214e-20
0.462 	0.272384937238 	-7.45852446759e-20 	0.0842228152625 	0.000575108759607 	146.44676134 	-102.746559846 	37.8178451495 	1.26425977806 	7.86303878214e-20
0.462 	0.273849372385 	5.38066227892e-19 	0.0842228152625 	0.000575108759607 	146.44676134 	-102.746559846 	37.8178451495 	1.26425977806 	7.86303878214e-20
0.462 	0.275313807531 	-1.44762842609e-19 	0.0842803653083 	0.000575183449927 	146.527799642 	-103.056119194 	37.8228705753 	1.33181064623 	-1.21222443153e-19
0.462 	0.276778242678 	3.89388964828e-19 	0.0842803653083 	0.000575183449927 	146.527799642 	-103.056119194 	37.8228705753 	1.33181064623 	-1.21222443153e-19
0.462 	0.278242677824 	1.03554513432e-18 	0.0842877224837 	0.000575004196314 	146.586273672 	-103.275706126 	37.8274618664 	1.41050068451 	5.17402522013e-20
0.462 	0.279707112971 	5.74831110779e-19 	0.0842877224837 	0.000575004196314 	146.586273672 	-103.275706126 	37.8274618664 	1.41050068451 	5.17402522013e-20
0.462 	0.281171548117 	-3.94729498333e-19 	0.0842877224837 	0.000575004196314 	146.586273672 	-103.275706126 	37.8274618664 	1.41050068451 	5.17402522013e-20
0.462 	0.282635983264 	-7.7527650252e-19 	0.0843831749662 	0.000575043014632 	146.742370256 	-103.55220278 	37.8305366472 	1.4774420213 	1.02055481814e-19
0.462 	0.28410041841 	-7.21497058894e-19 	0.0843831749662 	0.000575043014632 	146.742370256 	-103.55220278 	37.8305366472 	1.4774420213 	1.02055481814e-19
0.462 	0.285564853556 	-1.93090900577e-19 	0.0843551348757 	0.000574447279582 	146.845738285 	-103.699274233 	37.8334687654 	1.56240835958 	-1.07034190071e-19
0.462 	0.287029288703 	-9.8495725904e-19 	0.0843551348757 	0.000574447279582 	146.845738285 	-103.699274233 	37.8334687654 	1.56240835958 	-1.07034190071e-19
0.462 	0.288493723849 	6.08054407583e-19 	0.0843551348757 	0.000574447279582 	146.845738285 	-103.699274233 	37.8334687654 	1.56240835958 	-1.07034190071e-19
0.462 	0.289958158996 	-2.70733413485e-19 	0.084425468918 	0.000573922106564 	147.102660714 	-103.94694524 	37.8342890926 	1.62727777118 	4.08946424395e-20
0.462 	0.291422594142 	6.82754358981e-20 	0.084425468918 	0.000573922106564 	147.102660714 	-103.94694524 	37.8342890926 	1.62727777118 	4.08946424395e-20
0.462 	0.292887029289 	1.22108046063e-18 	0.084425468918 	0.000573922106564 	147.102660714 	-103.94694524 	37.8342890926 	1.62727777118 	4.08946424395e-20
0.462 	0.294351464435 	6.24075749578e-19 	0.0842217957769 	0.000571919111003 	147.261726626 	-104.012422167 	37.8357803086 	1.72052752262 	7.14424735693e-20
0.462 	0.295815899582 	-9.12320767057e-19 	0.0842217957769 	0.000571919111003 	147.261726626 	-104.012422167 	37.8357803086 	1.72052752262 	7.14424735693e-20
0.462 	0.297280334728 	6.27764039667e-19 	0.0840940770575 	0.000569420847864 	147.683523308 	-104.233939914 	37.8336231255 	1.78142955183 	-4.37248895697e-24
0.462 	0.298744769874 	-1.15007249399e-19 	0.0840940770575 	0.000569420847864 	147.683523308 	-104.233939914 	37.8336231255 	1.78142955183 	-4.37248895697e-24
0.462 	0.300209205021 	-7.62106850634e-19 	0.0840940770575 	0.000569420847864 	147.683523308 	-104.233939914 	37.8336231255 	1.78142955183 	-4.37248895697e-24
0.462 	0.301673640167 	5.15300804203e-19 	0.0834337511319 	0.000563828321286 	147.977226369 	-104.211516514 	37.8319251854 	1.88524160124 	-1.99421109048e-19
0.462 	0.303138075314 	2.39160983812e-19 	0.0834337511319 	0.000563828321286 	147.977226369 	-104.211516514 	37.8319251854 	1.88524160124 	-1.99421109048e-19
0.462 	0.30460251046 	3.28021001529e-19 	0.0834337511319 	0.000563828321286 	147.977226369 	-104.211516514 	37.8319251854 	1.88524160124 	-1.99421109048e-19
0.462 	0.306066945607 	1.0915946046e-19 	0.0828163100722 	0.000556632740687 	148.780881933 	-104.40310388 	37.8199675677 	1.93982345241 	-9.96679910997e-20
0.462 	0.307531380753 	9.97773178115e-20 	0.0828163100722 	0.000556632740687 	148.780881933 	-104.40310388 	37.8199675677 	1.93982345241 	-9.96679910997e-20
0.462 	0.3089958159 	1.14259560326e-18 	0.0813549208254 	0.000544963851495 	149.284985788 	-104.296003323 	37.8046961668 	2.05585770163 	3.35158659735e-19
0.462 	0.310460251046 	-5.86249072619e-19 	0.0813549208254 	0.000544963851495 	149.284985788 	-104.296003323 	37.8046961668 	2.05585770163 	3.35158659735e-19
0.462 	0.311924686192 	-4.52539329884e-20 	0.0813549208254 	0.000544963851495 	149.284985788 	-104.296003323 	37.8046961668 	2.05585770163 	3.35158659735e-19
0.462 	0.313389121339 	3.87045544767e-20 	0.0807405277976 	0.000534804243426 	150.972115106 	-104.43689747 	37.7567607341 	2.10126197459 	-1.87421433005e-19
0.462 	0.314853556485 	-3.30524762794e-19 	0.0807405277976 	0.000534804243426 	150.972115106 	-104.43689747 	37.7567607341 	2.10126197459 	-1.87421433005e-19
0.462 	0.316317991632 	9.14217655912e-19 	0.0807405277976 	0.000534804243426 	150.972115106 	-104.43689747 	37.7567607341 	2.10126197459 	-1.87421433005e-19
0.462 	0.317782426778 	1.36321092859e-19 	0.0805687514016 	0.000526915028616 	152.906535259 	-104.267485893 	37.6657293697 	2.22762435409 	1.01256821105e-19
0.462 	0.319246861925 	-7.71583506382e-19 	0.0805687514016 	0.000526915028616 	152.906535259 	-104.267485893 	37.6657293697 	2.22762435409 	1.01256821105e-19
0.462 	0.320711297071 	3.84709226962e-19 	0.0805687514016 	0.000526915028616 	152.906535259 	-104.267485893 	37.6657293697 	2.22762435409 	1.01256821105e-19
0.462 	0.322175732218 	-3.77794311035e-20 	0.0822286982156 	0.000462654392843 	156.70186918 	-104.309598681 	37.4998070902 	2.2595982186 	1.06157044977e-19
0.462 	0.323640167364 	-3.70443363102e-19 	0.0822286982156 	0.000462654392843 	156.70186918 	-104.309598681 	37.4998070902 	2.2595982186 	1.06157044977e-19
0.462 	0.32510460251 	9.16194345883e-19 	0.0822286982156 	0.000462654392843 	156.70186918 	-104.309598681 	37.4998070902 	2.2595982186 	1.06157044977e-19
0.462 	0.326569037657 	1.17313283342e-18 	0.083654299436 	0.000370179529005 	161.366019354 	-104.156439002 	37.3041467888 	2.39144466025 	1.55258818662e-19
0.462 	0.328033472803 	-9.18594782745e-19 	0.083654299436 	0.000370179529005 	161.366019354 	-104.156439002 	37.3041467888 	2.39144466025 	1.55258818662e-19
0.462 	0.32949790795 	2.8815831475e-19 	0.083654299436 	0.000370179529005 	161.366019354 	-104.156439002 	37.3041467888 	2.39144466025 	1.55258818662e-19
0.462 	0.330962343096 	1.92164503853e-18 	0.0773301091045 	0.00050835311223 	152.118885956 	-103.966648086 	36.9569013652 	2.41292242787 	-9.00373903399e-20
0.462 	0.332426778243 	-1.13500357226e-18 	0.0773301091045 	0.00050835311223 	152.118885956 	-103.966648086 	36.9569013652 	2.41292242787 	-9.00373903399e-20
0.462 	0.333891213389 	6.51590868975e-19 	0.0773301091045 	0.00050835311223 	152.118885956 	-103.966648086 	36.9569013652 	2.41292242787 	-9.00373903399e-20
