0.378 	0.00585774058577 	3.03883950025e-18 	12.2736630093 	0.00100095675981 	12261.9312862 	68.3243381665 	-0.772201092689 	-0.0200536807121 	-1.20698816953e-18
0.378 	0.00732217573222 	3.59303236434e-18 	19.920406542 	0.00225896736383 	8818.36845498 	65.9134584507 	2.59652713073 	-1.1344596471 	3.48927552289e-19
0.378 	0.00878661087866 	2.82369583202e-18 	24.7739674079 	0.00246684249858 	9233.01761777 	63.7019707912 	6.4405377952 	-2.35418125417 	4.64782315956e-19
0.378 	0.0102510460251 	-8.82815078865e-19 	26.614212338 	0.00239749828059 	9691.9025518 	61.2934008165 	11.1657861163 	-3.75330206544 	1.94259845491e-19
0.378 	0.0117154811715 	-1.36846668253e-18 	25.0594362858 	0.00216788275703 	9482.87247831 	59.1569934778 	15.5375792203 	-4.96753572066 	6.06477676902e-19
0.378 	0.013179916318 	-1.4683603708e-18 	20.4694111016 	0.00199649364531 	8704.67200186 	56.7342646421 	20.1006063085 	-6.15131527992 	2.72397387201e-19
0.378 	0.0146443514644 	-5.38967491712e-18 	14.5029409633 	0.00187731038442 	7725.38259182 	53.9361303669 	24.1892647595 	-7.13130482817 	-5.14589731641e-19
0.378 	0.0161087866109 	-2.23161933194e-18 	8.00005793327 	0.00121553532647 	6581.510022 	50.8040671324 	27.9485280069 	-7.95475146117 	-1.50139430083e-19
0.378 	0.0175732217573 	-2.98736323167e-18 	3.55171195195 	0.000703933734655 	5045.52030553 	48.2493469445 	30.316052595 	-8.41624906557 	1.42659619442e-19
0.378 	0.0190376569038 	-1.30134801265e-18 	0.808326301735 	0.000340514689164 	2373.83680486 	44.6983518965 	31.8776151841 	-8.58492917665 	1.03127623255e-18
0.378 	0.0205020920502 	9.38706998033e-19 	0.404868818433 	0.000306228661587 	1322.11275174 	41.9699625518 	32.1557016553 	-8.47267380906 	-5.65610957067e-19
0.378 	0.0219665271967 	1.8746178347e-18 	0.307447834524 	0.000339740291598 	904.949580981 	39.1611664747 	32.291855872 	-8.32514420229 	1.37383859621e-19
0.378 	0.0234309623431 	1.40540249949e-18 	0.281540167448 	0.000380114747891 	740.671518299 	36.2510395073 	32.4181053954 	-8.17711635403 	1.992678526e-19
0.378 	0.0248953974895 	1.05761764333e-18 	0.273963145058 	0.000409043971744 	669.764533848 	33.2310953707 	32.5496843552 	-8.03227956761 	8.0056955226e-19
0.378 	0.026359832636 	2.06787494439e-18 	0.271129764357 	0.000429003234108 	631.99934826 	30.098166307 	32.6862153626 	-7.89021396395 	1.25862190964e-19
0.378 	0.0278242677824 	1.22630325185e-18 	0.269682458259 	0.000445294673514 	605.626957382 	26.8492044353 	32.8260562449 	-7.75022180757 	8.48061472e-19
0.378 	0.0292887029289 	5.52027070629e-19 	0.269078009234 	0.000455735037057 	590.426426221 	24.6182306182 	32.9206552689 	-7.65777786134 	2.11565004178e-19
0.378 	0.0307531380753 	9.09598883791e-19 	0.268562177434 	0.000471828807453 	569.194108523 	21.1763239501 	33.0643142306 	-7.52008625656 	-1.12895934375e-19
0.378 	0.0322175732218 	-4.73140820722e-19 	0.268457898629 	0.000483073423034 	555.72897582 	18.8197587559 	33.1611524051 	-7.42874807472 	-4.76931942625e-19
0.378 	0.0336820083682 	-9.84850836922e-20 	0.268544615967 	0.000494815532004 	542.716625889 	16.4143495308 	33.2587688264 	-7.33764509269 	-1.8974467377e-19
0.378 	0.0351464435146 	2.71465294334e-19 	0.269037789747 	0.000513406023384 	524.025386328 	12.7148773621 	33.406656982 	-7.20124329239 	1.25957014004e-19
0.378 	0.0366108786611 	3.04896055609e-19 	0.269612092016 	0.000526480743511 	512.102475426 	10.1882002441 	33.5061866499 	-7.11034976374 	-8.84959611197e-21
0.378 	0.0380753138075 	-4.93851106799e-19 	0.270378974702 	0.000540140895206 	500.571197445 	7.61469706604 	33.6064602327 	-7.01938929637 	-1.00920317357e-20
0.378 	0.039539748954 	2.1941293986e-18 	0.271326521867 	0.000554379705189 	489.423619457 	4.99638677368 	33.7074571617 	-6.92826236279 	-2.56737960222e-20
0.378 	0.0410041841004 	8.40204059086e-19 	0.272438208461 	0.000569229703916 	478.608559228 	2.33572699049 	33.8091560168 	-6.83688214426 	-2.0971555892e-20
0.378 	0.0424686192469 	5.79154358631e-19 	0.273686740928 	0.000584661118479 	468.111752736 	-0.365042129249 	33.9115303676 	-6.74515713272 	1.40576352007e-20
0.378 	0.0439330543933 	1.15077177045e-18 	0.275037927504 	0.00060066430498 	457.889581958 	-3.10400817398 	34.0145748958 	-6.65302169884 	2.49822258055e-20
0.378 	0.0453974895397 	2.29484776776e-18 	0.276452670981 	0.000617202355272 	447.912534065 	-5.87932700262 	34.1182556651 	-6.56040365306 	-1.68412508993e-20
0.378 	0.0468619246862 	1.2783570897e-18 	0.277886883644 	0.000634221038217 	438.154628905 	-8.68905367078 	34.2225450919 	-6.46723679614 	-1.47269359638e-19
0.378 	0.0483263598326 	1.75873498325e-18 	0.279293746042 	0.000651650165742 	428.59460601 	-11.531079497 	34.3274304699 	-6.37346200461 	3.61255974967e-20
0.378 	0.0497907949791 	-1.06580272476e-19 	0.279972083901 	0.000660493037873 	423.883474688 	-12.9635155741 	34.3800942217 	-6.32632923398 	-2.89446324072e-19
0.378 	0.0512552301255 	8.16966685538e-19 	0.281249635562 	0.000678378416631 	414.591072868 	-15.8497919456 	34.4858540248 	-6.2315387371 	-5.27101198342e-20
0.378 	0.052719665272 	2.10567141286e-19 	0.282385582356 	0.000696449154331 	405.464750155 	-18.7625918993 	34.5921626864 	-6.13600196064 	9.50846655804e-20
0.378 	0.0541841004184 	8.66233768422e-19 	0.283340873797 	0.00071460528901 	396.499827463 	-21.6993738061 	34.6989675069 	-6.03966168253 	-4.26212367694e-20
0.378 	0.0556485355649 	1.38689965487e-18 	0.283740012887 	0.000723683711483 	392.077379088 	-23.1759251594 	34.7525345801 	-5.99117189413 	1.83761381048e-19
0.378 	0.0571129707113 	7.07899677048e-19 	0.284362210392 	0.000741777027444 	383.352678596 	-26.1436071163 	34.8599489259 	-5.89351588161 	-3.7792984978e-19
0.378 	0.0585774058577 	7.08673495396e-19 	0.284578230795 	0.000750765335158 	379.050839814 	-27.6340149366 	34.913774554 	-5.84433470698 	2.21274095703e-19
0.378 	0.0600418410042 	9.05638634323e-19 	0.284803473443 	0.000768556181284 	370.569491702 	-30.6260893156 	35.0216030502 	-5.74522870723 	2.12474313022e-19
0.378 	0.0615062761506 	2.03919104907e-19 	0.284806263705 	0.000777329420865 	366.390691076 	-32.1269782493 	35.075580646 	-5.69528925321 	-3.03716671277e-19
0.378 	0.0629707112971 	3.12532954847e-19 	0.284576042387 	0.000794552679354 	358.158810336 	-35.1364483331 	35.1836002675 	-5.59460245855 	1.99155758192e-19
0.378 	0.0644351464435 	1.31245693786e-18 	0.2843362304 	0.000802968130019 	354.106495352 	-36.6441989995 	35.2376181801 	-5.54384186283 	5.57424947225e-21
0.378 	0.06589958159 	-1.14666209036e-19 	0.284008372573 	0.000811227442109 	350.097097104 	-38.1533922906 	35.2916253509 	-5.49279468833 	4.82163195171e-19
0.378 	0.0673640167364 	-8.12368799795e-19 	0.2830717681 	0.000827190895609 	342.208515111 	-41.1743537712 	35.3995589087 	-5.38981703847 	1.73188524081e-19
0.378 	0.0688284518828 	-1.57013767116e-18 	0.282453426545 	0.000834845866145 	338.33002953 	-42.685225917 	35.4534627562 	-5.33787589437 	9.4394020795e-20
0.378 	0.0702928870293 	1.31094320183e-18 	0.280887244057 	0.000849356295084 	330.706024884 	-45.7054588776 	35.5610973874 	-5.23306627115 	6.76860847203e-20
0.378 	0.0717573221757 	1.14418036801e-18 	0.279924637659 	0.000856141564408 	326.960691195 	-47.2138823258 	35.6148118007 	-5.18019019558 	6.98002399406e-20
0.378 	0.0732217573222 	-4.44670673842e-19 	0.278830397495 	0.000862558477178 	323.259703397 	-48.720542341 	35.6684472703 	-5.12699572195 	2.11649985981e-19
0.378 	0.0746861924686 	-6.47369481328e-19 	0.277593699366 	0.000868558433026 	319.602791028 	-50.2249563044 	35.7219972604 	-5.07348058212 	-8.14819208268e-20
0.378 	0.0761506276151 	1.10353505299e-18 	0.274641217462 	0.00087907838297 	312.419487024 	-53.225094196 	35.8288297866 	-4.96548513219 	2.57582653779e-19
0.378 	0.0776150627615 	1.22299231664e-18 	0.272895468827 	0.000883465513018 	308.892044801 	-54.7198339028 	35.8821194821 	-4.91100740889 	3.14797495985e-19
0.378 	0.0790794979079 	1.41678370655e-18 	0.270948048732 	0.000887170877972 	305.406833632 	-56.2103608076 	35.9353413117 	-4.85621513474 	-4.52444365506e-19
0.378 	0.0805439330544 	3.36128629428e-19 	0.268782126513 	0.000890113614292 	301.963841691 	-57.6961783168 	35.9885187045 	-4.80111586026 	3.01221222856e-19
0.378 	0.0820083682008 	-5.39069782524e-19 	0.266382052153 	0.000892211850871 	298.563678451 	-59.1767894674 	36.0416841294 	-4.74571994424 	-6.34874514539e-19
0.378 	0.0834728033473 	1.31382830414e-18 	0.260831475834 	0.000893570287473 	291.898107503 	-62.1204051484 	36.1481235641 	-4.63408545974 	7.71543132621e-20
0.378 	0.0849372384937 	1.75571440767e-18 	0.25766846703 	0.000892706329847 	288.637436988 	-63.5824145992 	36.2014387713 	-4.57786397352 	-1.00792564185e-19
0.378 	0.0864016736402 	2.75444983577e-19 	0.254248524423 	0.000890761232468 	285.428367509 	-65.0372240383 	36.2547864203 	-4.52137130114 	-3.47311141982e-20
0.378 	0.0878661087866 	1.12300976204e-18 	0.250581346226 	0.000887726658547 	282.273089147 	-66.4843248669 	36.3080732882 	-4.46459104886 	-4.15813414546e-19
0.378 	0.0893305439331 	-2.59653330915e-19 	0.24668388096 	0.000883623932383 	279.172928572 	-67.9231981115 	36.3611467135 	-4.40749468728 	-1.02860006624e-19
0.378 	0.0907949790795 	-2.31277328178e-18 	0.242580190436 	0.000878505748614 	276.12817653 	-69.3533121038 	36.4138150138 	-4.35004663295 	1.8380166976e-19
0.378 	0.0922594142259 	1.33112639878e-18 	0.238300759179 	0.0008724549785 	273.138173375 	-70.7741225391 	36.465885424 	-4.29221261888 	-1.14458964894e-19
0.378 	0.0937238493724 	2.02711959886e-19 	0.23388118932 	0.000865580341959 	270.201595372 	-72.1850754232 	36.5172063557 	-4.2339682287 	1.04788880346e-19
0.378 	0.0951882845188 	1.38147960531e-18 	0.229360379112 	0.000858009401553 	267.316860045 	-73.5856123476 	36.5676969305 	-4.17530410541 	2.26653731807e-19
0.378 	0.0966527196653 	1.83166324949e-18 	0.22477842722 	0.000849879977555 	264.482554191 	-74.9751766909 	36.6173521939 	-4.11622591988 	7.1786979904e-19
0.378 	0.0981171548117 	-5.71773368026e-19 	0.220174545947 	0.000841331312541 	261.697790947 	-76.3532192326 	36.666224285 	-4.05674977088 	-2.63563897008e-19
0.378 	0.0995815899582 	-7.72111317333e-19 	0.215585216207 	0.000832496153206 	258.962417276 	-77.7192020828 	36.7143907416 	-3.99689565859 	2.21066517269e-19
0.378 	0.101046025105 	-5.64789398667e-19 	0.211042740819 	0.000823494562934 	256.277030011 	-79.0726007405 	36.7619247177 	-3.93668196354 	-3.6024991689e-19
0.378 	0.102510460251 	-4.00835718303e-19 	0.206574286397 	0.000814429865058 	253.642818442 	-80.4129047453 	36.80887731 	-3.87612260698 	-1.326650317e-19
0.378 	0.103974895397 	6.60530328243e-19 	0.202201446083 	0.000805386759185 	251.061299154 	-81.7396175513 	36.8552738462 	-3.81522686881 	-2.42539464849e-19
0.378 	0.105439330544 	5.59427146432e-19 	0.197940297357 	0.00079643137249 	248.53402841 	-83.0522563443 	36.9011195003 	-3.75400074574 	3.75733558212e-19
0.378 	0.10690376569 	1.17408321587e-18 	0.193801871707 	0.000787612810128 	246.062366197 	-84.3503520474 	36.9464077875 	-3.69244860359 	-1.27419838717e-19
0.378 	0.108368200837 	-8.24796635352e-20 	0.189792906536 	0.00077896566419 	243.647332946 	-85.6334496285 	36.9911274522 	-3.63057438609 	7.23312959073e-21
0.378 	0.109832635983 	-7.38343666299e-19 	0.185916728683 	0.000770512935642 	241.289561905 	-86.9011086839 	37.0352663126 	-3.56838222496 	-1.19345060047e-19
0.378 	0.11129707113 	3.4267370338e-19 	0.18217413067 	0.000762268909134 	238.989323174 	-88.1529041365 	37.0788126849 	-3.50587662857 	-2.67469878035e-19
0.378 	0.112761506276 	-6.16360178875e-20 	0.18217413067 	0.000762268909134 	238.989323174 	-88.1529041365 	37.0788126849 	-3.50587662857 	-2.67469878035e-19
0.378 	0.114225941423 	-1.12764022662e-18 	0.178564139769 	0.000754241667098 	236.746586086 	-89.3884270561 	37.1217555947 	-3.44306247892 	5.32221008467e-19
0.378 	0.115690376569 	8.31806184421e-20 	0.17508462985 	0.000746435091762 	234.56109149 	-90.6072854798 	37.1640846492 	-3.3799449826 	-1.50853158129e-19
0.378 	0.117154811715 	-9.39543026198e-19 	0.17173276969 	0.000738850338813 	232.43241651 	-91.8091052875 	37.2057899399 	-3.31652962941 	-8.84368758192e-20
0.378 	0.118619246862 	5.49716934222e-19 	0.16850532915 	0.000731486851403 	230.36002469 	-92.9935310745 	37.2468620301 	-3.25282216304 	-8.86410716163e-20
0.378 	0.120083682008 	-3.25991037852e-19 	0.165398876123 	0.000724343018668 	228.343301255 	-94.1602270341 	37.2872919812 	-3.18882855548 	-1.59939116014e-20
0.378 	0.121548117155 	-5.46624472791e-19 	0.165398876123 	0.000724343018668 	228.343301255 	-94.1602270341 	37.2872919812 	-3.18882855548 	-1.59939116014e-20
0.378 	0.123012552301 	-9.40420467177e-19 	0.162409896905 	0.000717416582801 	226.381576337 	-95.3088778341 	37.3270713845 	-3.12455498072 	3.17170804353e-19
0.378 	0.124476987448 	9.1658769054e-19 	0.159534866617 	0.000710704880509 	224.474139678 	-96.4391894814 	37.36619239 	-3.06000778433 	-1.24192531504e-19
0.378 	0.125941422594 	7.95856407e-19 	0.156770288964 	0.000704204981875 	222.620249784 	-97.5508901621 	37.4046477353 	-2.99519345165 	7.18953442186e-20
0.378 	0.127405857741 	8.31189066529e-19 	0.15411271804 	0.000697913769076 	220.819139654 	-98.6437310565 	37.4424307792 	-2.930118573 	4.51885775426e-20
0.378 	0.128870292887 	4.52904561416e-19 	0.15411271804 	0.000697913769076 	220.819139654 	-98.6437310565 	37.4424307792 	-2.930118573 	4.51885775426e-20
0.378 	0.130334728033 	6.59758772686e-19 	0.151558770106 	0.000691827981654 	219.070020474 	-99.7174871177 	37.4795355359 	-2.86478980759 	-2.97041436273e-19
0.378 	0.13179916318 	1.37378238316e-18 	0.149105129994 	0.000685944244213 	217.372084177 	-100.771957821 	37.5159567039 	-2.79921384537 	2.57868795554e-19
0.378 	0.133263598326 	4.69188536512e-19 	0.14674855474 	0.000680259085348 	215.724505414 	-101.806967882 	37.5516896867 	-2.7333973669 	-1.45007810996e-19
0.378 	0.134728033473 	-2.29283264972e-20 	0.14674855474 	0.000680259085348 	215.724505414 	-101.806967882 	37.5516896867 	-2.7333973669 	-1.45007810996e-19
0.378 	0.136192468619 	4.08128642948e-20 	0.144485875848 	0.000674768952408 	214.126443329 	-102.82236793 	37.5867306066 	-2.66734700086 	2.6472465073e-19
0.378 	0.137656903766 	-7.09558387694e-19 	0.142314000828 	0.000669470224254 	212.577043269 	-103.818035154 	37.6210763152 	-2.60106927917 	-2.05493868605e-19
0.378 	0.139121338912 	2.36086043289e-19 	0.140229914277 	0.000664359222817 	211.075438499 	-104.793873907 	37.6547244109 	-2.5345705905 	1.95034214817e-19
0.378 	0.140585774059 	-5.43207189266e-19 	0.140229914277 	0.000664359222817 	211.075438499 	-104.793873907 	37.6547244109 	-2.5345705905 	1.95034214817e-19
0.378 	0.142050209205 	1.954514351e-19 	0.138230678586 	0.00065943222381 	209.620751906 	-105.749816267 	37.6876732604 	-2.46785713174 	-2.87364309414e-19
0.378 	0.143514644351 	1.71997388285e-19 	0.136313434376 	0.000654685466773 	208.212097708 	-106.685822555 	37.7199220238 	-2.40093485955 	1.63310287525e-19
0.378 	0.144979079498 	-3.244727581e-20 	0.134475400719 	0.000650115164683 	206.848583181 	-107.601881807 	37.7514706744 	-2.33380944015 	-3.50789994018e-20
0.378 	0.146443514644 	-5.62658867552e-20 	0.134475400719 	0.000650115164683 	206.848583181 	-107.601881807 	37.7514706744 	-2.33380944015 	-3.50789994018e-20
0.378 	0.147907949791 	-1.74784179889e-18 	0.132713875286 	0.000645717513384 	205.529310473 	-108.498012197 	37.7823200082 	-2.26648619794 	2.87122971075e-19
0.378 	0.149372384937 	2.69608693176e-19 	0.131026234421 	0.00064148870092 	204.253378482 	-109.374261404 	37.8124716455 	-2.19897006182 	-2.60181688143e-19
0.378 	0.150836820084 	-1.03812092653e-18 	0.131026234421 	0.00064148870092 	204.253378482 	-109.374261404 	37.8124716455 	-2.19897006182 	-2.60181688143e-19
0.378 	0.15230125523 	-9.64672158297e-19 	0.129409933137 	0.000637424916657 	203.019884782 	-110.230706938 	37.841928029 	-2.13126550845 	6.38600483117e-20
0.378 	0.153765690377 	-3.35926458439e-20 	0.127862504954 	0.000633522359988 	201.82792752 	-111.067456403 	37.8706924234 	-2.06337650329 	1.95952716104e-19
0.378 	0.155230125523 	-3.31168876469e-19 	0.127862504954 	0.000633522359988 	201.82792752 	-111.067456403 	37.8706924234 	-2.06337650329 	1.95952716104e-19
0.378 	0.156694560669 	-9.3827699362e-19 	0.12638156157 	0.000629777248554 	200.67660726 	-111.884647726 	37.8987689187 	-1.99530643981 	-1.44500318358e-19
0.378 	0.158158995816 	-8.0923569531e-20 	0.124964792376 	0.000626185825983 	199.565028767 	-112.682449313 	37.9261624336 	-1.92705807653 	-6.11431106741e-20
0.378 	0.159623430962 	1.30951930532e-19 	0.124964792376 	0.000626185825983 	199.565028767 	-112.682449313 	37.9261624336 	-1.92705807653 	-6.11431106741e-20
0.378 	0.161087866109 	2.85076156104e-19 	0.123609963929 	0.000622744369434 	198.492302775 	-113.461060194 	37.9528787185 	-1.85863347544 	2.17987206301e-19
0.378 	0.162552301255 	1.0263892162e-18 	0.123609963929 	0.000622744369434 	198.492302775 	-113.461060194 	37.9528787185 	-1.85863347544 	2.17987206301e-19
0.378 	0.164016736402 	-1.26015870646e-18 	0.122314919388 	0.000619449196971 	197.457547747 	-114.22071006 	37.9789243528 	-1.79003393371 	-4.66763622264e-19
0.378 	0.165481171548 	5.93361601688e-19 	0.121077578036 	0.00061629667512 	196.459891679 	-114.96165935 	38.0043067392 	-1.72125992205 	2.41726236418e-19
0.378 	0.166945606695 	-9.80579953861e-20 	0.121077578036 	0.00061629667512 	196.459891679 	-114.96165935 	38.0043067392 	-1.72125992205 	2.41726236418e-19
0.378 	0.168410041841 	3.5618377763e-19 	0.119895934768 	0.000613283226207 	195.49847386 	-115.684199121 	38.0290340926 	-1.65231100514 	1.39569243944e-21
0.378 	0.169874476987 	8.43099199307e-19 	0.118768059783 	0.000610405335137 	194.572447104 	-116.388651175 	38.0531154305 	-1.58318578601 	-1.41971184435e-19
0.378 	0.171338912134 	9.4532284356e-19 	0.118768059783 	0.000610405335137 	194.572447104 	-116.388651175 	38.0531154305 	-1.58318578601 	-1.41971184435e-19
0.378 	0.17280334728 	1.00526696596e-18 	0.117692097197 	0.000607659520895 	193.680989353 	-117.075367599 	38.0765605624 	-1.51388180182 	-2.77095835253e-20
0.378 	0.174267782427 	-7.2592415953e-19 	0.117692097197 	0.000607659520895 	193.680989353 	-117.075367599 	38.0765605624 	-1.51388180182 	-2.77095835253e-20
0.378 	0.175732217573 	-6.60592841489e-19 	0.116666266097 	0.000605042426206 	192.823281549 	-117.744731232 	38.099380078 	-1.44439549937 	1.65085034935e-19
0.378 	0.17719665272 	6.99891670692e-19 	0.115688859419 	0.000602550773843 	191.998524341 	-118.397154355 	38.121585326 	-1.37472206606 	1.13549639008e-19
0.378 	0.178661087866 	3.36403684683e-19 	0.115688859419 	0.000602550773843 	191.998524341 	-118.397154355 	38.121585326 	-1.37472206606 	1.13549639008e-19
0.378 	0.180125523013 	1.33474609376e-19 	0.114758244119 	0.000600181380063 	191.205938623 	-119.033080377 	38.1431883963 	-1.30485550384 	-7.6904288421e-20
0.378 	0.181589958159 	2.96297302436e-19 	0.114758244119 	0.000600181380063 	191.205938623 	-119.033080377 	38.1431883963 	-1.30485550384 	-7.6904288421e-20
0.378 	0.183054393305 	-9.40349425766e-19 	0.113872859744 	0.000597931160328 	190.444765718 	-119.652980241 	38.1642020904 	-1.23478827979 	5.28146638986e-20
0.378 	0.184518828452 	1.04044104458e-19 	0.113872859744 	0.000597931160328 	190.444765718 	-119.652980241 	38.1642020904 	-1.23478827979 	5.28146638986e-20
0.378 	0.185983263598 	1.01523575668e-18 	0.113031220128 	0.000595797143069 	189.714270106 	-120.257357712 	38.1846399177 	-1.16451168646 	-2.0669558391e-19
0.378 	0.187447698745 	5.58367787438e-20 	0.113031220128 	0.000595797143069 	189.714270106 	-120.257357712 	38.1846399177 	-1.16451168646 	-2.0669558391e-19
0.378 	0.188912133891 	-1.53802829324e-18 	0.112231909944 	0.000593776467015 	189.013738635 	-120.846739538 	38.2045160545 	-1.09401500209 	1.06539234419e-19
0.378 	0.190376569038 	1.57056644916e-18 	0.111473589805 	0.000591866401791 	188.342486527 	-121.421690925 	38.2238453643 	-1.02328664743 	7.12679625953e-20
0.378 	0.191841004184 	-2.17034872983e-20 	0.111473589805 	0.000591866401791 	188.342486527 	-121.421690925 	38.2238453643 	-1.02328664743 	7.12679625953e-20
0.378 	0.193305439331 	-1.08185693194e-18 	0.110754987727 	0.000590064327612 	187.699853295 	-121.98278865 	38.2426432895 	-0.952312019627 	-1.04322047218e-19
0.378 	0.194769874477 	3.09706973176e-20 	0.110754987727 	0.000590064327612 	187.699853295 	-121.98278865 	38.2426432895 	-0.952312019627 	-1.04322047218e-19
0.378 	0.196234309623 	6.02528132721e-19 	0.110074913091 	0.000588367780687 	187.085215581 	-122.530664312 	38.2609259472 	-0.881076793833 	7.18540329042e-20
0.378 	0.19769874477 	1.0803478393e-19 	0.110074913091 	0.000588367780687 	187.085215581 	-122.530664312 	38.2609259472 	-0.881076793833 	7.18540329042e-20
0.378 	0.199163179916 	-1.63356207958e-18 	0.109432234823 	0.0005867743939 	186.497972578 	-123.065932064 	38.278709867 	-0.809561253408 	8.89493607873e-20
0.378 	0.200627615063 	4.05427741161e-19 	0.109432234823 	0.0005867743939 	186.497972578 	-123.065932064 	38.278709867 	-0.809561253408 	8.89493607873e-20
0.378 	0.202092050209 	1.55135837218e-18 	0.108825917232 	0.000585282008251 	185.937574875 	-123.589304837 	38.2960123449 	-0.73774919481 	-1.28685061559e-19
0.378 	0.203556485356 	-4.06005159298e-19 	0.108825917232 	0.000585282008251 	185.937574875 	-123.589304837 	38.2960123449 	-0.73774919481 	-1.28685061559e-19
0.378 	0.205020920502 	-1.68636758604e-20 	0.108254964776 	0.000583888515118 	185.403483667 	-124.101405426 	38.3128507738 	-0.665613310623 	2.50295323022e-20
0.378 	0.206485355649 	-3.44266715138e-19 	0.108254964776 	0.000583888515118 	185.403483667 	-124.101405426 	38.3128507738 	-0.665613310623 	2.50295323022e-20
0.378 	0.207949790795 	-1.45265392048e-19 	0.107718511325 	0.000582592127744 	184.895240075 	-124.603067306 	38.3292436621 	-0.593138234876 	3.23099991297e-20
0.378 	0.209414225941 	4.17244878504e-19 	0.107718511325 	0.000582592127744 	184.895240075 	-124.603067306 	38.3292436621 	-0.593138234876 	3.23099991297e-20
0.378 	0.210878661088 	1.25319160473e-19 	0.107215683278 	0.00058139097867 	184.412361409 	-125.09485446 	38.3452088605 	-0.520283624341 	-1.16537862524e-19
0.378 	0.212343096234 	2.56635871836e-19 	0.107215683278 	0.00058139097867 	184.412361409 	-125.09485446 	38.3452088605 	-0.520283624341 	-1.16537862524e-19
0.378 	0.213807531381 	7.60195534389e-19 	0.106745817143 	0.000580283775744 	183.954509164 	-125.57782058 	38.3607663663 	-0.447042210169 	1.06541175488e-19
0.378 	0.215271966527 	2.30799744672e-21 	0.106745817143 	0.000580283775744 	183.954509164 	-125.57782058 	38.3607663663 	-0.447042210169 	1.06541175488e-19
0.378 	0.216736401674 	2.32807092973e-19 	0.106308126243 	0.000579268806752 	183.521234017 	-126.052308752 	38.3759335422 	-0.373348069613 	8.25498126613e-20
0.378 	0.21820083682 	1.74900972341e-18 	0.106308126243 	0.000579268806752 	183.521234017 	-126.052308752 	38.3759335422 	-0.373348069613 	8.25498126613e-20
0.378 	0.219665271967 	9.57313691065e-20 	0.105902221136 	0.000578345508213 	183.112377691 	-126.519834641 	38.3907329029 	-0.299219825228 	-1.76122499835e-19
0.378 	0.221129707113 	-1.33353906708e-19 	0.105902221136 	0.000578345508213 	183.112377691 	-126.519834641 	38.3907329029 	-0.299219825228 	-1.76122499835e-19
0.378 	0.222594142259 	1.66822419769e-19 	0.1055273159 	0.000577512075228 	182.727462207 	-126.980147676 	38.4051792109 	-0.224537549707 	1.44718820404e-19
0.378 	0.224058577406 	4.5206022781e-19 	0.1055273159 	0.000577512075228 	182.727462207 	-126.980147676 	38.4051792109 	-0.224537549707 	1.44718820404e-19
0.378 	0.225523012552 	6.022053795e-19 	0.105183449423 	0.000576769154444 	182.366634228 	-127.435781548 	38.4193003168 	-0.149387260165 	-1.71437818766e-19
0.378 	0.226987447699 	9.22567772711e-20 	0.105183449423 	0.000576769154444 	182.366634228 	-127.435781548 	38.4193003168 	-0.149387260165 	-1.71437818766e-19
0.378 	0.228451882845 	5.69213001373e-19 	0.10486963334 	0.000576114235982 	182.029234464 	-127.885040239 	38.4331033006 	-0.0735306017851 	-3.87874911711e-20
0.378 	0.229916317992 	5.96787626246e-19 	0.10486963334 	0.000576114235982 	182.029234464 	-127.885040239 	38.4331033006 	-0.0735306017851 	-3.87874911711e-20
0.378 	0.231380753138 	1.12904284461e-18 	0.10486963334 	0.000576114235982 	182.029234464 	-127.885040239 	38.4331033006 	-0.0735306017851 	-3.87874911711e-20
0.378 	0.232845188285 	1.79617374561e-19 	0.104586670713 	0.000575550208032 	181.71598108 	-128.332753154 	38.4466289308 	0.00278392477581 	4.28662702804e-20
0.378 	0.234309623431 	-2.25182546558e-19 	0.104586670713 	0.000575550208032 	181.71598108 	-128.332753154 	38.4466289308 	0.00278392477581 	4.28662702804e-20
0.378 	0.235774058577 	-2.90695387176e-19 	0.10433291393 	0.000575072455211 	181.425684685 	-128.773872425 	38.4598641989 	0.0800559284556 	-6.48212114001e-20
0.378 	0.237238493724 	-1.11656918006e-19 	0.10433291393 	0.000575072455211 	181.425684685 	-128.773872425 	38.4598641989 	0.0800559284556 	-6.48212114001e-20
0.378 	0.23870292887 	-2.40132078154e-19 	0.104110641024 	0.000574688277473 	181.160196066 	-129.218297741 	38.4728808447 	0.157667179388 	-7.22393727495e-20
0.378 	0.240167364017 	2.91051767758e-19 	0.104110641024 	0.000574688277473 	181.160196066 	-129.218297741 	38.4728808447 	0.157667179388 	-7.22393727495e-20
0.378 	0.241631799163 	5.59542897825e-19 	0.103916568598 	0.000574387934171 	180.917046504 	-129.653628034 	38.4856182804 	0.236680442277 	-5.5952404853e-20
0.378 	0.24309623431 	1.03553346747e-18 	0.103916568598 	0.000574387934171 	180.917046504 	-129.653628034 	38.4856182804 	0.236680442277 	-5.5952404853e-20
0.378 	0.244560669456 	-4.90722890569e-19 	0.103916568598 	0.000574387934171 	180.917046504 	-129.653628034 	38.4856182804 	0.236680442277 	-5.5952404853e-20
0.378 	0.246025104603 	1.25065414249e-18 	0.10375593525 	0.000574187663494 	180.700390911 	-130.100503802 	38.4982198781 	0.315677740058 	2.31940844209e-21
0.378 	0.247489539749 	-7.59832362055e-19 	0.10375593525 	0.000574187663494 	180.700390911 	-130.100503802 	38.4982198781 	0.315677740058 	2.31940844209e-21
0.378 	0.248953974895 	7.54635270372e-19 	0.103621761351 	0.00057406620184 	180.504898249 	-130.531209839 	38.5105220109 	0.396896560111 	3.55849159417e-21
0.378 	0.250418410042 	3.30890805707e-19 	0.103621761351 	0.00057406620184 	180.504898249 	-130.531209839 	38.5105220109 	0.396896560111 	3.55849159417e-21
0.378 	0.251882845188 	2.37076376761e-20 	0.103621761351 	0.00057406620184 	180.504898249 	-130.531209839 	38.5105220109 	0.396896560111 	3.55849159417e-21
0.378 	0.253347280335 	-7.87708101152e-19 	0.10352515101 	0.000574057569944 	180.339318616 	-130.988161225 	38.5228129318 	0.477265143947 	-6.01985844603e-20
0.378 	0.254811715481 	-6.31532016321e-19 	0.10352515101 	0.000574057569944 	180.339318616 	-130.988161225 	38.5228129318 	0.477265143947 	-6.01985844603e-20
0.378 	0.256276150628 	4.3112327461e-19 	0.103451425749 	0.000574116517362 	180.192387121 	-131.413217924 	38.5347111268 	0.561378772482 	1.59898671624e-20
0.378 	0.257740585774 	3.85699857429e-19 	0.103451425749 	0.000574116517362 	180.192387121 	-131.413217924 	38.5347111268 	0.561378772482 	1.59898671624e-20
0.378 	0.259205020921 	-1.09554317663e-18 	0.103423298207 	0.000574312289652 	180.081986875 	-131.890837169 	38.5468080784 	0.64289853021 	-3.75870829425e-20
0.378 	0.260669456067 	1.11731165918e-18 	0.103423298207 	0.000574312289652 	180.081986875 	-131.890837169 	38.5468080784 	0.64289853021 	-3.75870829425e-20
0.378 	0.262133891213 	9.85141307062e-19 	0.103423298207 	0.000574312289652 	180.081986875 	-131.890837169 	38.5468080784 	0.64289853021 	-3.75870829425e-20
0.378 	0.26359832636 	1.63179970418e-19 	0.103410640448 	0.000574551432638 	179.98500147 	-132.305684085 	38.5583076679 	0.730960179905 	1.36285702812e-20
0.378 	0.265062761506 	3.91250529142e-19 	0.103410640448 	0.000574551432638 	179.98500147 	-132.305684085 	38.5583076679 	0.730960179905 	1.36285702812e-20
0.378 	0.266527196653 	1.60630288084e-21 	0.103458410523 	0.000574970516058 	179.936896996 	-132.819328024 	38.570369397 	0.813032822847 	2.07513867813e-20
0.378 	0.267991631799 	1.661972884e-19 	0.103458410523 	0.000574970516058 	179.936896996 	-132.819328024 	38.570369397 	0.813032822847 	2.07513867813e-20
0.378 	0.269456066946 	1.01319097432e-19 	0.103458410523 	0.000574970516058 	179.936896996 	-132.819328024 	38.570369397 	0.813032822847 	2.07513867813e-20
0.378 	0.270920502092 	4.65443690405e-19 	0.103506462309 	0.00057538215184 	179.891680646 	-133.213645007 	38.5814249408 	0.906696704541 	2.31911680496e-20
0.378 	0.272384937238 	3.1226104365e-19 	0.103506462309 	0.00057538215184 	179.891680646 	-133.213645007 	38.5814249408 	0.906696704541 	2.31911680496e-20
0.378 	0.273849372385 	-3.4106400705e-19 	0.103641737355 	0.000576049045163 	179.918252145 	-133.785493212 	38.5936455643 	0.988074340126 	-2.07879037225e-20
0.378 	0.275313807531 	-4.31236138525e-19 	0.103641737355 	0.000576049045163 	179.918252145 	-133.785493212 	38.5936455643 	0.988074340126 	-2.07879037225e-20
0.378 	0.276778242678 	-6.47925121431e-19 	0.103641737355 	0.000576049045163 	179.918252145 	-133.785493212 	38.5936455643 	0.988074340126 	-2.07879037225e-20
0.378 	0.278242677824 	-1.46092949772e-18 	0.103746863036 	0.000576603609835 	179.927529531 	-134.141003438 	38.604147103 	1.08993279148 	-5.21054598321e-20
0.378 	0.279707112971 	1.35156490881e-19 	0.103746863036 	0.000576603609835 	179.927529531 	-134.141003438 	38.604147103 	1.08993279148 	-5.21054598321e-20
0.378 	0.281171548117 	5.57894390046e-19 	0.103746863036 	0.000576603609835 	179.927529531 	-134.141003438 	38.604147103 	1.08993279148 	-5.21054598321e-20
0.378 	0.282635983264 	-1.62690993572e-19 	0.103984892154 	0.000577532854843 	180.05017599 	-134.802523369 	38.6167652687 	1.1683254719 	-1.70393058309e-20
0.378 	0.28410041841 	-1.20501991901e-18 	0.103984892154 	0.000577532854843 	180.05017599 	-134.802523369 	38.6167652687 	1.1683254719 	-1.70393058309e-20
0.378 	0.285564853556 	8.80089334331e-19 	0.104127372464 	0.000578114160782 	180.115588802 	-135.091272657 	38.6265439589 	1.28235405454 	-6.8685192935e-20
0.378 	0.287029288703 	-1.10353100509e-19 	0.104127372464 	0.000578114160782 	180.115588802 	-135.091272657 	38.6265439589 	1.28235405454 	-6.8685192935e-20
0.378 	0.288493723849 	-9.93563527697e-19 	0.104127372464 	0.000578114160782 	180.115588802 	-135.091272657 	38.6265439589 	1.28235405454 	-6.8685192935e-20
0.378 	0.289958158996 	-6.60443208924e-19 	0.104456071726 	0.000579163920418 	180.356662498 	-135.88299219 	38.6397402119 	1.35399912034 	-4.86869801531e-21
0.378 	0.291422594142 	-2.58611666197e-19 	0.104456071726 	0.000579163920418 	180.356662498 	-135.88299219 	38.6397402119 	1.35399912034 	-4.86869801531e-21
0.378 	0.292887029289 	1.49277520321e-19 	0.104456071726 	0.000579163920418 	180.356662498 	-135.88299219 	38.6397402119 	1.35399912034 	-4.86869801531e-21
0.378 	0.294351464435 	9.97332317021e-20 	0.1045025774 	0.000579178112067 	180.432539184 	-136.068780733 	38.6485149593 	1.48598624943 	-5.21898706296e-20
0.378 	0.295815899582 	-8.80786474171e-19 	0.1045025774 	0.000579178112067 	180.432539184 	-136.068780733 	38.6485149593 	1.48598624943 	-5.21898706296e-20
0.378 	0.297280334728 	-8.09688994379e-19 	0.1045025774 	0.000579178112067 	180.432539184 	-136.068780733 	38.6485149593 	1.48598624943 	-5.21898706296e-20
0.378 	0.298744769874 	6.03037651479e-19 	0.104701182086 	0.000579322317959 	180.730448042 	-137.036284787 	38.6621723082 	1.54529922861 	-6.15791415123e-20
0.378 	0.300209205021 	-4.91423180091e-20 	0.104701182086 	0.000579322317959 	180.730448042 	-137.036284787 	38.6621723082 	1.54529922861 	-6.15791415123e-20
0.378 	0.301673640167 	-1.86016907874e-19 	0.103854390283 	0.000575759413913 	180.378101988 	-137.08519121 	38.6700118097 	1.70300211344 	-6.20159715688e-20
0.378 	0.303138075314 	9.99169994582e-19 	0.103854390283 	0.000575759413913 	180.378101988 	-137.08519121 	38.6700118097 	1.70300211344 	-6.20159715688e-20
0.378 	0.30460251046 	-2.33571605181e-19 	0.103854390283 	0.000575759413913 	180.378101988 	-137.08519121 	38.6700118097 	1.70300211344 	-6.20159715688e-20
0.378 	0.306066945607 	-1.34258916797e-19 	0.103246691923 	0.000571895131534 	180.534308179 	-138.260633009 	38.6845025042 	1.7428641789 	-5.0812586589e-20
0.378 	0.307531380753 	5.94319361388e-19 	0.103246691923 	0.000571895131534 	180.534308179 	-138.260633009 	38.6845025042 	1.7428641789 	-5.0812586589e-20
0.378 	0.3089958159 	-1.03950305209e-18 	0.103246691923 	0.000571895131534 	180.534308179 	-138.260633009 	38.6845025042 	1.7428641789 	-5.0812586589e-20
0.378 	0.310460251046 	-3.14504564393e-19 	0.10201464035 	0.000564563096079 	180.696614884 	-138.164853523 	38.6925522355 	1.93540468287 	-2.19886911881e-20
0.378 	0.311924686192 	1.05389725356e-18 	0.10201464035 	0.000564563096079 	180.696614884 	-138.164853523 	38.6925522355 	1.93540468287 	-2.19886911881e-20
0.378 	0.313389121339 	-8.36373374036e-19 	0.10201464035 	0.000564563096079 	180.696614884 	-138.164853523 	38.6925522355 	1.93540468287 	-2.19886911881e-20
0.378 	0.314853556485 	-5.11714915992e-19 	0.101449578144 	0.000556893651484 	182.170469844 	-139.558383508 	38.7084296619 	1.94807751513 	8.53950940345e-20
0.378 	0.316317991632 	-1.89411608707e-19 	0.101449578144 	0.000556893651484 	182.170469844 	-139.558383508 	38.7084296619 	1.94807751513 	8.53950940345e-20
0.378 	0.317782426778 	-8.90605993227e-19 	0.101449578144 	0.000556893651484 	182.170469844 	-139.558383508 	38.7084296619 	1.94807751513 	8.53950940345e-20
0.378 	0.319246861925 	1.02733909375e-18 	0.100611904017 	0.000547511621036 	183.762134267 	-139.356865426 	38.7383819853 	2.1856242162 	1.75975114553e-20
0.378 	0.320711297071 	-6.37531429025e-19 	0.100611904017 	0.000547511621036 	183.762134267 	-139.356865426 	38.7383819853 	2.1856242162 	1.75975114553e-20
0.378 	0.322175732218 	4.28365344882e-19 	0.100611904017 	0.000547511621036 	183.762134267 	-139.356865426 	38.7383819853 	2.1856242162 	1.75975114553e-20
0.378 	0.323640167364 	6.02523560212e-19 	0.0992839500463 	0.000538963510371 	184.212749353 	-142.309633133 	38.7521263466 	2.15552625794 	2.3741785521e-20
0.378 	0.32510460251 	-1.72467290448e-19 	0.0992839500463 	0.000538963510371 	184.212749353 	-142.309633133 	38.7521263466 	2.15552625794 	2.3741785521e-20
0.378 	0.326569037657 	-5.91846692705e-19 	0.0992839500463 	0.000538963510371 	184.212749353 	-142.309633133 	38.7521263466 	2.15552625794 	2.3741785521e-20
0.378 	0.328033472803 	-7.46433487593e-19 	0.098476594917 	0.000534110822171 	184.374835389 	-142.126437696 	38.9312539029 	2.45049900316 	-9.98609668012e-20
0.378 	0.32949790795 	9.86142798587e-19 	0.098476594917 	0.000534110822171 	184.374835389 	-142.126437696 	38.9312539029 	2.45049900316 	-9.98609668012e-20
0.378 	0.330962343096 	-4.61771827088e-21 	0.098476594917 	0.000534110822171 	184.374835389 	-142.126437696 	38.9312539029 	2.45049900316 	-9.98609668012e-20
0.378 	0.332426778243 	1.97027253848e-19 	0.09874427023 	0.000533294751332 	185.158901308 	-143.704849153 	38.313145153 	2.36396567502 	1.19792530038e-19
0.378 	0.333891213389 	3.99590094627e-19 	0.09874427023 	0.000533294751332 	185.158901308 	-143.704849153 	38.313145153 	2.36396567502 	1.19792530038e-19
0.378 	0.335355648536 	1.31119426664e-18 	0.09874427023 	0.000533294751332 	185.158901308 	-143.704849153 	38.313145153 	2.36396567502 	1.19792530038e-19
