0.462 	0 	0 	3.00674200104 	2.401190655e-05 	125218.794883 	68.4050427462 	8.95587763983 	-0.0174744943198 	1.58757610436e-21
0.462 	0.00146443514644 	1.55190197905e-18 	13.9006821514 	0.00202580942335 	6861.7916331 	67.470788973 	14.2098760507 	-0.280689192046 	-2.93922021931e-21
0.462 	0.00292887029289 	2.27894282525e-19 	18.2409939962 	0.00388597610451 	4694.05717011 	66.351626539 	15.9142031163 	-0.586195572416 	-2.0900955072e-21
0.462 	0.00439330543933 	4.06206515118e-18 	20.4877004665 	0.0047230063902 	4337.85152377 	65.5213640085 	17.2875787609 	-0.854157297352 	-2.43139441357e-21
0.462 	0.00585774058577 	2.90849898855e-18 	21.8309273429 	0.00505668191694 	4317.24354063 	64.4980987474 	19.1108456289 	-1.1845083062 	4.48242997531e-23
0.462 	0.00732217573222 	4.03663395467e-18 	21.6151365187 	0.00495452882362 	4362.70274898 	63.4712888595 	20.8599553601 	-1.46071744896 	2.70713135605e-23
0.462 	0.00878661087866 	-5.78355133948e-19 	20.376717302 	0.00468984171605 	4344.86247847 	62.449948667 	22.4286803939 	-1.67800798037 	-1.47614782764e-21
0.462 	0.0102510460251 	-4.79338217431e-18 	17.1839795609 	0.00366340181496 	4155.09204569 	61.0687307526 	24.6857602103 	-1.93243778799 	-1.79814701893e-20
0.462 	0.0117154811715 	-2.81118413051e-18 	13.4453366349 	0.00301991353556 	3817.24802284 	59.4852462041 	26.6443713872 	-2.11919916121 	-1.68524505122e-20
0.462 	0.013179916318 	-1.57469312492e-18 	9.57473358627 	0.00265918697156 	3374.57687114 	57.489577093 	28.4637330107 	-2.2858898941 	-1.21560325334e-20
0.462 	0.0146443514644 	-1.42755524277e-18 	7.03377910327 	0.00234935971837 	2993.91321315 	55.753240923 	29.6109085167 	-2.39109598665 	-3.44350912028e-21
0.462 	0.0161087866109 	-2.30545665495e-18 	4.20598468467 	0.00176447480238 	2383.70345612 	53.1279332011 	30.9237993459 	-2.5115896049 	2.99240455522e-20
0.462 	0.0175732217573 	-2.03125158182e-18 	2.70092190765 	0.00144174040973 	1873.37601791 	50.936422345 	31.6953561 	-2.5855066872 	-1.27062816168e-20
0.462 	0.0190376569038 	-1.5153142064e-18 	1.58447657491 	0.00120765548578 	1312.02697588 	47.7644021796 	32.4316128275 	-2.66448528444 	-1.7826313241e-20
0.462 	0.0205020920502 	-2.76445174537e-18 	1.17127119821 	0.00111026950194 	1054.94314323 	45.2299106318 	32.8439609239 	-2.71333225386 	1.49585630021e-20
0.462 	0.0219665271967 	-2.00232504733e-19 	0.910514541465 	0.00101664917469 	895.603482633 	42.5787683561 	33.1889949805 	-2.75519790421 	1.39839417394e-21
0.462 	0.0234309623431 	1.46625959785e-19 	0.714291660765 	0.000911228759725 	783.877432688 	39.8199285081 	33.4777911841 	-2.7900291745 	3.4807577551e-20
0.462 	0.0248953974895 	1.26246999068e-18 	0.604594193289 	0.000836913570216 	722.409356001 	37.9253578835 	33.6373655474 	-2.80906094025 	-1.55988430075e-21
0.462 	0.026359832636 	3.58764873118e-19 	0.466960265638 	0.000727593980782 	641.786872861 	35.0086385261 	33.8251179631 	-2.83117095817 	1.44285904418e-23
0.462 	0.0278242677824 	-1.45123683558e-18 	0.360661670401 	0.000630286907207 	572.218248986 	32.0127674042 	33.9576203433 	-2.84626643791 	-2.18811518521e-20
0.462 	0.0292887029289 	-3.27180112727e-20 	0.306190971269 	0.000575953542341 	531.62442586 	29.9769627807 	34.0246770298 	-2.85330592846 	-2.15712963342e-20
0.462 	0.0307531380753 	-5.99302813682e-19 	0.246025626007 	0.000513230563677 	479.366669522 	26.8712682912 	34.1113201793 	-2.86086904212 	2.93440232334e-20
0.462 	0.0322175732218 	-3.14266856485e-18 	0.218026907038 	0.00048427053031 	450.217168695 	24.7682369985 	34.1676788217 	-2.864527244 	-4.75545493666e-21
0.462 	0.0336820083682 	2.81423118758e-18 	0.190200100542 	0.000458706148007 	414.644759762 	21.567097596 	34.2555657912 	-2.86824943203 	-6.52863718119e-21
0.462 	0.0351464435146 	8.1680661254e-19 	0.178882355732 	0.000451885502008 	395.857700539 	19.4030744057 	34.316309326 	-2.86946491919 	-6.90196610409e-21
0.462 	0.0366108786611 	1.20407971431e-18 	0.171762682971 	0.000451525071949 	380.405637785 	17.2160912003 	34.3780908561 	-2.8695590805 	1.24244017885e-20
0.462 	0.0380753138075 	1.95066938084e-18 	0.167684826772 	0.000456096934998 	367.651729061 	15.007073485 	34.4405237168 	-2.86846456598 	-3.6342821424e-21
0.462 	0.039539748954 	1.61312122246e-18 	0.165707079468 	0.000464233341453 	356.947820571 	12.7769905879 	34.5034656091 	-2.86613735105 	-3.07636596538e-20
0.462 	0.0410041841004 	1.42536458743e-18 	0.165110144771 	0.000474842768803 	347.715403115 	10.5268378182 	34.5668934617 	-2.86254434693 	-7.29113453509e-21
0.462 	0.0424686192469 	-2.95817441982e-19 	0.165379676802 	0.000487137903796 	339.492524629 	8.25763194245 	34.6308104873 	-2.857655533 	1.14046039177e-21
0.462 	0.0439330543933 	1.26291738104e-18 	0.166170141848 	0.000500599339667 	331.942391212 	5.97041243741 	34.695211148 	-2.85144124389 	-1.2975611531e-20
0.462 	0.0453974895397 	1.69611656028e-19 	0.167261613651 	0.000514906367637 	324.838891425 	3.6662430845 	34.7600765807 	-2.84387179481 	-1.0483602743e-21
0.462 	0.0468619246862 	-1.35554822484e-18 	0.168519747368 	0.000529870192747 	318.039681558 	1.34621243202 	34.8253779575 	-2.83491763141 	7.1071531937e-22
0.462 	0.0483263598326 	3.72043041686e-19 	0.169864012383 	0.000545379542181 	311.460183681 	-0.988566709876 	34.8910794209 	-2.82454944935 	-5.5425724265e-24
0.462 	0.0497907949791 	-7.03835078134e-19 	0.170552307486 	0.000553315670364 	308.236900961 	-2.16113279381 	34.9240675584 	-2.81882603446 	1.40583789495e-21
0.462 	0.0512552301255 	-8.1761687539e-20 	0.171939385252 	0.000569515407287 	301.904712414 	-4.51589732613 	34.9902917104 	-2.80628266891 	-6.40705182106e-21
0.462 	0.052719665272 	-3.05188199277e-19 	0.173318889898 	0.000586108831997 	295.711104211 	-6.8825284929 	35.0568105631 	-2.79225389036 	4.61098369073e-21
0.462 	0.0541841004184 	8.80599450696e-19 	0.173999037161 	0.000594536770773 	292.663205565 	-8.06992312303 	35.0901679958 	-2.78467392863 	9.65394907877e-22
0.462 	0.0556485355649 	6.09447310273e-19 	0.175328156014 	0.000611619572533 	286.662108093 	-10.4521183219 	35.1570576894 	-2.76836639446 	-1.18289928607e-20
0.462 	0.0571129707113 	5.05022947169e-19 	0.176600591915 	0.000628952563178 	280.785232868 	-12.8431728056 	35.224158015 	-2.75050758891 	1.56987038324e-20
0.462 	0.0585774058577 	8.20549164057e-20 	0.177209980856 	0.000637691438387 	277.892990541 	-14.041637872 	35.2577803773 	-2.74098877656 	-1.25951320752e-20
0.462 	0.0600418410042 	-7.02024634081e-19 	0.178363987709 	0.000655266414889 	272.200716618 	-16.4436668888 	35.3251589558 	-2.72075743344 	1.7033434515e-20
0.462 	0.0615062761506 	-1.27493916076e-18 	0.178904134694 	0.000664081725853 	269.400779646 	-17.6469175631 	35.3589116753 	-2.71003906673 	9.27602376267e-21
0.462 	0.0629707112971 	-2.05419706347e-18 	0.179899405334 	0.00068171119065 	263.893871482 	-20.0571018553 	35.4265359039 	-2.68738254 	5.88421015701e-21
0.462 	0.0644351464435 	1.73651095725e-18 	0.180349927519 	0.000690500605482 	261.187211259 	-21.2637172462 	35.4604038241 	-2.67543862998 	2.2948285101e-20
0.462 	0.06589958159 	-8.32756553214e-19 	0.181144989542 	0.000707961769141 	255.86832148 	-23.6791925062 	35.5282390878 	-2.65030496331 	1.85878616813e-20
0.462 	0.0673640167364 	1.40587615379e-18 	0.181484711635 	0.000716604567529 	253.256426011 	-24.887728789 	35.5621996543 	-2.63710926922 	-6.88875033265e-21
0.462 	0.0688284518828 	-8.75728584163e-19 	0.181782609477 	0.000725168260634 	250.676455858 	-26.0965800976 	35.5961832168 	-2.62349031283 	-2.95151299837e-20
0.462 	0.0702928870293 	-2.67439518301e-19 	0.182242753523 	0.000741991326634 	245.613050963 	-28.5145689935 	35.664199556 	-2.59497041432 	5.19461316124e-21
0.462 	0.0717573221757 	5.95546463437e-20 	0.182399736806 	0.000750214692822 	243.130051373 	-29.7233742778 	35.6982221061 	-2.58006338633 	-1.62347581239e-20
0.462 	0.0732217573222 	2.41630779023e-19 	0.182504337188 	0.000758286746516 	240.679845754 	-30.9318299325 	35.7322478642 	-2.56472097461 	-6.53757670205e-21
0.462 	0.0746861924686 	1.42510256936e-18 	0.182544692284 	0.000773892002201 	235.87876831 	-33.3470146726 	35.8002940752 	-2.53271839467 	-5.84459465312e-21
0.462 	0.0761506276151 	8.75990261815e-19 	0.182474175726 	0.000781378833536 	233.528434473 	-34.5534020509 	35.8343093576 	-2.5160526076 	-5.50722344216e-20
0.462 	0.0776150627615 	1.92519348055e-19 	0.182338662331 	0.000788621824123 	231.211788405 	-35.7587564351 	35.8683173604 	-2.49894017575 	-5.05564630931e-20
0.462 	0.0790794979079 	-5.0400583018e-19 	0.182134432358 	0.000795593555973 	228.928993945 	-36.9629042033 	35.902317228 	-2.48137840734 	6.37621748079e-20
0.462 	0.0805439330544 	-2.41978707537e-18 	0.181857459675 	0.000802264493371 	226.680179888 	-38.1656706327 	35.9363083359 	-2.46336461675 	4.11847524901e-20
0.462 	0.0820083682008 	-9.2526975748e-19 	0.181067479111 	0.000814573732457 	222.284947202 	-40.5663548839 	36.0042619449 	-2.42597019493 	1.81099412622e-20
0.462 	0.0834728033473 	-2.14088386495e-19 	0.180544621794 	0.000820140068292 	220.13876504 	-41.7639174568 	36.0382234179 	-2.40658417302 	-1.18312315004e-20
0.462 	0.0849372384937 	-1.84821218179e-18 	0.179929274725 	0.000825261228014 	218.027054485 	-42.9593881347 	36.0721743965 	-2.38673537306 	-2.06146102011e-20
0.462 	0.0864016736402 	-8.41580990532e-20 	0.179215486023 	0.000829893492228 	215.949983584 	-44.1525862324 	36.1061152763 	-2.36642114854 	-5.68935925286e-21
0.462 	0.0878661087866 	-6.16168155031e-19 	0.178396932995 	0.000833990011384 	213.907757359 	-45.3433298152 	36.1400472128 	-2.34563888895 	6.21045167248e-20
0.462 	0.0893305439331 	-1.45289889858e-18 	0.177467031191 	0.000837501185136 	211.900632907 	-46.5314356911 	36.1739726985 	-2.32438605958 	-4.30760779223e-20
0.462 	0.0907949790795 	-1.78344282585e-18 	0.176419122069 	0.000840375426109 	209.9289396 	-47.7167194348 	36.2078968554 	-2.30266030577 	-6.08609205642e-22
0.462 	0.0922594142259 	3.17668791291e-19 	0.175246731614 	0.000842560352481 	207.993090463 	-48.8989955131 	36.2418294799 	-2.28045961815 	9.85386858744e-21
0.462 	0.0937238493724 	1.30494720955e-18 	0.172505364541 	0.000844659136794 	204.230744718 	-51.2537787136 	36.3097923221 	-2.23462785512 	-7.71507336492e-21
0.462 	0.0951882845188 	-2.96921895862e-19 	0.170927176382 	0.000844481542301 	202.404869521 	-52.4259119734 	36.3438702549 	-2.21099477103 	2.67317732382e-20
0.462 	0.0966527196653 	-1.51681277526e-19 	0.169206852606 	0.000843437579269 	200.615738219 	-53.5942899035 	36.3780366389 	-2.18688151727 	3.72541932441e-21
0.462 	0.0981171548117 	-1.783872705e-20 	0.167344108385 	0.000841505851943 	198.862679325 	-54.7587235337 	36.4122829146 	-2.16228452951 	-1.1530454177e-19
0.462 	0.0995815899582 	2.7814497135e-19 	0.165341642321 	0.00083868201872 	197.14461337 	-55.9190200801 	36.4465613861 	-2.13719748582 	1.05755226879e-19
0.462 	0.101046025105 	8.23071616509e-19 	0.163206078191 	0.000834983183937 	195.460317442 	-57.07497983 	36.4807794477 	-2.11161119182 	-8.36809703601e-20
0.462 	0.102510460251 	9.40463455214e-19 	0.160948761483 	0.000830451245017 	193.808802683 	-58.2263931176 	36.5148096491 	-2.08551463712 	-1.34000947976e-20
0.462 	0.103974895397 	-4.92849762668e-19 	0.158586015728 	0.00082515381935 	192.189640294 	-59.3730386252 	36.5485161683 	-2.05889704994 	7.09702561208e-20
0.462 	0.105439330544 	-6.75227605901e-19 	0.156138532454 	0.000819181670347 	190.603059255 	-60.514684009 	36.5817894548 	-2.03175017036 	-7.02963422641e-20
0.462 	0.10690376569 	2.4771404597e-19 	0.156138532454 	0.000819181670347 	190.603059255 	-60.514684009 	36.5817894548 	-2.03175017036 	-7.02963422641e-20
0.462 	0.108368200837 	9.89986149135e-19 	0.153629857179 	0.000812642547973 	189.049733566 	-61.6510889309 	36.6145747913 	-2.00406971449 	1.37526526151e-19
0.462 	0.109832635983 	-1.0429740901e-19 	0.151084323462 	0.000805652642783 	187.530351716 	-62.7820095388 	36.6468818985 	-1.97585534627 	3.30845201157e-20
0.462 	0.11129707113 	-1.09230454251e-18 	0.148525045216 	0.000798327718019 	186.045206578 	-63.9072027505 	36.6787716448 	-1.94710923822 	-2.00159821125e-19
0.462 	0.112761506276 	-1.21081402851e-18 	0.145972509852 	0.000790775930043 	184.594022537 	-65.0264289063 	36.7103272816 	-1.91783401347 	7.59030601647e-20
0.462 	0.114225941423 	1.15991615461e-18 	0.143443982955 	0.000783093411321 	183.176082037 	-66.1394522408 	36.7416243898 	-1.88803106206 	-3.90543862338e-20
0.462 	0.115690376569 	-7.79666742358e-19 	0.140953565282 	0.000775362484581 	181.790540664 	-67.2460396576 	36.7727120258 	-1.85769984284 	7.80607731349e-20
0.462 	0.117154811715 	-1.27439729946e-18 	0.138512545264 	0.000767651587095 	180.436734051 	-68.3459588438 	36.8036094611 	-1.82683814096 	1.95595236417e-20
0.462 	0.118619246862 	2.41233247292e-19 	0.136129741156 	0.000760015933558 	179.1143253 	-69.4389767038 	36.834314384 	-1.79544280168 	-1.82346024712e-20
0.462 	0.120083682008 	-3.25586430551e-19 	0.133811734075 	0.000752498437134 	177.823271747 	-70.5248585357 	36.8648145676 	-1.76351041699 	6.44581212332e-20
0.462 	0.121548117155 	7.39706025232e-19 	0.133811734075 	0.000752498437134 	177.823271747 	-70.5248585357 	36.8648145676 	-1.76351041699 	6.44581212332e-20
0.462 	0.123012552301 	-4.57813004316e-19 	0.13156306013 	0.00074513087928 	176.563693423 	-71.6033678809 	36.895096615 	-1.73103769392 	-8.3093489333e-20
0.462 	0.124476987448 	-1.40639574848e-18 	0.129386434527 	0.000737935367728 	175.335727471 	-72.6742667007 	36.9251496499 	-1.69802151957 	4.22075714257e-20
0.462 	0.125941422594 	-1.02169427416e-18 	0.127283028228 	0.000730926004766 	174.139416847 	-73.7373156017 	36.9549652921 	-1.66445888259 	-2.61106815932e-20
0.462 	0.127405857741 	1.41974493967e-18 	0.125252815127 	0.000724110716033 	172.974674112 	-74.7922739837 	36.9845363209 	-1.63034678926 	-2.50221127601e-20
0.462 	0.128870292887 	5.28392375777e-19 	0.125252815127 	0.000724110716033 	172.974674112 	-74.7922739837 	36.9845363209 	-1.63034678926 	-2.50221127601e-20
0.462 	0.130334728033 	9.35567394706e-19 	0.123294930774 	0.000717493012426 	171.841298296 	-75.8389001147 	37.0138556245 	-1.59568222529 	-5.06979866727e-20
0.462 	0.13179916318 	1.95011535731e-19 	0.121407982028 	0.000711073474982 	170.739011227 	-76.8769511901 	37.0429158426 	-1.56046215387 	4.47578184996e-22
0.462 	0.133263598326 	7.42557674782e-19 	0.11959027955 	0.000704850872291 	169.667491737 	-77.9061834107 	37.0717094415 	-1.52468352476 	1.03622350376e-19
0.462 	0.134728033473 	6.08490075812e-19 	0.117839987768 	0.000698822905088 	168.626395773 	-78.9263521003 	37.1002288698 	-1.4883432781 	-2.7177084821e-20
0.462 	0.136192468619 	-5.7354081267e-20 	0.117839987768 	0.000698822905088 	168.626395773 	-78.9263521003 	37.1002288698 	-1.4883432781 	-2.7177084821e-20
0.462 	0.137656903766 	-1.48984836835e-18 	0.116155197172 	0.000692986612624 	167.615355125 	-79.9372118448 	37.1284666042 	-1.4514383388 	-5.06338640737e-20
0.462 	0.139121338912 	1.65362396872e-18 	0.114533949624 	0.000687338562516 	166.633964498 	-80.9385166502 	37.1564151008 	-1.41396560838 	-8.39559821173e-20
0.462 	0.140585774059 	-9.84429428323e-19 	0.112974280044 	0.000681875052371 	165.681791189 	-81.9300200958 	37.1840667628 	-1.37592195998 	2.02587049965e-19
0.462 	0.142050209205 	1.48359461561e-20 	0.112974280044 	0.000681875052371 	165.681791189 	-81.9300200958 	37.1840667628 	-1.37592195998 	2.02587049965e-19
0.462 	0.143514644351 	1.3419783659e-18 	0.111474279766 	0.000676592359815 	164.758407554 	-82.9114754941 	37.2114139567 	-1.33730423423 	-2.05154695952e-19
0.462 	0.144979079498 	7.72034760603e-19 	0.110032095441 	0.000671486770025 	163.863385479 	-83.8826360685 	37.2384490273 	-1.29810923201 	1.04826910273e-19
0.462 	0.146443514644 	1.78280692235e-18 	0.108645925563 	0.000666554579176 	162.996293112 	-84.8432551359 	37.2651643006 	-1.25833370735 	-1.89226929454e-19
0.462 	0.147907949791 	-9.31293363067e-19 	0.108645925563 	0.000666554579176 	162.996293112 	-84.8432551359 	37.2651643006 	-1.25833370735 	-1.89226929454e-19
0.462 	0.149372384937 	1.22513967586e-19 	0.107314019879 	0.000661792102669 	162.156694597 	-85.7930862844 	37.291552087 	-1.21797435941 	3.01978980119e-19
0.462 	0.150836820084 	-9.3773558478e-19 	0.106034678851 	0.000657195681558 	161.344150345 	-86.731883564 	37.3176046787 	-1.17702782308 	-1.95317401712e-19
0.462 	0.15230125523 	4.19727345581e-19 	0.106034678851 	0.000657195681558 	161.344150345 	-86.731883564 	37.3176046787 	-1.17702782308 	-1.95317401712e-19
0.462 	0.153765690377 	-2.06146797929e-19 	0.104806254043 	0.000652761691102 	160.558218216 	-87.6594016717 	37.3433143453 	-1.13549065846 	2.446528436e-19
0.462 	0.155230125523 	4.09773094937e-19 	0.103627152102 	0.000648486561258 	159.798457351 	-88.5753961363 	37.3686733419 	-1.09335934027 	-1.79875620644e-20
0.462 	0.156694560669 	-2.21953190142e-20 	0.103627152102 	0.000648486561258 	159.798457351 	-88.5753961363 	37.3686733419 	-1.09335934027 	-1.79875620644e-20
0.462 	0.158158995816 	2.08855427797e-18 	0.102495842195 	0.000644366808406 	159.064434819 	-89.479623502 	37.3936739411 	-1.0506302471 	-2.43366497989e-19
0.462 	0.159623430962 	-3.78470599555e-19 	0.101410855228 	0.00064039903638 	158.355727394 	-90.3718415139 	37.4183084596 	-1.00729964858 	1.48168565401e-19
0.462 	0.161087866109 	-7.65740299742e-19 	0.101410855228 	0.00064039903638 	158.355727394 	-90.3718415139 	37.4183084596 	-1.00729964858 	1.48168565401e-19
0.462 	0.162552301255 	1.36809157397e-19 	0.100370758613 	0.000636579849727 	157.671906605 	-91.2518092991 	37.442569236 	-0.963363688199 	-2.43686968499e-19
0.462 	0.164016736402 	-2.22809130717e-19 	0.0993741362581 	0.000632905785683 	157.012526202 	-92.1192875417 	37.4664485941 	-0.918818367994 	1.053384518e-20
0.462 	0.165481171548 	-2.67524886724e-19 	0.0993741362581 	0.000632905785683 	157.012526202 	-92.1192875417 	37.4664485941 	-0.918818367994 	1.053384518e-20
0.462 	0.166945606695 	7.45592973984e-19 	0.0984196313993 	0.000629373472467 	156.377152366 	-92.9740386233 	37.4899388512 	-0.873659533172 	3.03649561907e-19
0.462 	0.168410041841 	4.95622358063e-19 	0.097505941607 	0.000625979635881 	155.765357239 	-93.8158267954 	37.5130323378 	-0.827882856093 	-6.4202085045e-20
0.462 	0.169874476987 	6.10769089901e-21 	0.097505941607 	0.000625979635881 	155.765357239 	-93.8158267954 	37.5130323378 	-0.827882856093 	-6.4202085045e-20
0.462 	0.171338912134 	3.5618206194e-19 	0.0966318124281 	0.00062272115703 	155.176697206 	-94.6444182714 	37.5357214013 	-0.781483812417 	1.25347223839e-19
0.462 	0.17280334728 	1.7043259654e-20 	0.0966318124281 	0.00062272115703 	155.176697206 	-94.6444182714 	37.5357214013 	-0.781483812417 	1.25347223839e-19
0.462 	0.174267782427 	4.64502618925e-19 	0.0957960350897 	0.000619594936252 	154.610745642 	-95.4595814298 	37.5579984052 	-0.734457669689 	1.28049991476e-21
0.462 	0.175732217573 	5.91018036057e-19 	0.0949974450374 	0.000616597941614 	154.067081036 	-96.2610867723 	37.5798557319 	-0.686799449143 	2.51094848557e-20
0.462 	0.17719665272 	-1.36580434396e-19 	0.0949974450374 	0.000616597941614 	154.067081036 	-96.2610867723 	37.5798557319 	-0.686799449143 	2.51094848557e-20
0.462 	0.178661087866 	-1.78294670325e-20 	0.0942349217458 	0.000613727217959 	153.545286877 	-97.0487072605 	37.6012857774 	-0.638503931456 	-4.05766851832e-19
0.462 	0.180125523013 	9.16161244365e-19 	0.0942349217458 	0.000613727217959 	153.545286877 	-97.0487072605 	37.6012857774 	-0.638503931456 	-4.05766851832e-19
0.462 	0.181589958159 	-8.14156409927e-19 	0.0935073875186 	0.000610979888421 	153.044951709 	-97.8222179224 	37.6222809558 	-0.589565581237 	2.63115044041e-19
0.462 	0.183054393305 	7.06005137544e-19 	0.0928138073995 	0.00060835315814 	152.56567038 	-98.581396684 	37.6428336853 	-0.53997860981 	-8.19346862908e-20
0.462 	0.184518828452 	-1.08217705552e-19 	0.0928138073995 	0.00060835315814 	152.56567038 	-98.581396684 	37.6428336853 	-0.53997860981 	-8.19346862908e-20
0.462 	0.185983263598 	-7.79263234133e-19 	0.0921531867535 	0.00060584430814 	152.107043865 	-99.3260229762 	37.6629363999 	-0.489736792329 	1.56703148277e-19
0.462 	0.187447698745 	7.10664181788e-19 	0.0921531867535 	0.00060584430814 	152.107043865 	-99.3260229762 	37.6629363999 	-0.489736792329 	1.56703148277e-19
0.462 	0.188912133891 	-7.84720228741e-19 	0.0915245733476 	0.000603450704532 	151.668682562 	-100.055880118 	37.6825815089 	-0.438833706549 	-1.5097860373e-19
0.462 	0.190376569038 	8.39015138491e-19 	0.0915245733476 	0.000603450704532 	151.668682562 	-100.055880118 	37.6825815089 	-0.438833706549 	-1.5097860373e-19
0.462 	0.191841004184 	1.4924287564e-18 	0.0909270559049 	0.000601169795272 	151.25020688 	-100.770751126 	37.7017614501 	-0.387262242302 	3.58873836957e-21
0.462 	0.193305439331 	-1.26646846511e-19 	0.0903597753198 	0.000598999153055 	150.851257233 	-101.470425602 	37.7204686179 	-0.335015351787 	-1.04395131334e-19
0.462 	0.194769874477 	8.40775200932e-20 	0.0903597753198 	0.000598999153055 	150.851257233 	-101.470425602 	37.7204686179 	-0.335015351787 	-1.04395131334e-19
0.462 	0.196234309623 	-4.92632697532e-20 	0.0898219068901 	0.000596936412764 	150.471482338 	-102.154687838 	37.7386954958 	-0.282084695213 	1.77799629403e-19
0.462 	0.19769874477 	2.63974157799e-19 	0.0898219068901 	0.000596936412764 	150.471482338 	-102.154687838 	37.7386954958 	-0.282084695213 	1.77799629403e-19
0.462 	0.199163179916 	1.09622474006e-18 	0.0893126567557 	0.000594979260743 	150.110537709 	-102.823336213 	37.7564343898 	-0.228462809303 	-1.82590776246e-19
0.462 	0.200627615063 	-9.49512108511e-19 	0.0893126567557 	0.000594979260743 	150.110537709 	-102.823336213 	37.7564343898 	-0.228462809303 	-1.82590776246e-19
0.462 	0.202092050209 	1.07643435763e-18 	0.0888312609174 	0.000593125435424 	149.768085488 	-103.476150583 	37.7736777718 	-0.174139415182 	2.567085627e-19
0.462 	0.203556485356 	6.32902487845e-19 	0.0888312609174 	0.000593125435424 	149.768085488 	-103.476150583 	37.7736777718 	-0.174139415182 	2.567085627e-19
0.462 	0.205020920502 	8.80230258151e-19 	0.0883770265207 	0.000591372883043 	149.443826484 	-104.112944994 	37.7904177123 	-0.119107390035 	-1.6347744306e-19
0.462 	0.206485355649 	-3.66496903585e-19 	0.0883770265207 	0.000591372883043 	149.443826484 	-104.112944994 	37.7904177123 	-0.119107390035 	-1.6347744306e-19
0.462 	0.207949790795 	-6.02539622165e-19 	0.0879492543345 	0.000589719476504 	149.137442188 	-104.733481248 	37.8066467532 	-0.0633529220243 	1.38824842173e-19
0.462 	0.209414225941 	-7.21195361778e-19 	0.0879492543345 	0.000589719476504 	149.137442188 	-104.733481248 	37.8066467532 	-0.0633529220243 	1.38824842173e-19
0.462 	0.210878661088 	3.40502604365e-19 	0.0875473581923 	0.000588163455714 	148.848687116 	-105.337607052 	37.8223565124 	-0.00687132312181 	-1.94162453602e-19
0.462 	0.212343096234 	-6.91470843384e-19 	0.0875473581923 	0.000588163455714 	148.848687116 	-105.337607052 	37.8223565124 	-0.00687132312181 	-1.94162453602e-19
0.462 	0.213807531381 	5.86923040432e-19 	0.0871706762917 	0.000586702735466 	148.577245379 	-105.925034403 	37.8375397765 	0.0503584484548 	2.87047452613e-19
0.462 	0.215271966527 	7.39252411236e-19 	0.0871706762917 	0.000586702735466 	148.577245379 	-105.925034403 	37.8375397765 	0.0503584484548 	2.87047452613e-19
0.462 	0.216736401674 	2.06177716182e-19 	0.0868187670838 	0.000585335996181 	148.322959207 	-106.495688823 	37.8521872672 	0.108333381264 	-2.14450189134e-19
0.462 	0.21820083682 	1.80925857496e-18 	0.0868187670838 	0.000585335996181 	148.322959207 	-106.495688823 	37.8521872672 	0.108333381264 	-2.14450189134e-19
0.462 	0.219665271967 	-8.71056463933e-19 	0.0864909501399 	0.000584060988873 	148.08547701 	-107.049160281 	37.8662924452 	0.167090265245 	-1.86247429952e-20
0.462 	0.221129707113 	1.14845388263e-18 	0.0864909501399 	0.000584060988873 	148.08547701 	-107.049160281 	37.8662924452 	0.167090265245 	-1.86247429952e-20
0.462 	0.222594142259 	1.65537147957e-19 	0.0861870148269 	0.000582877154259 	147.864801695 	-107.585554689 	37.8798442927 	0.226605958713 	-1.1867254356e-19
0.462 	0.224058577406 	4.60060858153e-19 	0.0861870148269 	0.000582877154259 	147.864801695 	-107.585554689 	37.8798442927 	0.226605958713 	-1.1867254356e-19
0.462 	0.225523012552 	-2.92202867816e-19 	0.0859061373038 	0.000581781607944 	147.660455626 	-108.104180793 	37.8928378768 	0.286952152805 	1.13669608849e-19
0.462 	0.226987447699 	8.14957439358e-19 	0.0859061373038 	0.000581781607944 	147.660455626 	-108.104180793 	37.8928378768 	0.286952152805 	1.13669608849e-19
0.462 	0.228451882845 	-7.17657628452e-19 	0.0856485251121 	0.000580775236896 	147.472756535 	-108.605551611 	37.9052588654 	0.348057615976 	2.47897060577e-19
0.462 	0.229916317992 	-1.28795091918e-19 	0.0856485251121 	0.000580775236896 	147.472756535 	-108.605551611 	37.9052588654 	0.348057615976 	2.47897060577e-19
0.462 	0.231380753138 	6.93346338254e-19 	0.0854129424521 	0.000579853496684 	147.300900901 	-109.088356282 	37.9171057898 	0.410070624505 	-1.82615749987e-19
0.462 	0.232845188285 	4.00080343828e-20 	0.0854129424521 	0.000579853496684 	147.300900901 	-109.088356282 	37.9171057898 	0.410070624505 	-1.82615749987e-19
0.462 	0.234309623431 	3.67338581801e-19 	0.0852004077766 	0.000579020156211 	147.145840888 	-109.553992985 	37.928358135 	0.472811639642 	-6.42521914401e-20
0.462 	0.235774058577 	-3.44027435259e-19 	0.0852004077766 	0.000579020156211 	147.145840888 	-109.553992985 	37.928358135 	0.472811639642 	-6.42521914401e-20
0.462 	0.237238493724 	-6.11419943489e-19 	0.0850087160872 	0.000578266877089 	147.006026897 	-109.999840045 	37.9390213867 	0.536592993376 	2.23454387631e-19
0.462 	0.23870292887 	6.44582966708e-19 	0.0850087160872 	0.000578266877089 	147.006026897 	-109.999840045 	37.9390213867 	0.536592993376 	2.23454387631e-19
0.462 	0.240167364017 	2.11762153276e-19 	0.0848404932447 	0.000577603220939 	146.88369138 	-110.429143281 	37.9490637268 	0.601002425161 	-1.48410244314e-19
0.462 	0.241631799163 	-2.90192848003e-19 	0.0848404932447 	0.000577603220939 	146.88369138 	-110.429143281 	37.9490637268 	0.601002425161 	-1.48410244314e-19
0.462 	0.24309623431 	-1.78224787943e-19 	0.0846914499394 	0.000577012775399 	146.775692931 	-110.836617455 	37.9585039486 	0.666692904921 	5.64078803311e-21
0.462 	0.244560669456 	2.32238408322e-19 	0.0846914499394 	0.000577012775399 	146.775692931 	-110.836617455 	37.9585039486 	0.666692904921 	5.64078803311e-21
0.462 	0.246025104603 	4.36399532015e-19 	0.0846914499394 	0.000577012775399 	146.775692931 	-110.836617455 	37.9585039486 	0.666692904921 	5.64078803311e-21
0.462 	0.247489539749 	-1.09229387954e-18 	0.0845673790859 	0.000576516585615 	146.686810399 	-111.229204479 	37.9672905519 	0.732772858725 	4.25430568439e-20
0.462 	0.248953974895 	-1.08288071895e-18 	0.0845673790859 	0.000576516585615 	146.686810399 	-111.229204479 	37.9672905519 	0.732772858725 	4.25430568439e-20
0.462 	0.250418410042 	1.6592096283e-19 	0.0844597456986 	0.000576081845622 	146.610670585 	-111.596427654 	37.9754677645 	0.800578012933 	5.04010035331e-21
0.462 	0.251882845188 	-3.88412088593e-19 	0.0844597456986 	0.000576081845622 	146.610670585 	-111.596427654 	37.9754677645 	0.800578012933 	5.04010035331e-21
0.462 	0.253347280335 	-2.08441873282e-19 	0.0843804254371 	0.000575751667117 	146.556979782 	-111.952303141 	37.982943904 	0.868269257839 	-4.94386097029e-20
0.462 	0.254811715481 	4.34831586744e-19 	0.0843804254371 	0.000575751667117 	146.556979782 	-111.952303141 	37.982943904 	0.868269257839 	-4.94386097029e-20
0.462 	0.256276150628 	1.12065809418e-18 	0.0843804254371 	0.000575751667117 	146.556979782 	-111.952303141 	37.982943904 	0.868269257839 	-4.94386097029e-20
0.462 	0.257740585774 	-6.35214251368e-19 	0.0843125808502 	0.000575461173971 	146.513065805 	-112.276669986 	37.9897940052 	0.938500074481 	-1.9572810935e-20
0.462 	0.259205020921 	-4.43779356823e-19 	0.0843125808502 	0.000575461173971 	146.513065805 	-112.276669986 	37.9897940052 	0.938500074481 	-1.9572810935e-20
0.462 	0.260669456067 	-1.03174333177e-18 	0.0842796094391 	0.000575295102703 	146.498047773 	-112.596469269 	37.9958561473 	1.0076335668 	-1.23152383142e-19
0.462 	0.262133891213 	-2.1964519322e-19 	0.0842796094391 	0.000575295102703 	146.498047773 	-112.596469269 	37.9958561473 	1.0076335668 	-1.23152383142e-19
0.462 	0.26359832636 	-2.26578239217e-19 	0.0842493113795 	0.000575128894086 	146.487704314 	-112.874301103 	38.0013065504 	1.08076705621 	6.3737177859e-20
0.462 	0.265062761506 	1.30540827387e-19 	0.0842493113795 	0.000575128894086 	146.487704314 	-112.874301103 	38.0013065504 	1.08076705621 	6.3737177859e-20
0.462 	0.266527196653 	1.63027273674e-19 	0.0842493113795 	0.000575128894086 	146.487704314 	-112.874301103 	38.0013065504 	1.08076705621 	6.3737177859e-20
0.462 	0.267991631799 	-5.6545485125e-19 	0.0842657802497 	0.000575121027704 	146.518343428 	-113.159588063 	38.0059076592 	1.15099678935 	-1.61638009313e-20
0.462 	0.269456066946 	-2.15455392304e-19 	0.0842657802497 	0.000575121027704 	146.518343428 	-113.159588063 	38.0059076592 	1.15099678935 	-1.61638009313e-20
0.462 	0.270920502092 	-1.63607570985e-18 	0.0842681043711 	0.00057503419818 	146.544509244 	-113.385758643 	38.0100456055 	1.22776333455 	8.62692899795e-20
0.462 	0.272384937238 	-7.45852446759e-20 	0.0842681043711 	0.00057503419818 	146.544509244 	-113.385758643 	38.0100456055 	1.22776333455 	8.62692899795e-20
0.462 	0.273849372385 	5.38066227892e-19 	0.0842681043711 	0.00057503419818 	146.544509244 	-113.385758643 	38.0100456055 	1.22776333455 	8.62692899795e-20
0.462 	0.275313807531 	-1.44762842609e-19 	0.0843349177547 	0.000575146009944 	146.632187821 	-113.639299785 	38.0132152751 	1.29847615001 	-1.32858949273e-19
0.462 	0.276778242678 	3.89388964828e-19 	0.0843349177547 	0.000575146009944 	146.632187821 	-113.639299785 	38.0132152751 	1.29847615001 	-1.32858949273e-19
0.462 	0.278242677824 	1.03554513432e-18 	0.084353287005 	0.000575010596179 	146.698665321 	-113.806960596 	38.0159944501 	1.37995260207 	5.67403761046e-20
0.462 	0.279707112971 	5.74831110779e-19 	0.084353287005 	0.000575010596179 	146.698665321 	-113.806960596 	38.0159944501 	1.37995260207 	5.67403761046e-20
0.462 	0.281171548117 	-3.94729498333e-19 	0.084353287005 	0.000575010596179 	146.698665321 	-113.806960596 	38.0159944501 	1.37995260207 	5.67403761046e-20
0.462 	0.282635983264 	-7.7527650252e-19 	0.0844575748203 	0.00057508548436 	146.860905234 	-114.032763309 	38.0173838192 	1.4501561251 	1.11745905631e-19
0.462 	0.28410041841 	-7.21497058894e-19 	0.0844575748203 	0.00057508548436 	146.860905234 	-114.032763309 	38.0173838192 	1.4501561251 	1.11745905631e-19
0.462 	0.285564853556 	-1.93090900577e-19 	0.0844412595552 	0.000574537088208 	146.972686861 	-114.133449969 	38.0186728135 	1.53786094711 	-1.17141957521e-19
0.462 	0.287029288703 	-9.8495725904e-19 	0.0844412595552 	0.000574537088208 	146.972686861 	-114.133449969 	38.0186728135 	1.53786094711 	-1.17141957521e-19
0.462 	0.288493723849 	6.08054407583e-19 	0.0844412595552 	0.000574537088208 	146.972686861 	-114.133449969 	38.0186728135 	1.53786094711 	-1.17141957521e-19
0.462 	0.289958158996 	-2.70733413485e-19 	0.0845202595013 	0.000574048855857 	147.235306959 	-114.336129233 	38.0180473607 	1.60612289255 	4.47533276759e-20
0.462 	0.291422594142 	6.82754358981e-20 	0.0845202595013 	0.000574048855857 	147.235306959 	-114.336129233 	38.0180473607 	1.60612289255 	4.47533276759e-20
0.462 	0.292887029289 	1.22108046063e-18 	0.0845202595013 	0.000574048855857 	147.235306959 	-114.336129233 	38.0180473607 	1.60612289255 	4.47533276759e-20
0.462 	0.294351464435 	6.24075749578e-19 	0.0843293294763 	0.000572099124847 	147.403353394 	-114.360873336 	38.0181265348 	1.70207513668 	7.81066874115e-20
0.462 	0.295815899582 	-9.12320767057e-19 	0.0843293294763 	0.000572099124847 	147.403353394 	-114.360873336 	38.0181265348 	1.70207513668 	7.81066874115e-20
0.462 	0.297280334728 	6.27764039667e-19 	0.084209750517 	0.000569639328963 	147.829944731 	-114.543681136 	38.0148013102 	1.7665170644 	-3.14384823033e-23
0.462 	0.298744769874 	-1.15007249399e-19 	0.084209750517 	0.000569639328963 	147.829944731 	-114.543681136 	38.0148013102 	1.7665170644 	-3.14384823033e-23
0.462 	0.300209205021 	-7.62106850634e-19 	0.084209750517 	0.000569639328963 	147.829944731 	-114.543681136 	38.0148013102 	1.7665170644 	-3.14384823033e-23
0.462 	0.301673640167 	5.15300804203e-19 	0.0835665983233 	0.000564112580066 	148.138157659 	-114.486151362 	38.011439266 	1.87301381258 	-2.17896537609e-19
0.462 	0.303138075314 	2.39160983812e-19 	0.0835665983233 	0.000564112580066 	148.138157659 	-114.486151362 	38.011439266 	1.87301381258 	-2.17896537609e-19
0.462 	0.30460251046 	3.28021001529e-19 	0.0835665983233 	0.000564112580066 	148.138157659 	-114.486151362 	38.011439266 	1.87301381258 	-2.17896537609e-19
0.462 	0.306066945607 	1.0915946046e-19 	0.0829665428289 	0.00055695910284 	148.96343808 	-114.645943759 	37.9972443969 	1.93125707129 	-1.08821115188e-19
0.462 	0.307531380753 	9.97773178115e-20 	0.0829665428289 	0.00055695910284 	148.96343808 	-114.645943759 	37.9972443969 	1.93125707129 	-1.08821115188e-19
0.462 	0.3089958159 	1.14259560326e-18 	0.0815949158705 	0.000545626302779 	149.54358955 	-114.509347607 	37.9789473007 	2.04996596033 	3.66104629378e-19
0.462 	0.310460251046 	-5.86249072619e-19 	0.0815949158705 	0.000545626302779 	149.54358955 	-114.509347607 	37.9789473007 	2.04996596033 	3.66104629378e-19
0.462 	0.311924686192 	-4.52539329884e-20 	0.0815949158705 	0.000545626302779 	149.54358955 	-114.509347607 	37.9789473007 	2.04996596033 	3.66104629378e-19
0.462 	0.313389121339 	3.87045544767e-20 	0.0809927902431 	0.000535480688065 	151.252495278 	-114.626163827 	37.9293095534 	2.09910088918 	-2.04691473099e-19
0.462 	0.314853556485 	-3.30524762794e-19 	0.0809927902431 	0.000535480688065 	151.252495278 	-114.626163827 	37.9293095534 	2.09910088918 	-2.04691473099e-19
0.462 	0.316317991632 	9.14217655912e-19 	0.0809927902431 	0.000535480688065 	151.252495278 	-114.626163827 	37.9293095534 	2.09910088918 	-2.04691473099e-19
0.462 	0.317782426778 	1.36321092859e-19 	0.0807575315565 	0.000509956148666 	153.137673448 	-114.43447621 	37.8372142112 	2.22803143665 	1.10635202831e-19
0.462 	0.319246861925 	-7.71583506382e-19 	0.0807575315565 	0.000509956148666 	153.137673448 	-114.43447621 	37.8372142112 	2.22803143665 	1.10635202831e-19
0.462 	0.320711297071 	3.84709226962e-19 	0.0807575315565 	0.000509956148666 	153.137673448 	-114.43447621 	37.8372142112 	2.22803143665 	1.10635202831e-19
0.462 	0.322175732218 	-3.77794311035e-20 	0.0823537659445 	0.000447844233453 	156.931231777 	-114.456976743 	37.6701438216 	2.26365382404 	1.15962405157e-19
0.462 	0.323640167364 	-3.70443363102e-19 	0.0823537659445 	0.000447844233453 	156.931231777 	-114.456976743 	37.6701438216 	2.26365382404 	1.15962405157e-19
0.462 	0.32510460251 	9.16194345883e-19 	0.0823537659445 	0.000447844233453 	156.931231777 	-114.456976743 	37.6701438216 	2.26365382404 	1.15962405157e-19
0.462 	0.326569037657 	1.17313283342e-18 	0.0836067131853 	0.000365136657474 	161.281208544 	-114.289832489 	37.4727115669 	2.39812708488 	1.69563033002e-19
0.462 	0.328033472803 	-9.18594782745e-19 	0.0836067131853 	0.000365136657474 	161.281208544 	-114.289832489 	37.4727115669 	2.39812708488 	1.69563033002e-19
0.462 	0.32949790795 	2.8815831475e-19 	0.0836067131853 	0.000365136657474 	161.281208544 	-114.289832489 	37.4727115669 	2.39812708488 	1.69563033002e-19
0.462 	0.330962343096 	1.92164503853e-18 	0.0774001506896 	0.000508470735853 	152.221446058 	-114.083912109 	37.1296759881 	2.42352540191 	-9.83102563615e-20
0.462 	0.332426778243 	-1.13500357226e-18 	0.0774001506896 	0.000508470735853 	152.221446058 	-114.083912109 	37.1296759881 	2.42352540191 	-9.83102563615e-20
0.462 	0.333891213389 	6.51590868975e-19 	0.0774001506896 	0.000508470735853 	152.221446058 	-114.083912109 	37.1296759881 	2.42352540191 	-9.83102563615e-20
