0.42 	0 	0 	2.78043545136 	3.01818732367e-05 	92122.6932985 	-38.7280450206 	-5.06508698383 	-0.00640051008503 	5.24875563161e-20
0.42 	0.00146443514644 	-4.19434242394e-20 	18.7278628354 	0.00282378397555 	6632.18680944 	-40.0380904185 	-3.94586465717 	-0.247687595817 	-2.11630360535e-20
0.42 	0.00292887029289 	-8.82273611754e-20 	26.1602018301 	0.00586279049393 	4462.07345412 	-41.5627334594 	-2.63267034397 	-0.542573618049 	7.69324700038e-22
0.42 	0.00439330543933 	-1.90935690334e-19 	31.9214618682 	0.00805214789298 	3964.34122826 	-42.8994494439 	-1.19801500604 	-0.864127229907 	-1.42701417595e-21
0.42 	0.00585774058577 	0 	35.9205614547 	0.00918889825377 	3909.1260413 	-43.8426200961 	0.107480057355 	-1.1426455045 	2.19278401118e-21
0.42 	0.00732217573222 	6.93889390391e-19 	39.4687093261 	0.00987214890765 	3997.98561542 	-44.7110644052 	1.59704251326 	-1.44324333518 	-4.30167385512e-21
0.42 	0.00878661087866 	0 	42.5269733192 	0.0101921921027 	4172.50507944 	-45.5263506155 	3.30543967447 	-1.76928482435 	4.93198825506e-21
0.42 	0.0102510460251 	0 	44.9943921661 	0.0101138280991 	4403.38824645 	-46.2708733058 	5.26726668999 	-2.12433811731 	-5.78405862829e-21
0.42 	0.0117154811715 	-9.23936709259e-19 	46.661696302 	0.00899695347186 	4663.42412485 	-46.9214651494 	7.64408598158 	-2.5297730256 	-5.19515221364e-21
0.42 	0.013179916318 	1.56125112838e-18 	46.9669183142 	0.00847143812895 	4820.86014769 	-47.390572829 	9.72278128838 	-2.86777464783 	-3.95650341829e-22
0.42 	0.0146443514644 	9.83389526697e-19 	45.6563029351 	0.00774697064821 	4920.98865161 	-47.9595115487 	12.8233986103 	-3.34647647575 	-3.12805067601e-21
0.42 	0.0161087866109 	2.36384424502e-18 	42.1892690807 	0.00712759121789 	4857.48105832 	-43.4389791566 	15.7536831672 	-3.77649809536 	2.24435991619e-21
0.42 	0.0175732217573 	2.64903144091e-18 	38.3892723448 	0.00669059618405 	4770.2673073 	-44.0191415005 	18.3527910919 	-4.12584409498 	-1.78934572511e-21
0.42 	0.0190376569038 	2.01668718891e-18 	34.9123451621 	0.00644326493202 	4714.14315154 	-49.4407294814 	20.6219358569 	-4.41732493392 	-3.16087016043e-21
0.42 	0.0205020920502 	1.76086057608e-18 	29.5666534301 	0.00607006981311 	4571.96591731 	-50.1932987213 	23.2194365271 	-4.74325437714 	-4.40961346634e-22
0.42 	0.0219665271967 	1.11022302463e-18 	25.6710494233 	0.0057536462665 	4456.54445461 	-50.7293254456 	24.9263454475 	-4.95157216357 	-5.27300741112e-22
0.42 	0.0234309623431 	-1.02197906774e-18 	19.1095034257 	0.00455960410918 	4191.04443459 	-51.3684194204 	27.5380398443 	-5.24429620719 	2.09897403272e-22
0.42 	0.0248953974895 	-1.52655665886e-18 	14.429227976 	0.00371100982247 	3888.22144544 	-51.826413416 	29.2626831341 	-5.41776676835 	3.62721998918e-22
0.42 	0.026359832636 	-8.95927837786e-19 	8.07607296057 	0.00256549136882 	3147.96341111 	-52.5793132105 	31.5602163959 	-5.61755966145 	1.61404629927e-22
0.42 	0.0278242677824 	-1.52655665886e-18 	5.0992903538 	0.00203162691953 	2509.95411843 	-53.1245357012 	32.7269826336 	-5.69379270886 	1.6521776327e-22
0.42 	0.0292887029289 	-1.53024973564e-18 	2.79659044194 	0.00165754225619 	1687.19103932 	-54.0037952038 	33.9064693669 	-5.73150901754 	4.32029743638e-22
0.42 	0.0307531380753 	-1.5435510916e-18 	2.12147032937 	0.00156442705142 	1356.06855395 	-54.6311296254 	34.4698106993 	-5.7282327207 	-2.68523887862e-21
0.42 	0.0322175732218 	-1.07967732192e-18 	1.70496527432 	0.0014823823048 	1150.15220352 	-55.2943251376 	34.9527776226 	-5.71381498543 	1.75940952375e-21
0.42 	0.0336820083682 	-1.4224732503e-18 	1.38698627967 	0.00137706367912 	1007.20562215 	-55.9948116186 	35.3807932441 	-5.69070078705 	-4.64201388931e-21
0.42 	0.0351464435146 	-1.97758476261e-18 	1.11337017664 	0.00124689174097 	892.916473864 	-56.7322409207 	35.7519018936 	-5.65818829412 	2.44552218331e-21
0.42 	0.0366108786611 	-8.67361737988e-19 	0.873173810653 	0.00110183167554 	792.474776357 	-57.5052207719 	36.0532253787 	-5.61436950511 	-3.65154810123e-22
0.42 	0.0380753138075 	-1.21430643318e-18 	0.669700821385 	0.000955375328735 	700.981908619 	-58.3116227238 	36.2716123071 	-5.55755563644 	-2.61125791043e-22
0.42 	0.039539748954 	6.99210532023e-19 	0.506751080272 	0.000819897282049 	618.06654488 	-59.1488408909 	36.4046857694 	-5.48787377462 	1.82100130632e-20
0.42 	0.0410041841004 	1.21171455672e-18 	0.383155200033 	0.000703519385345 	544.626357162 	-60.014264277 	36.4692598169 	-5.4083741145 	-5.79667979309e-21
0.42 	0.0424686192469 	1.4802863372e-18 	0.282506710792 	0.000598805199864 	471.783997293 	-58.0075592892 	36.4181969266 	-5.28810631998 	-2.66616013772e-21
0.42 	0.0439330543933 	1.56206810969e-19 	0.251043897117 	0.000563449285694 	445.548345683 	-58.5019548473 	36.4295335192 	-5.24591653528 	3.90810689182e-20
0.42 	0.0453974895397 	0 	0.210528214894 	0.000516179126089 	407.858830886 	-62.2903154642 	36.5306723985 	-5.19736122882 	1.50559929038e-20
0.42 	0.0468619246862 	1.09452213041e-18 	0.180204006351 	0.00048333633673 	372.83355845 	-63.2448762178 	36.5600926301 	-5.11403436982 	-2.56236800296e-21
0.42 	0.0483263598326 	8.67361737988e-19 	0.17037777266 	0.000474565886415 	359.018162783 	-63.7318353907 	36.5761385845 	-5.07254250249 	4.05233625519e-21
0.42 	0.0497907949791 	2.06736125547e-19 	0.157253863583 	0.000470051720741 	334.545873665 	-62.1189416001 	36.5398252904 	-4.95578118398 	-5.64907947368e-20
0.42 	0.0512552301255 	8.49564964491e-19 	0.152506155759 	0.000474720455958 	321.254653861 	-65.7452727086 	36.6427121722 	-4.90673604758 	4.12418633666e-22
0.42 	0.052719665272 	-2.56739074445e-18 	0.151190092339 	0.000480392128979 	314.722251299 	-66.2650843068 	36.659709446 	-4.86527523663 	-9.877123624e-21
0.42 	0.0541841004184 	4.19843321373e-19 	0.150338025079 	0.000495204512917 	303.58775245 	-67.324283835 	36.6941655181 	-4.78230950693 	-1.1740594006e-20
0.42 	0.0556485355649 	0 	0.150472998479 	0.000503764502023 	298.697105244 	-67.8635625772 	36.7116204408 	-4.74079226898 	1.63085782714e-20
0.42 	0.0571129707113 	-1.93365610013e-19 	0.15134002009 	0.000522261227401 	289.778394699 	-68.9611096471 	36.7469595179 	-4.65765681993 	-2.74664108866e-20
0.42 	0.0585774058577 	0 	0.151944447572 	0.000531968558535 	285.626744541 	-69.5191993447 	36.7648341532 	-4.61602574393 	2.76197123714e-20
0.42 	0.0600418410042 	8.67361737988e-19 	0.152607592826 	0.000541881281554 	281.625511013 	-70.083366042 	36.7828399956 	-4.57434388668 	-2.76620131097e-20
0.42 	0.0615062761506 	-7.85735002735e-19 	0.154214203528 	0.000564943131556 	272.972968276 	-68.9779759659 	36.7597109656 	-4.45990653901 	8.19094205474e-20
0.42 	0.0629707112971 	-5.36978632439e-19 	0.154917981217 	0.000575184542745 	269.33613424 	-69.5851464212 	36.7787886436 	-4.41829525877 	-1.64365427744e-20
0.42 	0.0644351464435 	8.67361737988e-19 	0.155420592106 	0.000582745294057 	266.704156501 	-72.3984982262 	36.8561196451 	-4.4069819608 	1.34857233364e-20
0.42 	0.06589958159 	9.29977019307e-19 	0.15693466366 	0.000606169160307 	258.895823041 	-71.4362236127 	36.8366592692 	-4.29299722083 	-4.73654867919e-20
0.42 	0.0673640167364 	2.42861286637e-19 	0.157391585284 	0.000613909145156 	256.37602327 	-74.1925922928 	36.9123677697 	-4.28061934524 	2.20633272249e-21
0.42 	0.0688284518828 	2.77555756156e-19 	0.157989079372 	0.000624278428338 	253.074705453 	-74.8008524459 	36.9313622767 	-4.23830490812 	2.46033622217e-20
0.42 	0.0702928870293 	-1.58297205558e-19 	0.159070596038 	0.000644861935226 	246.673880637 	-76.0317547053 	36.9697196002 	-4.15334744105 	2.25247818692e-20
0.42 	0.0717573221757 	1.22993306394e-20 	0.159547849194 	0.000655033775666 	243.571942578 	-76.6540538461 	36.9890804908 	-4.11069123496 	-5.20373825946e-22
0.42 	0.0732217573222 	0 	0.159978579054 	0.000665096492182 	240.534390025 	-77.2806788711 	37.0085597508 	-4.0679076586 	-1.08610752218e-20
0.42 	0.0746861924686 	6.86050334991e-19 	0.160461364764 	0.000677277558088 	236.921130558 	-75.9097855478 	36.9754364392 	-3.9971221305 	1.06478512177e-19
0.42 	0.0761506276151 	7.20642133916e-19 	0.160779004957 	0.000686983939047 	234.036046286 	-76.5641625815 	36.9956727115 	-3.9543561156 	-6.22837085152e-20
0.42 	0.0776150627615 	2.11200734369e-18 	0.161176259846 	0.000703785250825 	229.013409498 	-79.8265823626 	37.0875759309 	-3.89535887367 	-1.19181079711e-20
0.42 	0.0790794979079 	-5.520340582e-19 	0.16132881404 	0.0007129385198 	226.287133546 	-80.4718870075 	37.1075789164 	-3.85183234769 	-3.76540876312e-20
0.42 	0.0805439330544 	-4.89150420238e-19 	0.161415672112 	0.000721826569874 	223.621128467 	-81.1202910671 	37.1276705187 	-3.80813577382 	3.72429049256e-20
0.42 	0.0820083682008 	3.57683253109e-19 	0.16143269457 	0.000730416060769 	221.014710986 	-81.7715669851 	37.1478456339 	-3.76426207008 	-3.79739342242e-21
0.42 	0.0834728033473 	3.88101479188e-19 	0.1613751585 	0.0007386700668 	218.467169246 	-82.425480776 	37.1680998656 	-3.72020425858 	-4.350645715e-20
0.42 	0.0849372384937 	-1.97758476261e-18 	0.161237598781 	0.000746547244332 	215.97775627 	-83.081792115 	37.1884298131 	-3.6759555022 	3.51248602658e-20
0.42 	0.0864016736402 	1.11022302463e-18 	0.161013642337 	0.000754000987758 	213.545664994 	-83.7402545084 	37.2088332733 	-3.63150912574 	-1.21892922633e-20
0.42 	0.0878661087866 	-5.20417042793e-19 	0.16069585645 	0.000760978162848 	211.170128521 	-84.4006155234 	37.2293093761 	-3.58685862627 	-1.55552630004e-21
0.42 	0.0893305439331 	1.11022302463e-18 	0.160275625549 	0.000767418051511 	208.85047626 	-85.0626170046 	37.2498586919 	-3.54199767665 	1.22415653539e-20
0.42 	0.0907949790795 	-7.6327832943e-19 	0.159743107484 	0.000773252109259 	206.586061094 	-85.7259952133 	37.2704833636 	-3.49692011107 	5.01791077007e-21
0.42 	0.0922594142259 	-5.55111512313e-19 	0.159087325791 	0.000778404534704 	204.37615494 	-86.3904810675 	37.2911877295 	-3.45161998156 	3.95918903159e-21
0.42 	0.0937238493724 	-5.55111512313e-19 	0.158296547534 	0.000782792595774 	202.220292309 	-87.0558004416 	37.3119805314 	-3.40609180646 	5.06614554087e-21
0.42 	0.0951882845188 	-5.55111512313e-19 	0.157358934102 	0.000786329426936 	200.118332993 	-87.7216743339 	37.3328791227 	-3.36033105457 	-1.30093715916e-20
0.42 	0.0966527196653 	-5.55111512313e-19 	0.156263468271 	0.000788928669733 	198.070464753 	-88.3878189524 	37.3539138619 	-3.31433466074 	3.81986516365e-21
0.42 	0.0981171548117 	-8.67361737988e-19 	0.155001079096 	0.000790510801338 	196.077117269 	-89.0539455492 	37.3751278178 	-3.2681009994 	1.67607629255e-20
0.42 	0.0995815899582 	-4.3865587269e-19 	0.153565825153 	0.000791010722581 	194.138740182 	-89.7197600137 	37.3965649573 	-3.22162855877 	-1.10030139004e-20
0.42 	0.101046025105 	9.9083184038e-19 	0.15195600232 	0.000790385809304 	192.255478946 	-90.3849622468 	37.4182435034 	-3.17491305709 	-1.20848188674e-20
0.42 	0.102510460251 	-3.52940066569e-19 	0.150175093878 	0.00078862343845 	190.426871122 	-91.0492453279 	37.4401218109 	-3.1279440543 	-1.93830178145e-20
0.42 	0.103974895397 	-6.62316518886e-19 	0.148232501733 	0.000785746884173 	188.651720699 	-91.712294713 	37.4620763431 	-3.08070328825 	2.70968677119e-20
0.42 	0.105439330544 	-1.22972820534e-18 	0.146143911309 	0.000781818305253 	186.928229139 	-92.3737875352 	37.483913596 	-3.03316679325 	-1.14909985383e-20
0.42 	0.10690376569 	-1.56125112838e-18 	0.146143911309 	0.000781818305253 	186.928229139 	-92.3737875352 	37.483913596 	-3.03316679325 	-1.14909985383e-20
0.42 	0.108368200837 	7.08140757982e-20 	0.143708251082 	0.000776713770978 	185.020861547 	-91.3886881318 	37.4622613506 	-2.9649548344 	4.22385617016e-20
0.42 	0.109832635983 	0 	0.141620314416 	0.000771235574273 	183.627829343 	-93.6907683343 	37.526444369 	-2.93711823445 	-1.02127925776e-20
0.42 	0.11129707113 	0 	0.139241197359 	0.000764864539421 	182.046872592 	-94.3455689738 	37.5469286787 	-2.8885828981 	2.39329764947e-20
0.42 	0.112761506276 	3.10908910968e-19 	0.136823616845 	0.000757984673898 	180.509740575 	-94.997442745 	37.5669332513 	-2.83970754248 	-1.59566845434e-20
0.42 	0.114225941423 	3.36895657599e-19 	0.134396096833 	0.000750752791633 	179.015114337 	-95.6460377629 	37.5865809193 	-2.79049882618 	-1.75124563e-20
0.42 	0.115690376569 	-7.76737602133e-20 	0.131983893161 	0.000743311930194 	177.561919565 	-96.2910047383 	37.6059961151 	-2.74096168797 	1.17605657159e-21
0.42 	0.117154811715 	0 	0.131983893161 	0.000743311930194 	177.561919565 	-96.2910047383 	37.6059961151 	-2.74096168797 	1.17605657159e-21
0.42 	0.118619246862 	1.73472347598e-19 	0.12960806363 	0.000735784977209 	176.149374674 	-96.9319986648 	37.6252598463 	-2.69109647456 	3.73224428891e-21
0.42 	0.120083682008 	5.18326443624e-19 	0.127285321823 	0.000728272322111 	174.777096367 	-97.5686787305 	37.6443998622 	-2.64089931749 	2.62946072087e-20
0.42 	0.121548117155 	-1.77615413625e-20 	0.124855204822 	0.000720545905037 	173.278626594 	-96.6464607696 	37.6224552701 	-2.57289998593 	-1.37623676934e-19
0.42 	0.123012552301 	5.14058129865e-19 	0.122844649212 	0.000713578804125 	172.152884169 	-98.8277495909 	37.6822614941 	-2.5394847704 	-1.22968198108e-20
0.42 	0.124476987448 	0 	0.122844649212 	0.000713578804125 	172.152884169 	-98.8277495909 	37.6822614941 	-2.5394847704 	-1.22968198108e-20
0.42 	0.125941422594 	1.73472347598e-19 	0.120740107742 	0.000706492422625 	170.900782337 	-99.4494723635 	37.7009421562 	-2.48825528627 	-1.15834971523e-20
0.42 	0.127405857741 	3.48354558308e-19 	0.118716700619 	0.000699615967733 	169.688380618 	-100.065545359 	37.7194360778 	-2.4366704772 	1.24692450054e-20
0.42 	0.128870292887 	4.00081558052e-19 	0.116774712569 	0.000692962277596 	168.515251615 	-100.675641372 	37.7377335002 	-2.3847253095 	2.05986327302e-20
0.42 	0.130334728033 	0 	0.116774712569 	0.000692962277596 	168.515251615 	-100.675641372 	37.7377335002 	-2.3847253095 	2.05986327302e-20
0.42 	0.13179916318 	-3.81639164715e-19 	0.114913088925 	0.000686536723308 	167.380833427 	-101.279436912 	37.7558255483 	-2.33241477871 	-1.08474430818e-20
0.42 	0.133263598326 	-6.66523355574e-19 	0.113129950735 	0.000680339840991 	166.284471259 	-101.876612773 	37.7737029826 	-2.27973385391 	-2.04128739431e-20
0.42 	0.134728033473 	-1.14667178547e-18 	0.111422961102 	0.000674369226348 	165.225453281 	-102.466854517 	37.7913562137 	-2.22667748795 	-1.12985861389e-20
0.42 	0.136192468619 	-6.93889390391e-20 	0.111422961102 	0.000674369226348 	165.225453281 	-102.466854517 	37.7913562137 	-2.22667748795 	-1.12985861389e-20
0.42 	0.137656903766 	5.00208760172e-19 	0.109789564756 	0.000668620796849 	164.20303597 	-103.049852998 	37.8087756403 	-2.17324062226 	4.03646720098e-20
0.42 	0.139121338912 	-6.7695878289e-20 	0.108136391811 	0.000662997929332 	163.10215617 	-102.160413758 	37.7872771751 	-2.10525240111 	7.16300525979e-21
0.42 	0.140585774059 	-5.10121725587e-20 	0.108136391811 	0.000662997929332 	163.10215617 	-102.160413758 	37.7872771751 	-2.10525240111 	7.16300525979e-21
0.42 	0.142050209205 	1.35308431126e-18 	0.106733057133 	0.000657770194347 	162.264964345 	-104.192913626 	37.8428755971 	-2.06520498924 	-1.0350107028e-20
0.42 	0.143514644351 	-7.18228529698e-19 	0.105304773473 	0.000652657080892 	161.347783631 	-104.752389298 	37.8595378875 	-2.01059585741 	5.01308989203e-20
0.42 	0.144979079498 	3.55119298045e-19 	0.105226783845 	0.000652601190282 	161.24209611 	-103.305855169 	37.8213304925 	-1.99715336375 	1.83866452127e-19
0.42 	0.146443514644 	0 	0.10393979877 	0.00064774465236 	160.464155731 	-105.303449954 	37.8759298609 	-1.95558543718 	-4.81727758993e-20
0.42 	0.147907949791 	-1.48362015214e-19 	0.102635749683 	0.00064302742241 	159.613332349 	-105.845821859 	37.8920428579 	-1.90016825076 	-2.4801494517e-20
0.42 	0.149372384937 	0 	0.102635749683 	0.00064302742241 	159.613332349 	-105.845821859 	37.8920428579 	-1.90016825076 	-2.4801494517e-20
0.42 	0.150836820084 	2.42861286637e-19 	0.10139043153 	0.000638500341602 	158.794639444 	-106.379240112 	37.907868478 	-1.84433864628 	2.41987377631e-20
0.42 	0.15230125523 	-6.60574506954e-19 	0.100201632305 	0.000634158090509 	158.007338872 	-106.903449195 	37.92339858 	-1.78809075511 	4.2442070591e-20
0.42 	0.153765690377 	-3.12250225676e-19 	0.100201632305 	0.000634158090509 	158.007338872 	-106.903449195 	37.92339858 	-1.78809075511 	4.2442070591e-20
0.42 	0.155230125523 	-1.81834343868e-20 	0.0990672382888 	0.000629995495284 	157.250708982 	-107.418203545 	37.9386252417 	-1.7314184562 	-8.91993759246e-21
0.42 	0.156694560669 	-2.25800307588e-19 	0.0979852501524 	0.000626007605611 	156.524057015 	-107.923267973 	37.9535407831 	-1.67431533376 	-6.63595066427e-21
0.42 	0.158158995816 	0 	0.0979852501524 	0.000626007605611 	156.524057015 	-107.923267973 	37.9535407831 	-1.67431533376 	-6.63595066427e-21
0.42 	0.159623430962 	5.29475956667e-19 	0.0969537598662 	0.000622189624446 	155.826706291 	-108.418418235 	37.9681377902 	-1.61677463577 	-1.52943668907e-20
0.42 	0.161087866109 	-5.55111512313e-19 	0.0969537598662 	0.000622189624446 	155.826706291 	-108.418418235 	37.9681377902 	-1.61677463577 	-1.52943668907e-20
0.42 	0.162552301255 	-5.55111512313e-19 	0.0959709458373 	0.000618536901094 	155.157995695 	-108.903441326 	37.9824091228 	-1.55878921267 	-5.08755180585e-20
0.42 	0.164016736402 	-5.89650322023e-19 	0.0950350704105 	0.000615044932224 	154.517280659 	-109.378136085 	37.9963479216 	-1.50035148972 	7.38496826235e-20
0.42 	0.165481171548 	-2.28983498829e-18 	0.0950350704105 	0.000615044932224 	154.517280659 	-109.378136085 	37.9963479216 	-1.50035148972 	7.38496826235e-20
0.42 	0.166945606695 	6.5287493268e-19 	0.0941444773312 	0.000611709359371 	153.903934751 	-109.842313151 	38.0099476145 	-1.44145337303 	-5.96155925753e-20
0.42 	0.168410041841 	-5.55111512313e-19 	0.0941444773312 	0.000611709359371 	153.903934751 	-109.842313151 	38.0099476145 	-1.44145337303 	-5.96155925753e-20
0.42 	0.169874476987 	0 	0.0932975899351 	0.000608525958014 	153.317354349 	-110.295795984 	38.0232019195 	-1.38208625542 	7.48151376765e-20
0.42 	0.171338912134 	-1.65269636576e-19 	0.092492907997 	0.000605490615231 	152.756963808 	-110.738419847 	38.0361048474 	-1.32224084555 	-5.62429618741e-20
0.42 	0.17280334728 	-5.55111512313e-19 	0.092492907997 	0.000605490615231 	152.756963808 	-110.738419847 	38.0361048474 	-1.32224084555 	-5.62429618741e-20
0.42 	0.174267782427 	-1.44912540229e-19 	0.0917290079886 	0.000602599490849 	152.222179709 	-111.17003412 	38.0486507011 	-1.26190729014 	1.52946350627e-20
0.42 	0.175732217573 	0 	0.0917290079886 	0.000602599490849 	152.222179709 	-111.17003412 	38.0486507011 	-1.26190729014 	1.52946350627e-20
0.42 	0.17719665272 	-8.27926292474e-19 	0.0910045396445 	0.000599848860394 	151.712449007 	-111.590498872 	38.0608340733 	-1.20107478526 	-2.46020175042e-20
0.42 	0.178661087866 	3.12250225676e-19 	0.0910045396445 	0.000599848860394 	151.712449007 	-111.590498872 	38.0608340733 	-1.20107478526 	-2.46020175042e-20
0.42 	0.180125523013 	-1.4224732503e-18 	0.090318226992 	0.000597235167816 	151.227241561 	-111.999690853 	38.0726498433 	-1.13973204087 	2.2585875745e-20
0.42 	0.181589958159 	-3.6522240223e-19 	0.0896688626263 	0.000594755017281 	150.766046559 	-112.397493652 	38.0840931649 	-1.07786630874 	-3.12227823359e-21
0.42 	0.183054393305 	1.11022302463e-18 	0.0896688626263 	0.000594755017281 	150.766046559 	-112.397493652 	38.0840931649 	-1.07786630874 	-3.12227823359e-21
0.42 	0.184518828452 	5.34600094894e-19 	0.0890553142785 	0.000592405206934 	150.328378677 	-112.783813817 	38.0951594693 	-1.01546477995 	-3.86789532325e-20
0.42 	0.185983263598 	0 	0.0890553142785 	0.000592405206934 	150.328378677 	-112.783813817 	38.0951594693 	-1.01546477995 	-3.86789532325e-20
0.42 	0.187447698745 	8.30479541039e-19 	0.0884765117552 	0.000590182688412 	149.91376991 	-113.158554245 	38.1058444235 	-0.952512073829 	4.8584255394e-20
0.42 	0.188912133891 	8.67361737988e-19 	0.0884765117552 	0.000590182688412 	149.91376991 	-113.158554245 	38.1058444235 	-0.952512073829 	4.8584255394e-20
0.42 	0.190376569038 	-5.87887901428e-19 	0.0879314657981 	0.000588084640861 	149.521785962 	-113.521656754 	38.1161439734 	-0.888994097561 	-1.67786925318e-20
0.42 	0.191841004184 	-2.42861286637e-19 	0.0879314657981 	0.000588084640861 	149.521785962 	-113.521656754 	38.1161439734 	-0.888994097561 	-1.67786925318e-20
0.42 	0.193305439331 	4.16734011952e-19 	0.0874192364941 	0.000586108357072 	149.152004811 	-113.873032966 	38.1260542114 	-0.824891569147 	-5.07247012138e-21
0.42 	0.194769874477 	0 	0.0874192364941 	0.000586108357072 	149.152004811 	-113.873032966 	38.1260542114 	-0.824891569147 	-5.07247012138e-21
0.42 	0.196234309623 	-9.78915235954e-20 	0.0869389821274 	0.000584251425871 	148.804056401 	-114.212673589 	38.1355715639 	-0.760190153976 	-3.1637829599e-20
0.42 	0.19769874477 	0 	0.0869389821274 	0.000584251425871 	148.804056401 	-114.212673589 	38.1355715639 	-0.760190153976 	-3.1637829599e-20
0.42 	0.199163179916 	-2.62676155019e-19 	0.0864898821641 	0.000582511449058 	148.47756607 	-114.540474247 	38.144692387 	-0.69486406415 	-1.41952956088e-20
0.42 	0.200627615063 	0 	0.0864898821641 	0.000582511449058 	148.47756607 	-114.540474247 	38.144692387 	-0.69486406415 	-1.41952956088e-20
0.42 	0.202092050209 	-1.25399483232e-19 	0.0860712577144 	0.000580886492319 	148.172248542 	-114.856507665 	38.1534135954 	-0.628901702106 	9.70542893673e-20
0.42 	0.203556485356 	0 	0.0860712577144 	0.000580886492319 	148.172248542 	-114.856507665 	38.1534135954 	-0.628901702106 	9.70542893673e-20
0.42 	0.205020920502 	-2.23899030033e-19 	0.0856823863002 	0.000579374400045 	147.887767035 	-115.160597528 	38.1617314988 	-0.562265140874 	-4.38455384616e-20
0.42 	0.206485355649 	-1.73472347598e-19 	0.0856823863002 	0.000579374400045 	147.887767035 	-115.160597528 	38.1617314988 	-0.562265140874 	-4.38455384616e-20
0.42 	0.207949790795 	-1.13070535112e-18 	0.085322788973 	0.000577973871148 	147.623955394 	-115.452976083 	38.1696436568 	-0.494952931407 	-5.68387821608e-20
0.42 	0.209414225941 	7.49872779158e-19 	0.0853145860271 	0.00057812146499 	147.572078177 	-114.176727922 	38.1358113826 	-0.489383496902 	-3.34322731095e-19
0.42 	0.210878661088 	-4.60644065068e-19 	0.0849917945721 	0.000576682834688 	147.380482754 	-115.733271623 	38.1771457105 	-0.426902673426 	5.80842618396e-20
0.42 	0.212343096234 	-5.55111512313e-19 	0.0849917945721 	0.000576682834688 	147.380482754 	-115.733271623 	38.1771457105 	-0.426902673426 	5.80842618396e-20
0.42 	0.213807531381 	-5.03619172289e-19 	0.0846892054119 	0.000575500946159 	147.157369553 	-116.002049773 	38.1842364028 	-0.358140239755 	4.66625490426e-20
0.42 	0.215271966527 	9.1566850483e-20 	0.0846830789055 	0.00057565506048 	147.107329926 	-114.731882085 	38.1505644449 	-0.353067805517 	-1.78150773696e-19
0.42 	0.216736401674 	-6.30283272309e-20 	0.0844091449945 	0.000574583066923 	146.905034022 	-114.99075571 	38.1573018847 	-0.2837212976 	1.46315075722e-20
0.42 	0.21820083682 	-1.4224732503e-18 	0.0844142978308 	0.000574425841127 	146.954213733 	-116.258478183 	38.1909094204 	-0.288552032449 	-3.90907183737e-20
0.42 	0.219665271967 	7.57845292947e-21 	0.0841673265842 	0.000573458787884 	146.771360667 	-116.503830563 	38.1971660965 	-0.218229144927 	-1.03274553386e-20
0.42 	0.221129707113 	0 	0.0841673265842 	0.000573458787884 	146.771360667 	-116.503830563 	38.1971660965 	-0.218229144927 	-1.03274553386e-20
0.42 	0.222594142259 	-6.48356048315e-19 	0.0839439841835 	0.000572759528513 	146.560607034 	-115.471908416 	38.1694782938 	-0.14258557561 	-1.14927564894e-19
0.42 	0.224058577406 	9.6548122325e-19 	0.0839439841835 	0.000572759528513 	146.560607034 	-115.471908416 	38.1694782938 	-0.14258557561 	-1.14927564894e-19
0.42 	0.225523012552 	-9.6345908403e-21 	0.0837552494955 	0.000571842538162 	146.465580831 	-116.958527711 	38.2084048257 	-0.0749517104521 	5.86074999473e-20
0.42 	0.226987447699 	-2.05919320773e-20 	0.0837552494955 	0.000571842538162 	146.465580831 	-116.958527711 	38.2084048257 	-0.0749517104521 	5.86074999473e-20
0.42 	0.228451882845 	0 	0.0837552494955 	0.000571842538162 	146.465580831 	-116.958527711 	38.2084048257 	-0.0749517104521 	5.86074999473e-20
0.42 	0.229916317992 	2.13631678446e-19 	0.0835894539023 	0.000571191120313 	146.342355351 	-117.166654763 	38.213373206 	-0.00178784119226 	-1.02707158509e-19
0.42 	0.231380753138 	0 	0.0835894539023 	0.000571191120313 	146.342355351 	-117.166654763 	38.213373206 	-0.00178784119226 	-1.02707158509e-19
0.42 	0.232845188285 	-4.04090325444e-19 	0.0834524744159 	0.000570651845351 	146.240610796 	-117.366437159 	38.2179203243 	0.0719949334941 	1.12309161113e-19
0.42 	0.234309623431 	0 	0.0834524744159 	0.000570651845351 	146.240610796 	-117.366437159 	38.2179203243 	0.0719949334941 	1.12309161113e-19
0.42 	0.235774058577 	-8.98306795627e-19 	0.0833408593483 	0.000570211704833 	146.157749204 	-117.549591974 	38.2220053899 	0.147300344349 	-7.8094877157e-20
0.42 	0.237238493724 	1.11022302463e-18 	0.0833408593483 	0.000570211704833 	146.157749204 	-117.549591974 	38.2220053899 	0.147300344349 	-7.8094877157e-20
0.42 	0.23870292887 	5.52383361145e-19 	0.0832600804545 	0.000569891339736 	146.098167579 	-117.727927432 	38.2256738128 	0.222948082736 	-7.83496228913e-21
0.42 	0.240167364017 	-1.18875389833e-18 	0.0832600804545 	0.000569891339736 	146.098167579 	-117.727927432 	38.2256738128 	0.222948082736 	-7.83496228913e-21
0.42 	0.241631799163 	4.26798768209e-19 	0.0832610719047 	0.000570069381267 	146.054278024 	-116.46175523 	38.1921217414 	0.226240984782 	1.18941096466e-19
0.42 	0.24309623431 	2.52049247267e-19 	0.0832031034354 	0.000569663976868 	146.056459271 	-117.884774128 	38.2288451596 	0.300749896492 	-5.40397009475e-20
0.42 	0.244560669456 	0 	0.0832031034354 	0.000569663976868 	146.056459271 	-117.884774128 	38.2288451596 	0.300749896492 	-5.40397009475e-20
0.42 	0.246025104603 	-8.24945987213e-19 	0.0831809529454 	0.000569571024578 	146.041405472 	-118.043432416 	38.2316097298 	0.378276387899 	6.60296346334e-20
0.42 	0.247489539749 	1.97758476261e-18 	0.0831809529454 	0.000569571024578 	146.041405472 	-118.043432416 	38.2316097298 	0.378276387899 	6.60296346334e-20
0.42 	0.248953974895 	0 	0.0831809529454 	0.000569571024578 	146.041405472 	-118.043432416 	38.2316097298 	0.378276387899 	6.60296346334e-20
0.42 	0.250418410042 	-1.54311952369e-18 	0.0831794456144 	0.000569558324787 	146.042015356 	-118.171511461 	38.2338209541 	0.459085345294 	4.223402385e-20
0.42 	0.251882845188 	0 	0.0831794456144 	0.000569558324787 	146.042015356 	-118.171511461 	38.2338209541 	0.459085345294 	4.223402385e-20
0.42 	0.253347280335 	7.23958593009e-19 	0.0832201383539 	0.000569706608304 	146.075431004 	-118.313450177 	38.2356643384 	0.538371908262 	-5.05352879464e-20
0.42 	0.254811715481 	0 	0.0832201383539 	0.000569706608304 	146.075431004 	-118.313450177 	38.2356643384 	0.538371908262 	-5.05352879464e-20
0.42 	0.256276150628 	0 	0.0832201383539 	0.000569706608304 	146.075431004 	-118.313450177 	38.2356643384 	0.538371908262 	-5.05352879464e-20
0.42 	0.257740585774 	3.86392864155e-20 	0.0832750348355 	0.000569908860229 	146.11991609 	-118.408542566 	38.2368810111 	0.622942446746 	-7.04657493809e-21
0.42 	0.259205020921 	0 	0.0832750348355 	0.000569908860229 	146.11991609 	-118.408542566 	38.2368810111 	0.622942446746 	-7.04657493809e-21
0.42 	0.260669456067 	-6.30177253095e-19 	0.0833851964901 	0.00057031848886 	146.208124265 	-118.538517348 	38.2377791638 	0.703639945585 	-4.06721406893e-20
0.42 	0.262133891213 	1.11022302463e-18 	0.0833851964901 	0.00057031848886 	146.208124265 	-118.538517348 	38.2377791638 	0.703639945585 	-4.06721406893e-20
0.42 	0.26359832636 	-1.14491749414e-18 	0.0833851964901 	0.00057031848886 	146.208124265 	-118.538517348 	38.2377791638 	0.703639945585 	-4.06721406893e-20
0.42 	0.265062761506 	3.04307760472e-19 	0.0834969038482 	0.000570730007976 	146.298429523 	-118.593853423 	38.2379231992 	0.7930989315 	1.43736843364e-19
0.42 	0.266527196653 	2.77555756156e-19 	0.0834969038482 	0.000570730007976 	146.298429523 	-118.593853423 	38.2379231992 	0.7930989315 	1.43736843364e-19
0.42 	0.267991631799 	-3.07079012407e-20 	0.0836866232683 	0.000571427864193 	146.451771977 	-118.719105403 	38.2378144157 	0.874487701405 	-1.00059317973e-19
0.42 	0.269456066946 	0 	0.0836866232683 	0.000571427864193 	146.451771977 	-118.719105403 	38.2378144157 	0.874487701405 	-1.00059317973e-19
0.42 	0.270920502092 	-8.67361737988e-19 	0.0836866232683 	0.000571427864193 	146.451771977 	-118.719105403 	38.2378144157 	0.874487701405 	-1.00059317973e-19
0.42 	0.272384937238 	1.12006044183e-19 	0.0838540904383 	0.000572028227166 	146.590826214 	-118.724575566 	38.2368114603 	0.970500941014 	6.44772541335e-20
0.42 	0.273849372385 	0 	0.0838540904383 	0.000572028227166 	146.590826214 	-118.724575566 	38.2368114603 	0.970500941014 	6.44772541335e-20
0.42 	0.275313807531 	3.70751989263e-19 	0.0841379157975 	0.000573042503685 	146.826658156 	-118.855343842 	38.2356188528 	1.05131740231 	-3.844614311e-20
0.42 	0.276778242678 	4.05676890218e-19 	0.0841379157975 	0.000573042503685 	146.826658156 	-118.855343842 	38.2356188528 	1.05131740231 	-3.844614311e-20
0.42 	0.278242677824 	0 	0.0841379157975 	0.000573042503685 	146.826658156 	-118.855343842 	38.2356188528 	1.05131740231 	-3.844614311e-20
0.42 	0.279707112971 	1.07448114096e-18 	0.0843556194562 	0.000573770111275 	147.019891414 	-118.797082828 	38.2334131189 	1.15628273024 	1.05983521986e-20
0.42 	0.281171548117 	-5.55111512313e-19 	0.0843556194562 	0.000573770111275 	147.019891414 	-118.797082828 	38.2334131189 	1.15628273024 	1.05983521986e-20
0.42 	0.282635983264 	0 	0.0843556194562 	0.000573770111275 	147.019891414 	-118.797082828 	38.2334131189 	1.15628273024 	1.05983521986e-20
0.42 	0.28410041841 	-1.26638343751e-19 	0.0847495143093 	0.000575090229166 	147.367334744 	-118.946408392 	38.2309818228 	1.23454011704 	5.50271906157e-20
0.42 	0.285564853556 	0 	0.0847495143093 	0.000575090229166 	147.367334744 	-118.946408392 	38.2309818228 	1.23454011704 	5.50271906157e-20
0.42 	0.287029288703 	-1.74154944897e-19 	0.0849897325837 	0.000575725337803 	147.622011753 	-118.807456841 	38.2275532707 	1.3517565153 	-2.13392264508e-20
0.42 	0.288493723849 	3.58187631017e-19 	0.0849897325837 	0.000575725337803 	147.622011753 	-118.807456841 	38.2275532707 	1.3517565153 	-2.13392264508e-20
0.42 	0.289958158996 	0 	0.0849897325837 	0.000575725337803 	147.622011753 	-118.807456841 	38.2275532707 	1.3517565153 	-2.13392264508e-20
0.42 	0.291422594142 	-2.59586781899e-19 	0.0854670017625 	0.000577039268351 	148.112973328 	-118.989396768 	38.2235167521 	1.42462854846 	-6.13670176775e-20
0.42 	0.292887029289 	-6.67350824542e-19 	0.0854670017625 	0.000577039268351 	148.112973328 	-118.989396768 	38.2235167521 	1.42462854846 	-6.13670176775e-20
0.42 	0.294351464435 	0 	0.0854670017625 	0.000577039268351 	148.112973328 	-118.989396768 	38.2235167521 	1.42462854846 	-6.13670176775e-20
0.42 	0.295815899582 	3.34637900556e-19 	0.0855661042956 	0.00057661349617 	148.394210097 	-118.752495646 	38.2188744101 	1.5583467991 	-2.9895547361e-20
0.42 	0.297280334728 	2.16781743583e-19 	0.0855661042956 	0.00057661349617 	148.394210097 	-118.752495646 	38.2188744101 	1.5583467991 	-2.9895547361e-20
0.42 	0.298744769874 	0 	0.0855661042956 	0.00057661349617 	148.394210097 	-118.752495646 	38.2188744101 	1.5583467991 	-2.9895547361e-20
0.42 	0.300209205021 	-2.6506116058e-19 	0.0858591729578 	0.000576278820831 	148.988943987 	-118.977681604 	38.212575066 	1.62223724075 	5.01978337718e-20
0.42 	0.301673640167 	-5.55111512313e-19 	0.0858591729578 	0.000576278820831 	148.988943987 	-118.977681604 	38.212575066 	1.62223724075 	5.01978337718e-20
0.42 	0.303138075314 	0 	0.0858591729578 	0.000576278820831 	148.988943987 	-118.977681604 	38.212575066 	1.62223724075 	5.01978337718e-20
0.42 	0.30460251046 	-1.55569153253e-18 	0.0851495949829 	0.000571295736444 	149.046438738 	-118.630592779 	38.2070838322 	1.77744305266 	-2.91245988515e-20
0.42 	0.306066945607 	1.04083408559e-19 	0.0851495949829 	0.000571295736444 	149.046438738 	-118.630592779 	38.2070838322 	1.77744305266 	-2.91245988515e-20
0.42 	0.307531380753 	1.04083408559e-19 	0.0851495949829 	0.000571295736444 	149.046438738 	-118.630592779 	38.2070838322 	1.77744305266 	-2.91245988515e-20
0.42 	0.3089958159 	8.68868545685e-19 	0.0845045763661 	0.000546118679518 	149.626998765 	-118.892270754 	38.1976846695 	1.82842898305 	3.82085881121e-20
0.42 	0.310460251046 	0 	0.0845045763661 	0.000546118679518 	149.626998765 	-118.892270754 	38.1976846695 	1.82842898305 	3.82085881121e-20
0.42 	0.311924686192 	0 	0.0845045763661 	0.000546118679518 	149.626998765 	-118.892270754 	38.1976846695 	1.82842898305 	3.82085881121e-20
0.42 	0.313389121339 	-1.55863268809e-19 	0.0829029581002 	0.000552918870266 	149.936930277 	-118.442281677 	38.1929020701 	2.01025208146 	-7.01733907298e-20
0.42 	0.314853556485 	-1.38777878078e-19 	0.0829029581002 	0.000552918870266 	149.936930277 	-118.442281677 	38.1929020701 	2.01025208146 	-7.01733907298e-20
0.42 	0.316317991632 	-8.67361737988e-19 	0.0829029581002 	0.000552918870266 	149.936930277 	-118.442281677 	38.1929020701 	2.01025208146 	-7.01733907298e-20
0.42 	0.317782426778 	-7.9622102606e-19 	0.0822517132884 	0.000541928081568 	151.776067869 	-118.719943218 	38.1801855888 	2.04517626117 	7.5118353551e-20
0.42 	0.319246861925 	0 	0.0822517132884 	0.000541928081568 	151.776067869 	-118.719943218 	38.1801855888 	2.04517626117 	7.5118353551e-20
0.42 	0.320711297071 	0 	0.0822517132884 	0.000541928081568 	151.776067869 	-118.719943218 	38.1801855888 	2.04517626117 	7.5118353551e-20
0.42 	0.322175732218 	-4.62470246389e-19 	0.0811162012742 	0.000529372943948 	153.230727414 	-118.217599525 	38.1730310693 	2.25708192453 	2.15414537503e-20
0.42 	0.323640167364 	-5.55111512313e-19 	0.0811162012742 	0.000529372943948 	153.230727414 	-118.217599525 	38.1730310693 	2.25708192453 	2.15414537503e-20
0.42 	0.32510460251 	0 	0.0811162012742 	0.000529372943948 	153.230727414 	-118.217599525 	38.1730310693 	2.25708192453 	2.15414537503e-20
0.42 	0.326569037657 	-6.81237685983e-19 	0.0803530904294 	0.000520262715665 	154.447143741 	-118.419068896 	38.1179914831 	2.27419834291 	-5.81564732783e-20
0.42 	0.328033472803 	8.67361737988e-19 	0.0803530904294 	0.000520262715665 	154.447143741 	-118.419068896 	38.1179914831 	2.27419834291 	-5.81564732783e-20
0.42 	0.32949790795 	-5.55111512313e-19 	0.0803530904294 	0.000520262715665 	154.447143741 	-118.419068896 	38.1179914831 	2.27419834291 	-5.81564732783e-20
0.42 	0.330962343096 	-1.34202220113e-19 	0.0789847889693 	0.00051207288033 	154.245210015 	-117.979904987 	38.2487657823 	2.52094503718 	7.99187075994e-20
0.42 	0.332426778243 	-6.53220640089e-20 	0.0789847889693 	0.00051207288033 	154.245210015 	-117.979904987 	38.2487657823 	2.52094503718 	7.99187075994e-20
0.42 	0.333891213389 	0 	0.0789847889693 	0.00051207288033 	154.245210015 	-117.979904987 	38.2487657823 	2.52094503718 	7.99187075994e-20
0.42 	0.335355648536 	1.12652708605e-18 	0.0790968580892 	0.000510743405053 	154.866136903 	-117.88136701 	37.707820569 	2.50482747742 	-2.52539907781e-20
0.42 	0.336820083682 	-7.84270007512e-19 	0.0790596735593 	0.000510733868993 	154.796222375 	-116.213323272 	37.6610884643 	2.50392962145 	-2.78837279205e-20
0.42 	0.338284518828 	-8.67361737988e-19 	0.0790968580892 	0.000510743405053 	154.866136903 	-117.88136701 	37.707820569 	2.50482747742 	-2.52539907781e-20
