0.42 	0 	0 	2.03225759276 	1.68793855296e-05 	120398.789944 	85.2553155587 	8.24186137918 	-0.0440146617556 	-1.95534590393e-21
0.42 	0.00146443514644 	4.3213369599e-19 	5.14573360412 	0.000672657715457 	7649.8544295 	84.2514779569 	15.1248420867 	-0.423291347441 	1.78518946151e-21
0.42 	0.00292887029289 	3.40005801291e-18 	5.60970892537 	0.000765236006253 	6700.89639384 	86.347422866 	17.7182985231 	-0.89066161157 	3.48316947776e-20
0.42 	0.00439330543933 	3.09718366795e-18 	4.14188679237 	0.000608125804951 	5719.60590632 	84.1218413182 	21.1009920943 	-1.25688946998 	1.83006995747e-21
0.42 	0.00585774058577 	2.18912369556e-18 	2.08323752348 	0.000471829050362 	4277.78617079 	78.6600296677 	23.7940778002 	-1.3928596596 	-2.8652069984e-20
0.42 	0.00732217573222 	4.52902710281e-18 	0.716791430367 	0.000285625378242 	2509.55091868 	75.7444195433 	25.3756175738 	-1.5767285657 	2.50955496219e-20
0.42 	0.00878661087866 	2.28983498829e-18 	0.369187368036 	0.00027633951664 	1335.99194399 	75.5819147245 	25.7719684543 	-1.80555005359 	1.86431045193e-20
0.42 	0.0102510460251 	-8.84993678157e-19 	0.308846416011 	0.000338020224437 	829.890879307 	69.7130684072 	26.2118225 	-1.76282585799 	-3.16742029924e-20
0.42 	0.0117154811715 	-7.86026990817e-19 	0.305417821549 	0.000355112285255 	744.304658992 	66.8527876636 	26.4767761911 	-1.83897331905 	-4.06303558373e-20
0.42 	0.013179916318 	-4.23368476954e-18 	0.30551005623 	0.000375986908166 	702.408469909 	63.8701589286 	26.742271927 	-1.9147697353 	-1.84150050442e-20
0.42 	0.0146443514644 	-3.31309996296e-18 	0.305619183695 	0.000393282521973 	675.159417133 	62.4380829849 	26.9352119185 	-2.11367872161 	8.59865391635e-21
0.42 	0.0161087866109 	-6.91190514861e-20 	0.308160433797 	0.000422466052518 	652.752324661 	58.3310479365 	27.2216639806 	-2.04721024226 	-1.71626469558e-20
0.42 	0.0175732217573 	-4.01650116106e-19 	0.309670063942 	0.000448208796998 	631.434131398 	56.3740040275 	27.437089807 	-2.24085887534 	2.08851592309e-21
0.42 	0.0190376569038 	-1.55076567876e-18 	0.313497977818 	0.000485682550074 	612.987063273 	52.3460260221 	27.7292554965 	-2.17783580112 	-7.37947476197e-20
0.42 	0.0205020920502 	-1.66533453694e-18 	0.315356924222 	0.000510969782218 	600.019183702 	50.8186819058 	27.8935851759 	-2.34707258883 	1.79984262871e-22
0.42 	0.0219665271967 	-1.53019889063e-18 	0.319800148897 	0.000548062381181 	583.510490554 	46.8287131252 	28.1899242692 	-2.2850036601 	-2.53604210461e-20
0.42 	0.0234309623431 	6.24500451352e-19 	0.321632830298 	0.00056229706513 	571.998059822 	44.9039629341 	28.3724751685 	-2.44669500641 	4.88612605591e-22
0.42 	0.0248953974895 	-2.25589547711e-18 	0.324740783607 	0.000583421700025 	556.614167065 	40.9312299571 	28.6690116673 	-2.38402259638 	2.74356181879e-20
0.42 	0.026359832636 	-1.22406891216e-18 	0.326130759392 	0.000599600514998 	543.913407734 	37.8372006992 	28.9153323482 	-2.42974473221 	9.03353239461e-21
0.42 	0.0278242677824 	-1.02022908891e-18 	0.326663781235 	0.000609808932737 	535.682184531 	35.7200779925 	29.081448764 	-2.45862012373 	2.95470494074e-21
0.42 	0.0292887029289 	8.33725167344e-19 	0.32646293661 	0.000620573194875 	526.066770698 	33.0730897041 	29.2944113434 	-2.60212474047 	5.48217298462e-23
0.42 	0.0307531380753 	6.93889390391e-20 	0.326478094297 	0.000629868878877 	518.327076073 	30.7823239088 	29.4659524568 	-2.62576604558 	1.5342581892e-20
0.42 	0.0322175732218 	-8.69031913727e-19 	0.326579854507 	0.00064719372808 	504.609115227 	26.8154886052 	29.7556554638 	-2.55992093654 	-5.67013281442e-21
0.42 	0.0336820083682 	-2.74709320959e-19 	0.325946587512 	0.0006523343874 	499.661820392 	24.8682146319 	29.8971270947 	-2.67798914307 	3.1082132263e-21
0.42 	0.0351464435146 	2.45481712433e-18 	0.325885279974 	0.000665057570463 	490.010631332 	22.1039819728 	30.0960803293 	-2.60142837034 	-1.65613351365e-20
0.42 	0.0366108786611 	1.78849285455e-18 	0.325541925897 	0.000674129563949 	482.907060165 	19.6846350368 	30.2667118892 	-2.61977949063 	8.75234307547e-21
0.42 	0.0380753138075 	8.57019925576e-19 	0.325017368719 	0.000684438295013 	474.867305185 	16.148051521 	30.503435932 	-2.73390596962 	-2.53445861752e-21
0.42 	0.039539748954 	-1.80194630419e-19 	0.324962842095 	0.000697876260055 	465.645359637 	13.4547501228 	30.6943304672 	-2.65839456449 	9.44231147381e-22
0.42 	0.0410041841004 	-3.55705020733e-19 	0.324893363903 	0.000707961252374 	458.914047645 	10.8917952507 	30.8658123946 	-2.67082936635 	1.62772567032e-20
0.42 	0.0424686192469 	-1.29713027039e-18 	0.324987956973 	0.000714908173283 	454.586993292 	8.28090854946 	31.0249599341 	-2.76504453132 	-4.82035491345e-21
0.42 	0.0439330543933 	-1.30442279451e-19 	0.325100342216 	0.000729379887159 	445.72156148 	5.64828172511 	31.2096318153 	-2.6902315128 	-1.15257089177e-23
0.42 	0.0453974895397 	-2.83999546037e-20 	0.325234005519 	0.000735022203073 	442.481878995 	4.31355118148 	31.2958156753 	-2.6938939244 	2.70069204256e-21
0.42 	0.0468619246862 	1.08290878873e-19 	0.325615519946 	0.000746683579152 	436.082336666 	1.61634794712 	31.4686106331 	-2.69973397557 	-9.81749614634e-22
0.42 	0.0483263598326 	3.40342577183e-19 	0.326164973155 	0.000758866987852 	429.805194291 	-1.11691397671 	31.6422740047 	-2.70354766819 	2.81549674081e-21
0.42 	0.0497907949791 	2.05508688763e-18 	0.327151287632 	0.000768424248117 	425.743055914 	-4.14776592442 	31.8146008359 	-2.77953778247 	-3.21679460977e-22
0.42 	0.0512552301255 	9.84673874156e-19 	0.328047848528 	0.000781647864551 	419.687513273 	-7.00345714858 	31.9938170905 	-2.77710402926 	9.32715150482e-22
0.42 	0.052719665272 	-1.47251813356e-19 	0.328204234078 	0.000791309945705 	414.760658399 	-8.09993983419 	32.084279064 	-2.7040088043 	7.66849890439e-21
0.42 	0.0541841004184 	-1.50589406524e-19 	0.329073245476 	0.000804577870357 	409.001114249 	-10.9497761587 	32.2662111444 	-2.7005362356 	1.49776778594e-20
0.42 	0.0556485355649 	-8.11282370764e-19 	0.33016498593 	0.000814928414204 	405.145998318 	-14.2770807206 	32.4556873242 	-2.76184495754 	-3.9795100847e-21
0.42 	0.0571129707113 	-2.66804099446e-18 	0.329915409415 	0.000823604836438 	400.574881082 	-15.281130461 	32.5462333899 	-2.69135748331 	8.98582776717e-21
0.42 	0.0585774058577 	-1.98595719666e-18 	0.330477351213 	0.000832971518311 	396.745079451 	-18.7266019013 	32.7439643768 	-2.74627912454 	-5.8318711684e-21
0.42 	0.0600418410042 	-2.04676528168e-19 	0.329645252144 	0.000840129354233 	392.374401017 	-19.6764879207 	32.8346031234 	-2.6772553509 	1.61647356742e-20
0.42 	0.0615062761506 	-2.12076655033e-19 	0.328610146175 	0.000848996480851 	387.057135791 	-22.6401227717 	33.0307502616 	-2.66496923872 	-6.83565957678e-21
0.42 	0.0629707112971 	6.21802593497e-20 	0.327799396287 	0.000852639208995 	384.452641667 	-24.1314552682 	33.1297440443 	-2.65791094587 	3.02644644954e-20
0.42 	0.0644351464435 	1.04509971366e-18 	0.325557888468 	0.000858161780379 	379.366566901 	-27.1322105375 	33.3290236779 	-2.6418431105 	-4.2476463521e-20
0.42 	0.06589958159 	-4.77543295213e-20 	0.324127546686 	0.000860000729816 	376.892176307 	-28.6411984547 	33.4290540796 	-2.63277184861 	2.51985760511e-20
0.42 	0.0673640167364 	-4.16333634234e-19 	0.323754418178 	0.000861351626353 	375.867889806 	-30.8620815238 	33.5426433719 	-2.67851910739 	1.571309603e-20
0.42 	0.0688284518828 	7.44294386203e-19 	0.318729033618 	0.000861873076236 	369.809711437 	-33.1993535255 	33.7292937636 	-2.60097940896 	4.63331775043e-20
0.42 	0.0702928870293 	-9.71929496334e-21 	0.316622545423 	0.000861363850593 	367.582810917 	-34.7280155911 	33.8292040817 	-2.58873857285 	-3.83730079159e-20
0.42 	0.0717573221757 	1.39416470795e-19 	0.314393599177 	0.000860341637219 	365.428785004 	-36.260658587 	33.9290334185 	-2.57562623142 	4.88646214966e-20
0.42 	0.0732217573222 	1.1548905979e-18 	0.309612456491 	0.000856872864271 	361.328347997 	-39.3360682714 	34.1287111796 	-2.54670031482 	1.19207975485e-20
0.42 	0.0746861924686 	1.38777878078e-19 	0.308766907083 	0.000856317192102 	360.575391841 	-41.7243059193 	34.2493501392 	-2.57925486834 	1.6664908702e-20
0.42 	0.0761506276151 	-1.64954993094e-18 	0.304423361163 	0.000851651524033 	357.450615154 	-42.4216982598 	34.3288844037 	-2.51406466471 	3.73438813973e-21
0.42 	0.0776150627615 	-7.80488358388e-19 	0.300581541876 	0.000847078230393 	354.845079345 	-46.4145990855 	34.5534129194 	-2.52284110764 	4.98779889604e-21
0.42 	0.0790794979079 	-6.82591345975e-19 	0.29588652623 	0.000840907086554 	351.865896912 	-47.0601739111 	34.6304691418 	-2.45794925495 	3.55737996772e-21
0.42 	0.0805439330544 	-1.07552855511e-18 	0.29460515618 	0.000839040732352 	351.121399499 	-49.5431403744 	34.7567195523 	-2.48035965914 	-2.74558167206e-20
0.42 	0.0820083682008 	-4.82817959421e-19 	0.289759332972 	0.000832155199679 	348.203475846 	-50.152882952 	34.8319376357 	-2.41568200912 	1.11373051128e-19
0.42 	0.0834728033473 	-7.6959938919e-19 	0.286599052996 	0.000827416836383 	346.378077401 	-51.6977136288 	34.9325876426 	-2.39308699367 	-7.45609420622e-20
0.42 	0.0849372384937 	5.95343826001e-19 	0.280152495963 	0.000817409427495 	342.732156664 	-54.7815758784 	35.1333624576 	-2.34499684017 	-1.18403882437e-19
0.42 	0.0864016736402 	1.67940785471e-18 	0.276891234728 	0.000812209744779 	340.910998061 	-56.3195052934 	35.2333537291 	-2.31951771386 	1.30593153697e-19
0.42 	0.0878661087866 	9.06226152084e-19 	0.273619140582 	0.000806919015219 	339.091204224 	-57.8540315926 	35.33299535 	-2.293095966 	-6.30126872986e-20
0.42 	0.0893305439331 	1.22273708554e-18 	0.270345335065 	0.00080156181976 	337.273218859 	-59.3846028303 	35.4322241963 	-2.26574316645 	-2.1945934633e-21
0.42 	0.0907949790795 	-4.24097209066e-19 	0.267077552375 	0.000796158811584 	335.457635447 	-60.9106669235 	35.5309773048 	-2.23747195898 	-1.00291049073e-20
0.42 	0.0922594142259 	1.31838984174e-18 	0.265230002515 	0.000792890528105 	334.5102421 	-63.5123613009 	35.6617809228 	-2.2414634118 	1.97235771639e-20
0.42 	0.0937238493724 	1.40226453316e-18 	0.260585574159 	0.000785281821301 	331.837013275 	-63.9470685124 	35.7268066156 	-2.17822998619 	-1.74154717446e-19
0.42 	0.0951882845188 	8.54884137113e-19 	0.257371774247 	0.000779834247463 	330.033946424 	-65.4563078354 	35.8237607019 	-2.14728974379 	1.3553783515e-19
0.42 	0.0966527196653 	5.87883549337e-20 	0.254185139678 	0.00077439468316 	328.237196362 	-66.9588456049 	35.9199960253 	-2.1154920974 	-1.04794988489e-19
0.42 	0.0981171548117 	-2.6618131987e-19 	0.25102915827 	0.000768971530913 	326.447921905 	-68.4541415385 	36.0154566415 	-2.08285491051 	-1.78108784026e-20
0.42 	0.0995815899582 	1.00118995934e-20 	0.24790688846 	0.000763572012719 	324.667332393 	-69.94166052 	36.1100891841 	-2.04939689109 	-2.03151478017e-20
0.42 	0.101046025105 	-2.34280311553e-20 	0.244820972273 	0.000758202336063 	322.8966209 	-71.4208737309 	36.2038428795 	-2.01513758949 	1.6062492083e-19
0.42 	0.102510460251 	-5.3136482878e-19 	0.241773766885 	0.000752868012719 	321.136989221 	-72.8912595001 	36.2966696252 	-1.98009722077 	-9.24138287257e-20
0.42 	0.103974895397 	4.02077487625e-21 	0.2387673876 	0.000747574016935 	319.389628574 	-74.3523042074 	36.3885240069 	-1.9442966053 	-3.58806014778e-20
0.42 	0.105439330544 	-3.34203241707e-19 	0.235803742074 	0.000742324899562 	317.655708724 	-75.8035033133 	36.4793633164 	-1.9077571249 	-7.29519722456e-20
0.42 	0.10690376569 	1.07552855511e-18 	0.2337689975 	0.000738537789178 	316.529500489 	-78.4581640275 	36.6063127317 	-1.89343773415 	6.45942036459e-21
0.42 	0.108368200837 	-9.39271746186e-19 	0.230011586846 	0.00073197819686 	314.232838946 	-78.6743948011 	36.657839609 	-1.8325488789 	-1.8273946559e-20
0.42 	0.109832635983 	9.18595575414e-19 	0.227186206233 	0.000726888495264 	312.546157648 	-80.0931290554 	36.7454046521 	-1.79392454072 	3.61713007125e-20
0.42 	0.11129707113 	2.14977549714e-18 	0.224409821643 	0.000721859474191 	310.877434829 	-81.5001028395 	36.8318105992 	-1.75464989947 	-1.31836311352e-19
0.42 	0.112761506276 	-4.37566268877e-19 	0.221683722501 	0.000716894664766 	309.227747669 	-82.8948676773 	36.9170275533 	-1.71474744883 	6.95694708655e-20
0.42 	0.114225941423 	-5.81022144805e-19 	0.219009054999 	0.000711997384222 	307.598117426 	-84.2769879963 	37.0010277596 	-1.67423948098 	-6.35739011782e-21
0.42 	0.115690376569 	-6.9597578769e-19 	0.217003355423 	0.000708156882641 	306.434013059 	-86.9239519855 	37.122112346 	-1.6508348647 	-1.69978341603e-20
0.42 	0.117154811715 	-1.08599727087e-18 	0.216386840129 	0.000707170758175 	305.989518977 	-85.646041904 	37.0837852448 	-1.63314821988 	4.46896258481e-20
0.42 	0.118619246862 	-1.02302719062e-18 	0.213818005711 	0.000702417775574 	304.402896888 	-87.0016212458 	37.1652758722 	-1.59149558142 	-8.96223244728e-20
0.42 	0.120083682008 	-1.86220365715e-19 	0.211303353895 	0.000697741227768 	302.839140767 	-88.3433318878 	37.2454773088 	-1.54930318603 	1.11783132342e-19
0.42 	0.121548117155 	-8.77933966706e-19 	0.208843529371 	0.000693143640015 	301.299063159 	-89.6707945912 	37.3243690352 	-1.50659232319 	-1.73856336635e-19
0.42 	0.123012552301 	-7.90280287797e-19 	0.206439115134 	0.000688627437367 	299.783458996 	-90.983645278 	37.4019325685 	-1.46338384695 	6.6409640281e-20
0.42 	0.124476987448 	-4.51654028761e-20 	0.204090510483 	0.000684194719858 	298.293021795 	-92.2815359068 	37.4781515088 	-1.41969826888 	-6.14541880063e-20
0.42 	0.125941422594 	1.94289029309e-18 	0.204525758551 	0.000684877132396 	298.63131484 	-93.6028244682 	37.5166995858 	-1.43366013034 	-2.17670800288e-20
0.42 	0.127405857741 	-1.14491749414e-18 	0.202201868487 	0.000680475910173 	297.147724797 	-94.8929596882 	37.5915352826 	-1.38884706942 	9.88690499795e-21
0.42 	0.128870292887 	-4.9641149545e-19 	0.19956196513 	0.00067558747173 	295.390269182 	-94.8311258121 	37.6265010129 	-1.33097519465 	-4.85700034607e-20
0.42 	0.130334728033 	-3.41154564378e-19 	0.197727967155 	0.000671943674309 	294.262710871 	-97.4249575043 	37.7370243128 	-1.29800185062 	-2.46731804296e-20
0.42 	0.13179916318 	5.57343476643e-19 	0.195259186462 	0.000667335135172 	292.595393484 	-97.3171080064 	37.7693292034 	-1.24057646434 	9.43009582172e-20
0.42 	0.133263598326 	2.25626339523e-19 	0.195259186462 	0.000667335135172 	292.595393484 	-97.3171080064 	37.7693292034 	-1.24057646434 	9.43009582172e-20
0.42 	0.134728033473 	4.8131158407e-19 	0.193192445405 	0.000663345372836 	291.239606571 	-98.535550561 	37.8386537706 	-1.19479382218 	-1.39151654264e-19
0.42 	0.136192468619 	-9.81943094311e-21 	0.191181970482 	0.000659447988429 	289.912129291 	-99.7372900946 	37.9065787358 	-1.14864488974 	1.66795597737e-19
0.42 	0.137656903766 	4.27611368346e-20 	0.189475005415 	0.00065599764225 	288.834887829 	-102.288069596 	38.0110901708 	-1.11193487274 	1.39061711856e-20
0.42 	0.139121338912 	9.79177848528e-19 	0.189227534158 	0.000655643841126 	288.613302358 	-100.922095322 	37.9731011642 	-1.10214564577 	7.58078104108e-20
0.42 	0.140585774059 	-2.54431650002e-20 	0.187328869457 	0.000651933692258 	287.343439496 	-102.089752452 	38.0382195478 	-1.05531110214 	-4.40005519001e-20
0.42 	0.142050209205 	5.43084151737e-19 	0.185485590247 	0.000648318048775 	286.102771005 	-103.240064882 	38.1019335879 	-1.00815546359 	-1.07250526894e-20
0.42 	0.143514644351 	-8.83382971643e-19 	0.183697334592 	0.000644797435446 	284.89154034 	-104.372852873 	38.1642441506 	-0.960691839015 	3.25327804369e-20
0.42 	0.144979079498 	-1.86705409591e-19 	0.183697334592 	0.000644797435446 	284.89154034 	-104.372852873 	38.1642441506 	-0.960691839015 	3.25327804369e-20
0.42 	0.146443514644 	1.67289095666e-19 	0.18196354873 	0.000641371976053 	283.70985251 	-105.487953361 	38.2251530271 	-0.912932517911 	-1.8329050714e-19
0.42 	0.147907949791 	1.22966958226e-18 	0.180283793975 	0.000638041981577 	282.557886755 	-106.585219991 	38.284663124 	-0.86488872907 	3.3911260498e-20
0.42 	0.149372384937 	-4.62260045785e-19 	0.178657409041 	0.000634807301243 	281.435655656 	-107.66452245 	38.3427784727 	-0.816570754809 	1.1154505296e-20
0.42 	0.150836820084 	3.86525089785e-19 	0.178657409041 	0.000634807301243 	281.435655656 	-107.66452245 	38.3427784727 	-0.816570754809 	1.1154505296e-20
0.42 	0.15230125523 	6.76903655811e-19 	0.177083805027 	0.000631667878207 	280.343216961 	-108.725747346 	38.3995042177 	-0.767988013845 	-1.29161113251e-20
0.42 	0.153765690377 	9.15352533349e-19 	0.175562287446 	0.000628623414537 	279.280541237 	-109.768797414 	38.4548466254 	-0.719148720342 	3.5862709229e-20
0.42 	0.155230125523 	4.26305015574e-19 	0.175562287446 	0.000628623414537 	279.280541237 	-109.768797414 	38.4548466254 	-0.719148720342 	3.5862709229e-20
0.42 	0.156694560669 	1.17118715375e-18 	0.174092123866 	0.00062567348931 	278.247563371 	-110.79359165 	38.5088129295 	-0.670060367817 	-9.67460173143e-20
0.42 	0.158158995816 	-1.72572890919e-19 	0.172672589451 	0.000622817655412 	277.244210967 	-111.800064931 	38.5614112898 	-0.620729165069 	2.42758430812e-20
0.42 	0.159623430962 	1.12608346616e-19 	0.172672589451 	0.000622817655412 	277.244210967 	-111.800064931 	38.5614112898 	-0.620729165069 	2.42758430812e-20
0.42 	0.161087866109 	-6.69651581388e-19 	0.171302832556 	0.000620055166653 	276.27030911 	-112.788167819 	38.6126505206 	-0.571160466192 	-1.15788891723e-19
0.42 	0.162552301255 	-3.86163424212e-19 	0.169982073621 	0.000617385370822 	275.325723048 	-113.757867292 	38.6625400387 	-0.521358493721 	2.32960766684e-19
0.42 	0.164016736402 	-1.73472347598e-19 	0.170057617748 	0.000617426224409 	275.429858703 	-115.158513975 	38.6982166808 	-0.526563651028 	7.126666252e-20
0.42 	0.165481171548 	1.26645445779e-19 	0.168777169591 	0.000614834006255 	274.508514288 	-116.11056339 	38.7465396008 	-0.476271638681 	-3.83360477864e-20
0.42 	0.166945606695 	-1.26881232653e-18 	0.167483916498 	0.000612319956952 	273.523530626 	-115.641995471 	38.7583096058 	-0.421066334588 	-4.28872083379e-20
0.42 	0.168410041841 	-7.6327832943e-19 	0.167544699477 	0.00061233402287 	273.616511935 	-117.043909016 	38.7935315093 	-0.425767247774 	7.53817262818e-20
0.42 	0.169874476987 	4.41481664872e-19 	0.166304679742 	0.00060992222535 	272.665387209 	-116.556431252 	38.8042099647 	-0.370579383994 	1.84381735186e-20
0.42 	0.171338912134 	-8.54012236538e-20 	0.166304679742 	0.00060992222535 	272.665387209 	-116.556431252 	38.8042099647 	-0.370579383994 	1.84381735186e-20
0.42 	0.17280334728 	-4.30501649201e-19 	0.165170722664 	0.000607612884811 	271.835451146 	-117.452476081 	38.8488010407 	-0.319865687074 	1.83702846145e-20
0.42 	0.174267782427 	7.24396682062e-20 	0.164081058191 	0.000605390624764 	271.033365036 	-118.330168513 	38.8920932942 	-0.268924298003 	-3.2388115846e-19
0.42 	0.175732217573 	-5.19796057552e-19 	0.164081058191 	0.000605390624764 	271.033365036 	-118.330168513 	38.8920932942 	-0.268924298003 	-3.2388115846e-19
0.42 	0.17719665272 	-5.16955018311e-19 	0.163034681658 	0.000603254050048 	270.258743634 	-119.189560534 	38.9340975359 	-0.217753532233 	1.93919488185e-19
0.42 	0.178661087866 	-5.89307606621e-20 	0.163034681658 	0.000603254050048 	270.258743634 	-119.189560534 	38.9340975359 	-0.217753532233 	1.93919488185e-19
0.42 	0.180125523013 	-1.12974512043e-19 	0.162030581402 	0.000601201704178 	269.511181149 	-120.030716307 	38.9748251635 	-0.166350421236 	7.27924555724e-20
0.42 	0.181589958159 	5.89762034572e-20 	0.161100473261 	0.000599197426032 	268.860422728 	-122.253562451 	39.0481534294 	-0.118232935808 	3.44197097992e-20
0.42 	0.183054393305 	-1.07486317554e-20 	0.161067749354 	0.000599232092885 	268.790258843 	-120.853716378 	39.0142881554 	-0.114711620464 	-1.6873736963e-19
0.42 	0.184518828452 	2.01117796353e-19 	0.160145188418 	0.000597343703572 	268.095549447 	-121.658646691 	39.0524987453 	-0.0628318797525 	-2.2499942367e-20
0.42 	0.185983263598 	-4.60145463704e-19 	0.160145188418 	0.000597343703572 	268.095549447 	-121.658646691 	39.0524987453 	-0.0628318797525 	-2.2499942367e-20
0.42 	0.187447698745 	1.92636095943e-20 	0.159289517198 	0.000595492532471 	267.4920482 	-123.84323673 	39.1229005571 	-0.0139271334183 	-6.874776741e-21
0.42 	0.188912133891 	-3.20148721499e-19 	0.15841684873 	0.000593804254108 	266.782946794 	-123.214727765 	39.1252108991 	0.0416726490882 	1.2672062684e-19
0.42 	0.190376569038 	8.68663567884e-20 	0.15841684873 	0.000593804254108 	266.782946794 	-123.214727765 	39.1252108991 	0.0416726490882 	1.2672062684e-19
0.42 	0.191841004184 	-7.5861148701e-19 	0.157633229701 	0.000592103072786 	266.22599501 	-125.360984496 	39.1927490675 	0.0913530129191 	-1.04214728948e-19
0.42 	0.193305439331 	1.04083408559e-19 	0.157633229701 	0.000592103072786 	266.22599501 	-125.360984496 	39.1927490675 	0.0913530129191 	-1.04214728948e-19
0.42 	0.194769874477 	1.77019474956e-18 	0.156837591975 	0.000590570475371 	265.569645818 	-124.699910847 	39.1930522083 	0.147219487075 	-1.40851048254e-19
0.42 	0.196234309623 	7.00173850562e-19 	0.156837591975 	0.000590570475371 	265.569645818 	-124.699910847 	39.1930522083 	0.147219487075 	-1.40851048254e-19
0.42 	0.19769874477 	6.62282263943e-19 	0.15610141614 	0.000589064095375 	264.999033833 	-125.416277107 	39.2251721157 	0.200402806832 	3.99666003581e-20
0.42 	0.199163179916 	5.74402351193e-20 	0.15610141614 	0.000589064095375 	264.999033833 	-125.416277107 	39.2251721157 	0.200402806832 	3.99666003581e-20
0.42 	0.200627615063 	6.09492508368e-19 	0.155399551038 	0.000587629086606 	264.451768266 	-126.115312285 	39.2561035333 	0.253879134772 	3.42185711058e-19
0.42 	0.202092050209 	-3.74085718189e-19 	0.155399551038 	0.000587629086606 	264.451768266 	-126.115312285 	39.2561035333 	0.253879134772 	3.42185711058e-19
0.42 	0.203556485356 	9.00662004607e-19 	0.154731078598 	0.000586263832321 	263.927382295 	-126.797274112 	39.2858565468 	0.307647087226 	-3.55817468955e-19
0.42 	0.205020920502 	-7.27223695465e-19 	0.154095006321 	0.000584966529027 	263.425339185 	-127.4621976 	39.314438347 	0.361735866738 	2.55659190878e-19
0.42 	0.206485355649 	-2.77555756156e-19 	0.154115754383 	0.000584919239857 	263.482108095 	-128.848842735 	39.3465003507 	0.35930193705 	-1.69318144105e-19
0.42 	0.207949790795 	-1.26282554284e-18 	0.153511233966 	0.000583689668574 	263.001458191 	-129.49542934 	39.3737503152 	0.413784191187 	1.80570847617e-19
0.42 	0.209414225941 	2.38708894551e-19 	0.153490485849 	0.000583735642943 	262.945200803 	-128.110460179 	39.3418597993 	0.416132542298 	-1.05398273091e-19
0.42 	0.210878661088 	-1.06395654114e-18 	0.152916518441 	0.000582569293605 	262.486403111 	-128.741965054 	39.3681265594 	0.47088674026 	8.71818160161e-20
0.42 	0.212343096234 	-2.56433412199e-19 	0.152916518441 	0.000582569293605 	262.486403111 	-128.741965054 	39.3681265594 	0.47088674026 	8.71818160161e-20
0.42 	0.213807531381 	7.87222172372e-19 	0.152372395967 	0.000581466186974 	262.048592645 	-129.357304465 	39.393251655 	0.525960865447 	-1.60182810756e-19
0.42 	0.215271966527 	-1.03943578876e-18 	0.152372395967 	0.000581466186974 	262.048592645 	-129.357304465 	39.393251655 	0.525960865447 	-1.60182810756e-19
0.42 	0.216736401674 	-1.20459807331e-18 	0.151878729794 	0.000580384097455 	261.686580422 	-131.336275204 	39.448653306 	0.579320805836 	1.00660002851e-19
0.42 	0.21820083682 	9.0371717718e-19 	0.151857063294 	0.000580424269949 	261.631139765 	-129.956122174 	39.4172368981 	0.581442032347 	-6.54914391839e-21
0.42 	0.219665271967 	4.65792510128e-19 	0.151370039488 	0.000579442676866 	261.233846818 	-130.539389224 	39.4400987182 	0.637245122969 	4.77480790114e-20
0.42 	0.221129707113 	7.2858385991e-19 	0.151392237524 	0.000579404885278 	261.289197538 	-131.918193124 	39.4713734223 	0.635190266372 	-4.88752443478e-20
0.42 	0.222594142259 	4.31664148324e-19 	0.150932953983 	0.000578483785745 	260.911295532 	-132.483682232 	39.4929702631 	0.691535741442 	-2.55655413794e-20
0.42 	0.224058577406 	7.2858385991e-19 	0.150932953983 	0.000578483785745 	260.911295532 	-132.483682232 	39.4929702631 	0.691535741442 	-2.55655413794e-20
0.42 	0.225523012552 	1.86067428074e-18 	0.150500712365 	0.000577620552283 	260.5529041 	-133.034823759 	39.5134720318 	0.748175109155 	-3.56035328139e-20
0.42 	0.226987447699 	-3.55327442886e-19 	0.15047721037 	0.000577653121885 	260.497528135 	-131.658402088 	39.482458603 	0.750108238959 	1.79713735823e-20
0.42 	0.228451882845 	4.72574511309e-20 	0.150069692166 	0.000576841725699 	260.157484247 	-132.193961378 	39.5019584477 	0.807284943357 	1.55306416122e-19
0.42 	0.229916317992 	1.71676260283e-19 	0.150069692166 	0.000576841725699 	260.157484247 	-132.193961378 	39.5019584477 	0.807284943357 	1.55306416122e-19
0.42 	0.231380753138 	3.19731764538e-19 	0.150069692166 	0.000576841725699 	260.157484247 	-132.193961378 	39.5019584477 	0.807284943357 	1.55306416122e-19
0.42 	0.232845188285 	2.28561821734e-19 	0.149688099845 	0.000576086009961 	259.836373834 	-132.71608698 	39.5203607675 	0.86468287385 	-1.25008209157e-19
0.42 	0.234309623431 	-1.34838869165e-20 	0.149688099845 	0.000576086009961 	259.836373834 	-132.71608698 	39.5203607675 	0.86468287385 	-1.25008209157e-19
0.42 	0.235774058577 	-1.50498539057e-19 	0.149330069948 	0.000575380996674 	259.532502482 	-133.22086229 	39.5376274774 	0.922872077984 	-1.49318467577e-19
0.42 	0.237238493724 	2.49494295004e-21 	0.149330069948 	0.000575380996674 	259.532502482 	-133.22086229 	39.5376274774 	0.922872077984 	-1.49318467577e-19
0.42 	0.23870292887 	-3.18248918062e-19 	0.149024053842 	0.000574709335019 	259.303346512 	-135.088335298 	39.5844078508 	0.979374052755 	-1.08647427296e-20
0.42 	0.240167364017 	-3.78321018327e-19 	0.148997461608 	0.000574730670165 	259.247451619 	-133.714214345 	39.5538150956 	0.981103918774 	1.91592337446e-19
0.42 	0.241631799163 	-4.90174799642e-19 	0.148686419199 	0.000574126811733 	258.97835837 	-134.188471735 	39.5688534898 	1.04046263974 	8.52808717136e-20
0.42 	0.24309623431 	-5.57509249112e-19 	0.148686419199 	0.000574126811733 	258.97835837 	-134.188471735 	39.5688534898 	1.04046263974 	8.52808717136e-20
0.42 	0.244560669456 	-1.23200451874e-18 	0.148429238459 	0.000573562412962 	258.784807206 	-136.029294967 	39.6132686509 	1.09785899908 	1.45573761624e-21
0.42 	0.246025104603 	3.75604079868e-19 	0.148401089232 	0.00057357823931 	258.728590209 	-134.654605837 	39.5828314592 	1.09950550855 	-6.22176351294e-20
0.42 	0.247489539749 	-9.84554927001e-20 	0.148401089232 	0.00057357823931 	258.728590209 	-134.654605837 	39.5828314592 	1.09950550855 	-6.22176351294e-20
0.42 	0.248953974895 	7.44906306871e-19 	0.148134655749 	0.00057307031971 	258.492981845 	-135.098187255 	39.5956240547 	1.1602613165 	3.79538899595e-20
0.42 	0.250418410042 	-1.20046743615e-18 	0.148134655749 	0.00057307031971 	258.492981845 	-135.098187255 	39.5956240547 	1.1602613165 	3.79538899595e-20
0.42 	0.251882845188 	6.49140542951e-19 	0.147895473976 	0.00057262079199 	258.278211418 	-135.539146069 	39.6073892855 	1.22002130086 	3.14689158638e-20
0.42 	0.253347280335 	-1.84161361114e-19 	0.147895473976 	0.00057262079199 	258.278211418 	-135.539146069 	39.6073892855 	1.22002130086 	3.14689158638e-20
0.42 	0.254811715481 	5.16763449418e-19 	0.147671332686 	0.000572203331616 	258.074926389 	-135.951172436 	39.6179424215 	1.28251253404 	-4.07116587057e-20
0.42 	0.256276150628 	-5.23373707056e-19 	0.147671332686 	0.000572203331616 	258.074926389 	-135.951172436 	39.6179424215 	1.28251253404 	-4.07116587057e-20
0.42 	0.257740585774 	7.56921272279e-20 	0.147478222083 	0.000571851893055 	257.895836097 	-136.369693529 	39.6275156311 	1.34276966367 	-1.05966199388e-20
0.42 	0.259205020921 	-2.14550529015e-19 	0.14750906492 	0.00057184589852 	257.952475136 	-137.750228496 	39.6577631638 	1.34125347977 	7.36521969409e-20
0.42 	0.260669456067 	1.00871779469e-19 	0.147478222083 	0.000571851893055 	257.895836097 	-136.369693529 	39.6275156311 	1.34276966367 	-1.05966199388e-20
0.42 	0.262133891213 	9.23077041722e-19 	0.147293997348 	0.000571518588205 	257.723896279 	-136.748176871 	39.6358277804 	1.40750720597 	9.07976650145e-20
0.42 	0.26359832636 	-2.72625551545e-19 	0.147293997348 	0.000571518588205 	257.723896279 	-136.748176871 	39.6358277804 	1.40750720597 	9.07976650145e-20
0.42 	0.265062761506 	-5.25541013356e-19 	0.147148042997 	0.000571265773589 	257.582459514 	-137.147979105 	39.6431799135 	1.46784477385 	-2.16422335391e-20
0.42 	0.266527196653 	-5.55111512313e-19 	0.147179859565 	0.000571263763857 	257.639060758 	-138.534434475 	39.67339933 	1.46637309424 	1.25682611979e-19
0.42 	0.267991631799 	-4.35207594237e-19 	0.147148042997 	0.000571265773589 	257.582459514 	-137.147979105 	39.6431799135 	1.46784477385 	-2.16422335391e-20
0.42 	0.269456066946 	-3.64647407347e-19 	0.147000742893 	0.000571007477245 	257.44101216 	-137.489466864 	39.6492336471 	1.5355940195 	-1.19066520549e-19
0.42 	0.270920502092 	-3.22597258109e-20 	0.147000742893 	0.000571007477245 	257.44101216 	-137.489466864 	39.6492336471 	1.5355940195 	-1.19066520549e-19
0.42 	0.272384937238 	3.68075603006e-19 	0.146905162362 	0.000570856019135 	257.341882082 	-137.87555008 	39.6543063531 	1.5953044144 	-6.14183549024e-20
0.42 	0.273849372385 	-7.81275466252e-19 	0.146905162362 	0.000570856019135 	257.341882082 	-137.87555008 	39.6543063531 	1.5953044144 	-6.14183549024e-20
0.42 	0.275313807531 	4.9688005958e-19 	0.146905162362 	0.000570856019135 	257.341882082 	-137.87555008 	39.6543063531 	1.5953044144 	-6.14183549024e-20
0.42 	0.276778242678 	7.30737447851e-19 	0.146791123359 	0.000570658323361 	257.231196584 	-138.174911713 	39.6581434182 	1.66718895805 	2.4250919397e-20
0.42 	0.278242677824 	-8.9555742414e-33 	0.146824328656 	0.000570662067442 	257.287696226 	-139.566502794 	39.6882807506 	1.665782665 	-4.80964208156e-20
0.42 	0.279707112971 	2.14718484766e-19 	0.14678322988 	0.000570611097843 	257.238652446 	-139.959209797 	39.6911489266 	1.72375433028 	-2.93900462921e-20
0.42 	0.281171548117 	-5.260090713e-19 	0.146750423541 	0.000570607277145 	257.182881149 	-138.553382707 	39.6608344207 	1.72519635366 	-1.37067779115e-19
0.42 	0.282635983264 	-5.55111512313e-19 	0.14678322988 	0.000570611097843 	257.238652446 	-139.959209797 	39.6911489266 	1.72375433028 	-2.93900462921e-20
0.42 	0.28410041841 	-2.80609978521e-19 	0.146694307337 	0.000570439915413 	257.159962641 	-140.203807986 	39.692742997 	1.80140455882 	2.59840236387e-20
0.42 	0.285564853556 	-3.95821495137e-19 	0.14666080742 	0.000570433594179 	257.104085236 	-138.803725045 	39.6625592359 	1.8027907257 	1.38666533188e-19
0.42 	0.287029288703 	-7.98890444439e-19 	0.146675305833 	0.000570452704347 	257.120887876 	-139.181086925 	39.6625755703 	1.85755290031 	3.40658114507e-20
0.42 	0.288493723849 	4.7758286339e-19 	0.146675305833 	0.000570452704347 	257.120887876 	-139.181086925 	39.6625755703 	1.85755290031 	3.40658114507e-20
0.42 	0.289958158996 	1.00415415558e-18 	0.146675305833 	0.000570452704347 	257.120887876 	-139.181086925 	39.6625755703 	1.85755290031 	3.40658114507e-20
0.42 	0.291422594142 	-1.09903026911e-19 	0.146583059958 	0.000570190267176 	257.077450101 	-139.374449492 	39.6622646559 	1.94295151609 	-8.18041227336e-20
0.42 	0.292887029289 	6.24500451352e-19 	0.146616004686 	0.000570197818047 	257.131823457 	-140.784999155 	39.692545342 	1.94158008402 	9.0435452311e-20
0.42 	0.294351464435 	-2.03269414891e-19 	0.146583059958 	0.000570190267176 	257.077450101 	-139.374449492 	39.6622646559 	1.94295151609 	-8.18041227336e-20
0.42 	0.295815899582 	3.1557044432e-19 	0.146629936704 	0.00057012518944 	257.189016413 	-139.755759655 	39.6586333357 	1.99239307885 	1.88682216575e-19
0.42 	0.297280334728 	-2.88240711778e-20 	0.146629936704 	0.00057012518944 	257.189016413 	-139.755759655 	39.6586333357 	1.99239307885 	1.88682216575e-19
0.42 	0.298744769874 	4.97465564762e-20 	0.146462737619 	0.000569414500807 	257.216381759 	-139.884236038 	39.6562801047 	2.0881548635 	-4.84351350007e-19
0.42 	0.300209205021 	2.24955314797e-19 	0.146493606677 	0.000569421783182 	257.267303436 	-141.307468153 	39.6866929697 	2.0867961834 	4.86320337783e-20
0.42 	0.301673640167 	1.91743769085e-19 	0.146462737619 	0.000569414500807 	257.216381759 	-139.884236038 	39.6562801047 	2.0881548635 	-4.84351350007e-19
0.42 	0.303138075314 	1.16802101699e-18 	0.146448535831 	0.000568635842926 	257.54362419 	-140.270832918 	39.64828116 	2.12970496233 	2.60183072298e-19
0.42 	0.30460251046 	2.30868197398e-19 	0.146448535831 	0.000568635842926 	257.54362419 	-140.270832918 	39.64828116 	2.12970496233 	2.60183072298e-19
0.42 	0.306066945607 	-4.85722573274e-19 	0.146477066679 	0.000568641965628 	257.591024814 	-141.727109762 	39.6791619665 	2.12808976997 	-1.69606090126e-19
0.42 	0.307531380753 	3.01285523511e-19 	0.145784664974 	0.000565769913956 	257.674827484 	-140.326401088 	39.6449205343 	2.23898029237 	6.88503378547e-21
0.42 	0.3089958159 	-1.50455201289e-19 	0.145784664974 	0.000565769913956 	257.674827484 	-140.326401088 	39.6449205343 	2.23898029237 	6.88503378547e-21
0.42 	0.310460251046 	-5.54736391379e-19 	0.145784664974 	0.000565769913956 	257.674827484 	-140.326401088 	39.6449205343 	2.23898029237 	6.88503378547e-21
0.42 	0.311924686192 	6.11147282216e-19 	0.145344782234 	0.000562117711146 	258.566452101 	-140.706141679 	39.623856529 	2.2695662448 	3.27322499566e-19
0.42 	0.313389121339 	6.93889390391e-20 	0.145369211835 	0.000562131450069 	258.603591415 	-142.185456277 	39.6549795586 	2.26789265443 	3.82602063047e-20
0.42 	0.314853556485 	6.46630308903e-19 	0.144611953126 	0.000557089385585 	259.584829415 	-142.134850242 	39.6249058739 	2.39189690375 	6.45082786632e-21
0.42 	0.316317991632 	-5.50417152341e-20 	0.144611953126 	0.000557089385585 	259.584829415 	-142.134850242 	39.6249058739 	2.39189690375 	6.45082786632e-21
0.42 	0.317782426778 	6.93889390391e-20 	0.144611953126 	0.000557089385585 	259.584829415 	-142.134850242 	39.6249058739 	2.39189690375 	6.45082786632e-21
0.42 	0.319246861925 	-5.08339387074e-19 	0.144985811392 	0.000555845650894 	260.838258173 	-142.528653003 	39.5438469541 	2.402321529 	3.13161876383e-21
0.42 	0.320711297071 	-2.17705893315e-19 	0.144903897207 	0.000555720098969 	260.749786585 	-141.019972879 	39.5137818759 	2.40374865613 	-1.17007513282e-19
0.42 	0.322175732218 	-9.9913911939e-19 	0.144903897207 	0.000555720098969 	260.749786585 	-141.019972879 	39.5137818759 	2.40374865613 	-1.17007513282e-19
0.42 	0.323640167364 	5.77297247422e-19 	0.147985777497 	0.000559690094752 	264.406640182 	-142.319342974 	39.4111242195 	2.53377404672 	-2.39674429803e-20
0.42 	0.32510460251 	3.45803752024e-19 	0.147985777497 	0.000559690094752 	264.406640182 	-142.319342974 	39.4111242195 	2.53377404672 	-2.39674429803e-20
0.42 	0.326569037657 	3.81639164715e-19 	0.147985777497 	0.000559690094752 	264.406640182 	-142.319342974 	39.4111242195 	2.53377404672 	-2.39674429803e-20
0.42 	0.328033472803 	4.16677505518e-19 	0.142967167802 	0.000552115353593 	258.944379777 	-142.665672842 	39.0536547047 	2.49324371123 	-1.51829196975e-20
0.42 	0.32949790795 	-7.2858385991e-19 	0.142967167802 	0.000552115353593 	258.944379777 	-142.665672842 	39.0536547047 	2.49324371123 	-1.51829196975e-20
0.42 	0.330962343096 	8.31495439277e-19 	0.142884727672 	0.000551991276062 	258.85323531 	-141.148462323 	39.0270297321 	2.49581583806 	7.42437242979e-20
