/*--------------------------------*- C++ -*----------------------------------*\
| =========                 |                                                 |
| \\      /  F ield         | OpenFOAM: The Open Source CFD Toolbox           |
|  \\    /   O peration     | Version:  2512                                  |
|   \\  /    A nd           | Website:  www.openfoam.com                      |
|    \\/     M anipulation  |                                                 |
\*---------------------------------------------------------------------------*/
FoamFile
{
    version     2.0;
    format      ascii;
    arch        "LSB;label=32;scalar=64";
    class       volVectorField;
    location    "200";
    object      wallShearStress;
}
// * * * * * * * * * * * * * * * * * * * * * * * * * * * * * * * * * * * * * //

dimensions      [0 2 -2 0 0 0 0];

internalField   uniform (0 0 0);

boundaryField
{
    inlet
    {
        type            calculated;
        value           uniform (0 0 0);
    }
    outlet
    {
        type            calculated;
        value           uniform (0 0 0);
    }
    bottomWall
    {
        type            calculated;
        value           nonuniform List<vector> 
820
(
(-2.33575935438 -0.0018828756134 1.98117622988e-26)
(-2.30598543264 -0.00302219178796 2.82966756438e-23)
(-2.2777826917 -0.00295825762371 -6.35327093268e-26)
(-2.25084090909 -0.0022554979206 2.82004038986e-26)
(-2.22537194872 -0.00194926922362 3.43969610013e-25)
(-2.2003899119 -0.00180689860317 -3.44347758807e-25)
(-2.17580908815 -0.0017002154407 -1.11675446317e-25)
(-2.1520929663 -0.0015901944537 7.32364530996e-26)
(-2.12978820092 -0.00146831993963 3.35449472354e-25)
(-2.10915676238 -0.00133976422607 -1.95905720617e-25)
(-2.09022757124 -0.00121169646135 4.66081414736e-25)
(-2.07294837125 -0.0010902220749 -1.43120131957e-24)
(-2.05721681143 -0.000978565805154 5.15910484596e-25)
(-2.04290195109 -0.000878409534989 3.30904996538e-25)
(-2.02985690057 -0.000790580724621 -3.63204879315e-25)
(-2.01793027067 -0.000714736969877 -5.34082483382e-25)
(-2.00697772055 -0.000649964892079 -3.1020830938e-25)
(-1.99686830636 -0.000595029428727 1.3175703455e-24)
(-1.98748694956 -0.000548559861261 4.93626173282e-25)
(-1.97873425439 -0.00050925228083 -5.32297322085e-25)
(-1.97052526927 -0.000475899948751 4.90172547104e-25)
(-1.9627892431 -0.000447350621503 -5.27742819459e-25)
(-1.95546866171 -0.000422695389997 4.86926317913e-25)
(-1.9485140254 -0.000401381897317 -5.23601901523e-25)
(-1.94188229076 -0.000382791593581 -3.90774060684e-25)
(-1.93553757769 -0.000366431498217 -1.77007781603e-25)
(-1.92944956867 -0.000351944035498 1.14296873086e-24)
(-1.923592872 -0.00033896982806 -1.17416463059e-24)
(-1.91794645815 -0.000327236031196 2.00002894179e-24)
(-1.91249321036 -0.000316473293277 -2.81207569886e-24)
(-1.90721955175 -0.000306459300071 -5.03201945093e-25)
(-1.90211493364 -0.000296994774776 1.25775766227e-24)
(-1.89717151613 -0.000287908018445 -5.0396886515e-25)
(-1.89238329281 -0.000279107538397 4.76353526019e-25)
(-1.88774508569 -0.00027055655306 4.73068525693e-25)
(-1.88325194127 -0.000262227118816 4.69912096496e-25)
(-1.87890021483 -0.000254012703741 -5.02645292409e-25)
(-1.87468755008 -0.000245910445447 4.67706389834e-25)
(-1.8706107402 -0.000237998870475 1.22646902485e-24)
(-1.86666611472 -0.000230260140776 -1.26326198566e-24)
(-1.86284986872 -0.000222738602879 4.62743822825e-25)
(-1.85915791018 -0.000215444787038 -4.97995968088e-25)
(-1.85558613271 -0.000208389351758 1.41653124381e-24)
(-1.85213029564 -0.00020158380073 -4.98813183122e-25)
(-1.84878651506 -0.000194978122008 4.55544444576e-25)
(-1.84555185411 -0.000188535997499 2.53158939851e-25)
(-1.84242325086 -0.000182318017562 4.51235930741e-25)
(-1.8393962845 -0.000176393373604 -4.96267530098e-25)
(-1.83646576277 -0.000170776041954 -2.68424156112e-24)
(-1.83362637491 -0.000165481969028 2.64297909324e-24)
(-1.83087299299 -0.000160493718931 -2.4744658196e-24)
(-1.82820115657 -0.000155771228098 4.54498409556e-25)
(-1.8256069501 -0.000151297712716 3.36142271738e-24)
(-1.82308666681 -0.000147053237783 -5.75787189496e-24)
(-1.8206369248 -0.000143007830732 2.61932859241e-24)
(-1.81825457639 -0.000139155746195 4.48421031236e-25)
(-1.81593643906 -0.000135480681235 2.59857013425e-24)
(-1.81368014622 -0.000131905448643 -5.70708878642e-24)
(-1.81148420073 -0.000128440710226 2.59642308962e-24)
(-1.80934559376 -0.000125207090945 -9.67038126759e-25)
(-1.80726066608 -0.000122148151342 2.58015971143e-24)
(-1.80522675001 -0.000119240663137 -2.85413359013e-25)
(-1.80324097975 -0.000116534641266 -3.51494328408e-24)
(-1.80130044492 -0.000113984998298 6.51057665563e-24)
(-1.79940291131 -0.000111568050862 -5.62273091926e-24)
(-1.79754614723 -0.000109304045882 2.5525037587e-24)
(-1.79572777571 -0.000107177611345 1.14944440059e-24)
(-1.79394581105 -0.00010513762236 -5.57915564446e-24)
(-1.79219944203 -0.000103104809271 6.44035429569e-24)
(-1.79048859303 -0.000101092373865 -3.46549135919e-24)
(-1.78881217859 -9.9169629354e-05 -5.53336360488e-24)
(-1.78716831008 -9.73558917258e-05 8.48468177158e-24)
(-1.78555506011 -9.56533291928e-05 -3.59717458455e-24)
(-1.78397061493 -9.40666533492e-05 2.51734475412e-24)
(-1.78241311663 -9.25789783326e-05 -1.4978741563e-24)
(-1.78088159526 -9.11069725213e-05 -1.47716670776e-24)
(-1.77937614652 -8.96376341355e-05 4.40146427387e-24)
(-1.77789606888 -8.82394789938e-05 -3.38755010213e-24)
(-1.77644041924 -8.68637377801e-05 -3.36897280697e-24)
(-1.77500889403 -8.55065183956e-05 4.37623333655e-24)
(-1.77360090874 -8.41970449715e-05 -1.46069027912e-24)
(-1.77221585051 -8.28997228898e-05 4.34526837476e-24)
(-1.77085344205 -8.16172324005e-05 -1.46223546073e-24)
(-1.76951324604 -8.03672066306e-05 2.43391835129e-24)
(-1.76819478132 -7.91368836386e-05 -7.23521536583e-24)
(-1.76689764488 -7.79386349964e-05 4.31843373936e-24)
(-1.76562121931 -7.67874864315e-05 2.42808664324e-24)
(-1.76436510852 -7.56412701974e-05 -1.44498730172e-24)
(-1.76312952845 -7.44776439591e-05 -3.30317691056e-24)
(-1.76191457114 -7.33244274491e-05 2.41536572591e-24)
(-1.7607203572 -7.21401374492e-05 -5.26357824408e-24)
(-1.75954771381 -7.08904425151e-05 4.23766386151e-24)
(-1.75839738749 -6.96204362944e-05 -1.41380174529e-24)
(-1.75726950084 -6.83397540193e-05 2.37535924894e-24)
(-1.75616452558 -6.70208742605e-05 -1.40869121424e-24)
(-1.75508287481 -6.56839434595e-05 -3.21596861556e-24)
(-1.75402463602 -6.4352771445e-05 7.94135302776e-24)
(-1.75298982471 -6.30091093421e-05 -6.96967002107e-24)
(-1.75197914687 -6.15941598587e-05 -1.38979754062e-24)
(-1.75099389285 -6.01072529147e-05 4.14573299789e-24)
(-1.75003514729 -5.85767103939e-05 4.10469574589e-24)
(-1.74910392614 -5.69813552482e-05 -1.38967680677e-24)
(-1.74820157919 -5.53124992473e-05 -3.16650833705e-24)
(-1.74732972792 -5.3563450486e-05 2.30678888281e-24)
(-1.74649044578 -5.17084980928e-05 -1.36703408307e-24)
(-1.74568640271 -4.97195591953e-05 -1.36847876157e-24)
(-1.74492088428 -4.75603583627e-05 4.03332423213e-24)
(-1.74419772539 -4.52053353167e-05 -8.47249006828e-24)
(-1.74352080353 -4.26637385385e-05 7.62463125274e-24)
(-1.74289380791 -3.99178818514e-05 -4.94576870397e-24)
(-1.74232041791 -3.69270428056e-05 -3.0437764976e-24)
(-1.74180435949 -3.36690762183e-05 5.68381269953e-24)
(-1.74134894395 -3.01542338096e-05 2.2185264317e-24)
(-1.74095632054 -2.64086309491e-05 5.19692344038e-25)
(-1.74062738259 -2.24587123875e-05 -4.85578255385e-24)
(-1.74036168512 -1.83912682169e-05 2.21311197441e-24)
(-1.74015667116 -1.43809906487e-05 -1.31231034319e-24)
(-1.74000773535 -1.05128206364e-05 -2.97168712152e-24)
(-1.73990900017 -6.87283569679e-06 5.53323575056e-24)
(-1.73985336983 -3.60669321129e-06 3.82679760607e-24)
(-1.73983227587 -1.0035993066e-06 -2.96209261807e-24)
(-1.73983760988 1.23584430218e-06 3.79926269133e-24)
(-1.7398641523 3.20419871798e-06 -9.66504528105e-24)
(-1.73990727788 4.63290408657e-06 5.44107050198e-24)
(-1.73996265616 5.55422822349e-06 -2.91415771707e-24)
(-1.74002656074 6.10922732247e-06 5.40525315279e-24)
(-1.74009622222 6.35691623232e-06 2.11140070907e-24)
(-1.74017028408 6.39721747071e-06 -2.90137645139e-24)
(-1.74024880862 6.36693025373e-06 -4.65072708186e-24)
(-1.74033403885 6.40526240282e-06 7.12247767445e-24)
(-1.74042932489 6.47056476385e-06 -1.46266307535e-23)
(-1.74053730957 5.51761302044e-06 8.86777830043e-24)
(-1.74065768686 4.25020813589e-06 8.19645924324e-24)
(-1.74078351791 1.09898525267e-05 1.23175761798e-24)
(-1.74095135501 1.20201453852e-05 -3.71625791335e-25)
(-1.74111050177 8.79679976456e-06 -1.45855833736e-23)
(-1.74129186938 8.96608314955e-06 1.54429973595e-23)
(-1.74149156258 9.52347786164e-06 -1.45910136755e-23)
(-1.74171029488 1.03183839334e-05 7.10069726235e-24)
(-1.74194783274 1.1224808311e-05 -6.25180460435e-24)
(-1.74220336652 1.21695936628e-05 -2.88019810461e-24)
(-1.74247581723 1.31036452012e-05 1.71092414698e-23)
(-1.74276377756 1.39822669671e-05 -1.46364873334e-23)
(-1.74306539887 1.47850754074e-05 -2.88782663192e-24)
(-1.74337886566 1.55463128564e-05 3.73653890965e-24)
(-1.74370303754 1.62785723917e-05 -2.8912278715e-24)
(-1.74403681422 1.69563606951e-05 3.74346859947e-24)
(-1.74437901736 1.75553544058e-05 5.38218464117e-24)
(-1.74472848146 1.80937993202e-05 -2.89134050132e-24)
(-1.74508403963 1.84841971695e-05 -2.89440760102e-24)
(-1.74544474807 1.85634617167e-05 -2.89656721022e-24)
(-1.74580911491 1.95182919079e-05 3.75581423916e-24)
(-1.74617514477 1.6184397008e-05 -1.26053000723e-24)
(-1.74654712028 1.24293537803e-05 4.54006219382e-24)
(-1.74691236785 5.07742945657e-05 -5.20205443496e-24)
(-1.74728584853 2.85199382209e-05 -4.52992605866e-24)
(-1.74765826549 2.26527039805e-05 5.3911237704e-24)
(-1.74803040024 2.12024283762e-05 -2.89349580408e-24)
(-1.7484030426 2.06705472812e-05 -2.89101738364e-24)
(-1.74877622555 2.05307462004e-05 -2.88760581338e-24)
(-1.74915002961 2.05251528691e-05 3.74954192856e-24)
(-1.74952451361 2.05812455091e-05 5.37272080501e-24)
(-1.74989969346 2.06724964346e-05 -2.88493535336e-24)
(-1.75027555194 2.07887078514e-05 3.73365604206e-24)
(-1.7506520183 2.09206147751e-05 -2.88028654373e-24)
(-1.75102893353 2.10570574438e-05 3.72306846254e-24)
(-1.75140605557 2.11873401199e-05 -1.25547385048e-24)
(-1.75178308083 2.13024156141e-05 -6.23523091072e-24)
(-1.75215967368 2.13972822288e-05 7.07156996193e-24)
(-1.75253550158 2.14711210282e-05 -2.86271834049e-24)
(-1.75291025541 2.15253968111e-05 3.69205721131e-24)
(-1.75328365061 2.15616859484e-05 -1.24897483441e-24)
(-1.7536554207 2.15805112131e-05 3.67339982954e-24)
(-1.75402530942 2.15814691625e-05 -2.84972318945e-24)
(-1.75439306852 2.15641933783e-05 -6.16221795705e-24)
(-1.75475846358 2.1529153055e-05 -4.54403141686e-24)
(-1.75512127723 2.14773575605e-05 -3.60029491918e-24)
(-1.75548130535 2.14095115278e-05 6.96172494644e-24)
(-1.7558383501 2.13258137678e-05 7.72112787958e-24)
(-1.75619221489 2.12264086225e-05 -1.5800545594e-23)
(-1.75654270491 2.11114932839e-05 1.73827518518e-23)
(-1.75688962588 2.09811748495e-05 -1.57242819794e-23)
(-1.75723278799 2.08357418614e-05 4.39923037378e-24)
(-1.75757200079 2.06743631437e-05 -1.97652419998e-24)
(-1.75790705944 2.04953911389e-05 3.59061647585e-24)
(-1.75823776135 2.02989214249e-05 -2.74550965522e-24)
(-1.75856390731 2.00842911396e-05 -2.72937612184e-24)
(-1.75888529176 1.98507574165e-05 -1.94114497369e-24)
(-1.75920171648 1.95992933696e-05 3.56032396652e-24)
(-1.75951298634 1.93304649575e-05 4.30538889116e-24)
(-1.7598189063 1.90446959181e-05 -2.70394630796e-24)
(-1.76011927896 1.87422292681e-05 3.5110412806e-24)
(-1.7604138976 1.84226232276e-05 -1.92933956731e-24)
(-1.76070254315 1.80852976855e-05 3.48242893968e-24)
(-1.76098498087 1.77292307629e-05 -1.92132269819e-24)
(-1.7612609563 1.73531197107e-05 -2.65941255832e-24)
(-1.76153019211 1.6955407904e-05 3.44995193148e-24)
(-1.7617923849 1.65345146823e-05 -1.89734037415e-24)
(-1.76204720475 1.60887819651e-05 3.42007658801e-24)
(-1.76229429117 1.56163848054e-05 -1.88909578918e-24)
(-1.76253324673 1.51151835865e-05 3.39016687875e-24)
(-1.76276363338 1.45828486669e-05 -1.88082833677e-24)
(-1.76298496577 1.40162225638e-05 4.09332688008e-24)
(-1.76319670553 1.3412011297e-05 -5.64403763436e-24)
(-1.76339825816 1.27665379878e-05 4.51809537488e-25)
(-1.76358896712 1.20757424768e-05 3.32973446756e-24)
(-1.76376810855 1.13355089349e-05 -1.84892063595e-24)
(-1.76393488495 1.0541328468e-05 4.023938674e-24)
(-1.76408841888 9.6876537537e-06 -2.56109224018e-24)
(-1.7642277396 8.76853989287e-06 3.28045973995e-24)
(-1.76435178963 7.77812518797e-06 -1.43021288398e-23)
(-1.76445938534 6.70864900076e-06 1.5730517786e-23)
(-1.7645492895 5.55339252562e-06 -1.42350052957e-23)
(-1.76461992903 4.29551368421e-06 9.88698358457e-24)
(-1.76467009184 2.93538068386e-06 3.24900640862e-24)
(-1.7646967747 1.36637724826e-06 -2.5130121027e-24)
(-1.76469907617 -6.10744295991e-07 -1.34362268963e-23)
(-1.76465645333 -2.21394963758e-06 6.7606833384e-25)
(-1.7646137 -4.34494688531e-06 9.69137353381e-30)
(-1.76452784149 -5.83209906096e-06 3.24609599005e-24)
(-1.7644051726 -8.37797073735e-06 -1.80492846328e-24)
(-1.76424356893 -1.11104074503e-05 3.96122128925e-24)
(-1.76404066821 -1.38367361807e-05 8.48447679641e-24)
(-1.76379413705 -1.67330704081e-05 -1.35580259832e-23)
(-1.76350123306 -1.98292229711e-05 3.26950077118e-24)
(-1.76315690573 -2.31674326661e-05 3.06399402513e-25)
(-1.76275917593 -2.66604676045e-05 3.67274870575e-24)
(-1.76230267529 -3.07969075986e-05 -1.87135004597e-24)
(-1.76179298958 -3.52929433039e-05 -9.06560607148e-25)
(-1.76123245546 -4.14121914496e-05 5.53896899171e-25)
(-1.76062424918 -4.79902348454e-05 -4.47195374276e-24)
(-1.75996215131 -5.51661622419e-05 3.19335831837e-24)
(-1.75923940457 -6.28583486106e-05 1.6850438044e-23)
(-1.75844732061 -7.10335234572e-05 -5.19692005235e-24)
(-1.75757794885 -7.96873066505e-05 -2.92807089729e-23)
(-1.75662290547 -8.88535748936e-05 -2.52286708487e-23)
(-1.7555732319 -9.85508641246e-05 3.12980841963e-23)
(-1.7544192589 -0.000108827642733 -3.15144096267e-23)
(-1.75315047111 -0.000119736937812 -3.64727689922e-24)
(-1.75175557161 -0.000131318781522 -1.22948988935e-23)
(-1.75022212734 -0.000143655459182 2.16556149284e-23)
(-1.74853687177 -0.000156781093624 9.64186622049e-23)
(-1.74668519468 -0.000170796853644 -7.92904314901e-23)
(-1.74465140803 -0.000185752674073 1.24447546836e-22)
(-1.74241838063 -0.000201748842739 9.55605894327e-23)
(-1.73996744458 -0.000218878162077 -1.78942587555e-22)
(-1.7372784069 -0.000237225368009 -4.69943919982e-23)
(-1.73432898544 -0.000256937812559 -1.19811936185e-22)
(-1.7310951841 -0.000278095191032 7.85741542052e-23)
(-1.72755046892 -0.000300881875059 2.10990731319e-22)
(-1.7236663602 -0.000325389526216 9.51175084323e-23)
(-1.71941105428 -0.000351865010076 7.99777937992e-23)
(-1.71474781382 -0.000380620177254 2.26548475289e-22)
(-1.70963713805 -0.000411880834665 3.23308128713e-22)
(-1.70403490173 -0.000445902162716 -6.15393367573e-23)
(-1.69789334342 -0.00048288464353 5.51832148215e-22)
(-1.69115971745 -0.000523175440874 4.11583765712e-23)
(-1.68377577962 -0.000567071364433 -7.13740609021e-22)
(-1.67567574683 -0.000615103911135 -2.72270238978e-22)
(-1.66678497861 -0.000667899012138 1.01972238909e-22)
(-1.65701897459 -0.000726144012177 -3.5014054741e-23)
(-1.64628118456 -0.000790667850298 1.26526191504e-22)
(-1.63446179731 -0.000862311922753 3.23467348566e-22)
(-1.62143406721 -0.000942271943993 -1.90107424228e-22)
(-1.60705204098 -0.00103177663925 -1.46206827248e-22)
(-1.59114774488 -0.00113236135267 -3.83686606609e-22)
(-1.57352792744 -0.00124582331095 -5.35249178037e-22)
(-1.55396428214 -0.00137468129233 3.78621568356e-22)
(-1.53218179713 -0.00152243096199 -5.07421201945e-22)
(-1.50784419791 -0.00169327211284 4.89393751606e-22)
(-1.4805532052 -0.00189217275487 1.74075166903e-21)
(-1.44980162265 -0.00212623800895 -1.85107377187e-21)
(-1.41501432508 -0.00240364253294 1.8184222541e-22)
(-1.37531933815 -0.00274115416043 -7.39815188746e-22)
(-1.32991451294 -0.00315190942091 -7.1025617119e-22)
(-1.27685043121 -0.00368508726252 8.05637105424e-22)
(-1.21555242755 -0.00435946527507 -4.07773219198e-22)
(-1.13940887249 -0.00536192713597 -3.90917643405e-21)
(-1.05260461635 -0.00689221255122 3.16302639095e-21)
(-0.917297355475 -0.00944250946889 -5.83088602568e-21)
(-0.832626000435 -0.0119790078572 -5.98097330365e-20)
(-0.793573624705 -0.0138755506684 2.31735353819e-19)
(-0.772601389075 -0.0161791236251 -3.75221705269e-19)
(-0.769669164162 -0.0198977121441 1.62220397758e-19)
(-0.774489706771 -0.0247066109162 -4.55856275706e-19)
(-0.783707262479 -0.0303945557594 -3.04921800903e-19)
(-0.796328065059 -0.0369024855115 5.44644830554e-19)
(-0.811201601288 -0.0439275025339 -9.57567911689e-19)
(-0.826441645395 -0.0513705706414 5.06675707538e-19)
(-0.841182805249 -0.059116193241 -5.50703124198e-19)
(-0.855570633592 -0.0670419788154 -8.20507024592e-19)
(-0.86978666636 -0.0750697801675 -2.6645320351e-19)
(-0.884119593964 -0.0832044336504 1.51545444416e-18)
(-0.898734010775 -0.0914724589577 -6.23499953418e-19)
(-0.913808284075 -0.0999133131361 -3.29793046095e-19)
(-0.929478767099 -0.108520158245 -2.54566610768e-19)
(-0.945237061642 -0.117832656154 1.01970278316e-18)
(-0.962795481465 -0.120659320491 -1.03432497653e-21)
(-0.979733583493 -0.125470459705 1.0531928958e-19)
(-0.997811083643 -0.140490622052 1.92677156647e-18)
(-1.01658641414 -0.153493942855 -1.63144249691e-18)
(-1.03566594842 -0.16489574896 -3.63940065916e-18)
(-1.05535288717 -0.175811907613 -2.26702390281e-18)
(-1.07564229719 -0.186707647397 -1.45541047778e-18)
(-1.09653179094 -0.197795260998 1.17722196353e-18)
(-1.1179073024 -0.209129278598 1.95881484733e-18)
(-1.13982038337 -0.220751011908 -5.40792340812e-18)
(-1.16218710744 -0.232648485196 1.34947198202e-18)
(-1.18505676506 -0.244840535248 -2.07224609619e-18)
(-1.20834909669 -0.257306181394 -4.45916573325e-20)
(-1.23212081957 -0.270060570027 6.76689029581e-19)
(-1.25629678687 -0.283082414141 -4.19021122127e-18)
(-1.28093074406 -0.296387409538 2.2356961496e-18)
(-1.30594891787 -0.309953443338 -1.54002903706e-18)
(-1.33140520695 -0.323793782624 5.19347943857e-19)
(-1.35722451636 -0.337884612157 7.72320602102e-19)
(-1.38346340069 -0.352239092792 1.65352948064e-18)
(-1.41005048313 -0.366832603888 -2.04168670883e-18)
(-1.43704888091 -0.38167864933 -6.78695755534e-18)
(-1.46438143646 -0.396750856064 -9.730629967e-20)
(-1.49211519007 -0.41206451623 5.11159170377e-18)
(-1.52016584075 -0.427589101569 1.58736649475e-18)
(-1.54861067713 -0.443342251922 2.02827287497e-18)
(-1.57735387801 -0.459287507695 4.92963004795e-19)
(-1.60648687632 -0.475448212555 3.61800117456e-19)
(-1.6359038674 -0.49178102811 -3.652106781e-20)
(-1.66571517971 -0.508317088117 -4.57290905028e-19)
(-1.69579221388 -0.525001986771 -2.44561949348e-18)
(-1.72626747302 -0.541878149976 4.81779332433e-19)
(-1.75699403811 -0.558880340709 -1.16338837224e-18)
(-1.78812681304 -0.576063223786 6.46508012984e-19)
(-1.81948868461 -0.593343812057 -8.16103494806e-19)
(-1.85126420361 -0.610792221825 -8.89919311988e-19)
(-1.88324984264 -0.628309339692 2.16396235663e-18)
(-1.91565560909 -0.645988198865 9.55216566816e-19)
(-1.94819453237 -0.663694765167 -5.94494792589e-19)
(-1.98107949168 -0.68151896906 8.12220339805e-19)
(-2.01402749988 -0.699301971834 -7.58617401121e-20)
(-2.04732997096 -0.717170257774 -5.56985180231e-19)
(-2.08073670942 -0.734980075369 -8.00273890591e-19)
(-2.11456608966 -0.752888443443 -9.60015514339e-19)
(-2.1485026527 -0.770716601038 1.46185758936e-19)
(-2.18287993317 -0.788632826178 2.8065789454e-19)
(-2.21735871549 -0.806438675822 -3.03219809271e-19)
(-2.25227905568 -0.824306287837 -6.76243692583e-20)
(-2.28734122717 -0.842055563508 5.82394551216e-21)
(-2.32280304127 -0.859839563715 -2.37967156344e-20)
(-2.35833722804 -0.877436445689 1.27005399423e-20)
(-2.39430849252 -0.895050346863 4.03669412073e-19)
(-2.43036964934 -0.912460547359 -1.75286667534e-19)
(-2.46686547221 -0.929862694029 -2.00232254356e-19)
(-2.50346630054 -0.947039183729 1.0575572409e-19)
(-2.54047903337 -0.964169386206 -5.20501847795e-19)
(-2.5776171409 -0.981055231125 -1.0942195739e-18)
(-2.61513786404 -0.997851023974 2.41255190544e-18)
(-2.65281547091 -1.01439082084 1.20419962155e-18)
(-2.69083726033 -1.03078833372 -7.48579245422e-19)
(-2.72905087368 -1.04691949858 -1.43693318958e-19)
(-2.76754787976 -1.06284549189 5.98982728528e-19)
(-2.80627926222 -1.07850262855 -1.40609576887e-18)
(-2.84522711834 -1.09388464817 1.79104490617e-18)
(-2.88445769199 -1.10899875479 1.57246696829e-18)
(-2.92383884288 -1.12376509985 4.70236464052e-19)
(-2.96354494978 -1.13826204198 1.20842407783e-18)
(-3.00334159312 -1.15234165383 -2.52920805218e-18)
(-3.04349576972 -1.1661445606 -5.13772843907e-18)
(-3.08368581283 -1.17946381992 2.38120587722e-18)
(-3.12425209575 -1.19248315582 3.48176520791e-18)
(-3.16476838825 -1.2049396546 2.35211125103e-18)
(-3.20563865489 -1.21707492112 7.30390163312e-18)
(-3.24641462285 -1.22859654945 3.7159746385e-18)
(-3.28755275394 -1.23976923939 1.05498835255e-18)
(-3.32857054372 -1.25027892319 -2.34808024053e-18)
(-3.36995260515 -1.26040905368 -5.86554571165e-18)
(-3.41118711046 -1.26983022901 7.72899702315e-19)
(-3.45276373663 -1.27883257796 2.76950653807e-18)
(-3.49416359563 -1.28708454057 -2.14847080243e-18)
(-3.5358678024 -1.2948727824 -1.78165648549e-18)
(-3.57734987683 -1.30186802672 -7.67571154762e-18)
(-3.6190775722 -1.30838446606 1.37550045612e-19)
(-3.6758550944 -1.31962178647 -1.80301155433e-19)
(-3.73857069914 -1.33226264329 5.47299276468e-18)
(-3.80321509089 -1.3446885458 -2.43134414599e-18)
(-3.86924168994 -1.35675897373 4.62596085647e-18)
(-3.93594337511 -1.36809323818 -2.24873987798e-18)
(-4.00316427978 -1.37869463041 9.19829372623e-18)
(-4.07050288852 -1.38831646231 -6.49325110267e-18)
(-4.13799092453 -1.39702100041 5.55679554714e-18)
(-4.20535810482 -1.40462787897 9.03506780895e-19)
(-4.27270654158 -1.41121049246 -3.76079945669e-18)
(-4.33981621191 -1.4166240121 2.24139993976e-18)
(-4.40680663603 -1.42093380178 -8.40700127615e-18)
(-4.47347371927 -1.42401833178 -2.9158763314e-18)
(-4.5399365024 -1.42592953924 -4.09198164864e-18)
(-4.60599289398 -1.4265633112 -4.9966310544e-19)
(-4.67174900949 -1.42595642125 9.92275938106e-18)
(-4.73699842163 -1.4240202972 2.83475864893e-18)
(-4.80184561145 -1.42078217826 -3.87286772649e-19)
(-4.86607742838 -1.4161640224 1.19646848249e-18)
(-4.9297802148 -1.41018318146 9.71008429484e-18)
(-4.99272909122 -1.40277114927 -1.99262222702e-19)
(-5.05500763747 -1.39394253581 8.55917316263e-18)
(-5.11638474814 -1.38363528894 -8.78977611601e-19)
(-5.17693457516 -1.37186489936 -7.05688972601e-18)
(-5.23641172008 -1.35857408221 2.22149576819e-18)
(-5.29488837791 -1.34378422601 3.70885447017e-18)
(-5.35210668913 -1.32743813357 1.86234353784e-18)
(-5.4081228262 -1.30956376241 -2.86902130248e-18)
(-5.46266776303 -1.29010615873 -1.19589595678e-18)
(-5.51580736694 -1.26910855347 -4.35957046986e-18)
(-5.5672659333 -1.24651419209 5.77657567563e-18)
(-5.61709212535 -1.22237865172 2.71328540266e-18)
(-5.66500469799 -1.19664759143 1.88571162067e-19)
(-5.71106318478 -1.16939559726 -5.58478769353e-18)
(-5.75498604161 -1.14056814216 -6.32440937751e-18)
(-5.79682187271 -1.11025557608 4.61817911176e-18)
(-5.83629028924 -1.07840658514 -3.51423421347e-18)
(-5.87343667081 -1.04512789175 1.02746969319e-17)
(-5.90798972879 -1.01037439188 -1.29709285755e-18)
(-5.93999546127 -0.974268351124 -4.67472862978e-18)
(-5.96919181387 -0.93677086431 -3.70975896584e-18)
(-5.99560749047 -0.898015270752 1.12694158321e-17)
(-6.01900290386 -0.857976492858 -2.65890121406e-18)
(-6.0394168116 -0.8167984922 2.05006128297e-18)
(-6.05662680734 -0.774466842175 -2.16695127745e-18)
(-6.07065154189 -0.731133478383 5.28458384359e-18)
(-6.08125288635 -0.686804766914 5.25962357169e-19)
(-6.08833358397 -0.64162706744 7.67087444699e-20)
(-6.09162721672 -0.595604065222 1.83790265752e-18)
(-6.09118841836 -0.548889380095 -1.34540306687e-18)
(-6.08681804289 -0.501519625009 -1.56707161633e-19)
(-6.07858702035 -0.453651364742 3.41454563009e-18)
(-6.06641304691 -0.405327498579 6.99409028274e-19)
(-6.05033350385 -0.356972719684 -1.99172957622e-18)
(-6.03009193678 -0.309423146038 -5.7957586415e-19)
(-6.0059001952 -0.261999904233 1.88230785469e-18)
(-5.97771380443 -0.214892370498 3.1210732989e-19)
(-5.94596243325 -0.167921785081 -6.85937115768e-19)
(-5.91136138812 -0.131251206139 5.07126385871e-19)
(-5.87319563606 -0.112455718047 8.21169696531e-20)
(-5.83324584912 -0.109142989239 3.4827973677e-22)
(-5.7810487058 -0.0407904815388 -7.98564037975e-19)
(-5.72588851636 0.032485656404 1.32609841883e-18)
(-5.66886192495 0.0947880185055 4.71023595313e-19)
(-5.60856300795 0.151144246181 4.78343027249e-19)
(-5.54547619997 0.201501056393 -6.98147251973e-19)
(-5.4799756754 0.245784331693 1.91005667778e-18)
(-5.41185109987 0.28689214771 -3.43871142957e-19)
(-5.34075729884 0.326056409131 2.8977172183e-18)
(-5.26685630866 0.363599721981 -2.24615940017e-18)
(-5.1900758876 0.399607304692 1.56838385816e-18)
(-5.11075197879 0.434037099457 1.43483403587e-18)
(-5.0288638947 0.46686521267 6.11215273903e-20)
(-4.94474826778 0.498012546571 -5.18409460615e-19)
(-4.85833134425 0.527453512414 1.50745159946e-18)
(-4.77003587 0.555130081236 6.91983025289e-18)
(-4.6797695926 0.581025073687 1.51745251641e-18)
(-4.58797965866 0.605096632471 1.97592074042e-18)
(-4.49455288272 0.627336775876 -1.48481573098e-17)
(-4.39992928456 0.647725488953 -7.20389518903e-18)
(-4.30395371231 0.666256199546 1.32484795721e-18)
(-4.20706405706 0.682923567108 2.01493549769e-18)
(-4.10910005428 0.697727252905 -4.69452971103e-18)
(-4.01048884859 0.710682602542 -1.25066589659e-19)
(-3.91105933012 0.721792817921 -6.52881070899e-18)
(-3.8112321085 0.731090558356 -1.1910496263e-17)
(-3.7108391035 0.738582926936 2.27763636006e-19)
(-3.61028759803 0.744317878935 9.53773920116e-18)
(-3.50940555695 0.748302895893 -1.25811182913e-18)
(-3.40855040959 0.750590587259 -1.31654301163e-17)
(-3.30753395484 0.751197402899 -9.09550134917e-18)
(-3.20628286659 0.749974496849 1.45282464206e-18)
(-3.13810074274 0.75489113443 8.28282333767e-18)
(-3.07219946623 0.759106832817 7.86380174895e-18)
(-3.00440488973 0.761752405401 -6.64500517726e-18)
(-2.93494306785 0.762871809143 5.47207832116e-19)
(-2.86383022394 0.762480446563 4.36132944995e-18)
(-2.79132708364 0.760593665944 -5.95783319631e-18)
(-2.71739253377 0.757210804739 -2.48271327118e-18)
(-2.64225042182 0.752353695298 1.53109956303e-17)
(-2.56584143138 0.746030667551 -6.6980721154e-18)
(-2.48838913289 0.738274557091 -1.8796346096e-17)
(-2.40982539381 0.729101721117 1.2310969497e-17)
(-2.33041449629 0.718564932925 -7.22463631905e-19)
(-2.25008649816 0.706684852493 4.64491383063e-18)
(-2.1691272376 0.693529217451 1.3761351531e-17)
(-2.0874541757 0.679119591165 1.4407066596e-17)
(-2.00539212796 0.663540283959 -5.97739460195e-18)
(-1.92282243941 0.646801724786 9.05157539739e-18)
(-1.84008742001 0.629004083137 -1.0098833175e-17)
(-1.75702824342 0.610148203422 1.50421885117e-17)
(-1.67404407302 0.590366634443 -6.49721053252e-18)
(-1.59095577419 0.569653336465 -1.39092277099e-17)
(-1.50824843813 0.548186638001 1.07049735269e-17)
(-1.42573060826 0.525948294446 -2.9874867155e-18)
(-1.34401131304 0.503297399578 1.63999508178e-17)
(-1.26345106596 0.480714535039 -5.1310904249e-18)
(-1.1859300955 0.458664417181 -2.02185398843e-18)
(-1.11160412299 0.436809210267 -2.2807917654e-17)
(-1.04064619802 0.415284362444 -7.65914302831e-18)
(-0.972159939819 0.393771364377 -1.56381409655e-18)
(-0.906191585527 0.372374166171 -4.36827844095e-19)
(-0.84140205057 0.350452537875 3.70322496402e-18)
(-0.775362495994 0.327393787273 2.21327667409e-17)
(-0.707316533081 0.302965428894 -9.54299685341e-19)
(-0.638908945208 0.278333098508 5.67605109104e-18)
(-0.570996514851 0.254070696022 2.40682668947e-17)
(-0.505434690482 0.230835608661 -1.60144166106e-18)
(-0.442709633853 0.208469197681 3.14107426606e-18)
(-0.383892511667 0.187433532366 -7.06935980309e-18)
(-0.328668656064 0.167396907282 -1.45462516526e-17)
(-0.277385309616 0.148789068163 4.00463078812e-19)
(-0.229646595458 0.131609554617 -7.15592725144e-18)
(-0.186394709322 0.11600778131 2.69770811922e-18)
(-0.146765516086 0.101071047358 1.80931771538e-17)
(-0.110163032135 0.0871679338216 1.36718389121e-18)
(-0.0761219243634 0.0740738900816 -2.48740632589e-17)
(-0.0447504178465 0.0617367137928 3.34353911246e-18)
(-0.015162821322 0.0494411329343 2.70207886555e-17)
(0.0140070339225 0.0373871455738 -7.64609574426e-18)
(0.0397048222026 0.0259345380477 -2.83441718627e-17)
(0.0628326773762 0.0152248237101 -6.33366663586e-18)
(0.0837963927402 0.00542309322378 -2.43193311137e-18)
(0.102837624762 -0.00300935175838 -7.38635186918e-19)
(0.118395769085 -0.00912640821417 -1.77510191502e-17)
(0.129955686362 -0.0136675854096 -8.31327257877e-18)
(0.136916519517 -0.0164774418772 7.47358239609e-18)
(0.141067179785 -0.0183529226102 2.1793255056e-17)
(0.142825069132 -0.0199043478863 -1.48322430931e-17)
(0.14467488683 -0.0231701030786 1.82617973621e-17)
(0.149732382961 -0.0296165681394 3.26099859259e-18)
(0.161273622492 -0.0401980341127 -2.00106800685e-17)
(0.180989482737 -0.0532877035382 -1.60801468555e-18)
(0.208379465974 -0.0679489382727 -9.53532601528e-19)
(0.240842737465 -0.0822530730567 -5.41193818115e-19)
(0.275073215208 -0.0948736676622 -1.87765199237e-18)
(0.307476799584 -0.104781936588 -1.19188669054e-17)
(0.33547363998 -0.111733305319 -4.74692108251e-18)
(0.357395368799 -0.115634727135 6.69803748277e-18)
(0.372593019754 -0.116825682756 7.99011725335e-19)
(0.381080002945 -0.115599181738 -7.11960387022e-18)
(0.383741693657 -0.112676111249 3.24568392862e-19)
(0.381735660085 -0.108856626369 2.38440218341e-18)
(0.376600008602 -0.105032701355 -3.57945308333e-19)
(0.370073696503 -0.101732846844 -3.96546743017e-19)
(0.364006613315 -0.0995223548279 -8.84391794198e-19)
(0.359953003328 -0.0986156184041 1.22564884369e-18)
(0.35901495871 -0.0993679801486 -1.55162398828e-18)
(0.361903608303 -0.101771765606 5.17091937253e-19)
(0.368941657536 -0.105529134629 -4.54856369038e-19)
(0.37987426758 -0.110184202057 1.79435185351e-18)
(0.394003034171 -0.115333603662 -2.29783684897e-19)
(0.410397547796 -0.120409364994 1.25736503519e-18)
(0.427984997006 -0.125042670545 -8.03771224029e-19)
(0.445747509991 -0.128924412525 8.72736369206e-19)
(0.462761230707 -0.13189072709 4.38254870317e-20)
(0.478314833746 -0.13383063781 8.13088293798e-20)
(0.4917911832 -0.134696976853 8.81390475311e-20)
(0.502660670992 -0.134417932956 -2.87587839316e-19)
(0.51039897959 -0.132937270129 1.96182952576e-19)
(0.514668774908 -0.130176531644 -4.41258783308e-19)
(0.515294468116 -0.126150859097 6.35298560448e-19)
(0.512101609101 -0.121072347591 -6.24550279456e-19)
(0.505065327067 -0.115110897843 8.41136363016e-19)
(0.494299765623 -0.108331148616 6.50021284252e-19)
(0.479996386608 -0.100858616904 2.67633584828e-19)
(0.462328956214 -0.0928032618581 1.88208324855e-18)
(0.441567981176 -0.0843092801499 1.72013611469e-19)
(0.417918587922 -0.0754829316409 -1.82298410761e-18)
(0.391693872826 -0.0664838949762 1.6747384426e-18)
(0.363085514976 -0.0574169870831 6.01678635952e-19)
(0.332351953734 -0.0483819194882 -2.37043983526e-19)
(0.299615156952 -0.0391769815714 2.45962492024e-18)
(0.265201296315 -0.0292484401144 4.43652043731e-18)
(0.229163713617 -0.0195045801538 3.83583249681e-18)
(0.190682476055 -0.0105439452956 -3.12075836047e-18)
(0.150604821243 -0.00221170693443 5.7429904151e-19)
(0.110901598714 0.00519410429929 -2.71695711899e-18)
(0.0700214733461 0.0121625886534 -4.75835430575e-18)
(0.0285444778097 0.0195010386261 -1.06185298771e-19)
(-0.0142988694062 0.0249185518921 1.41163456125e-18)
(-0.0573683075482 0.0287863255599 -5.28934300204e-18)
(-0.100782943103 0.0334942715754 -9.67834200521e-19)
(-0.145238543232 0.0375308145597 -2.6209448663e-18)
(-0.189893709971 0.0408128995995 8.06506546591e-19)
(-0.234787821964 0.0434163430937 -1.48403952039e-18)
(-0.279893298542 0.0459243832613 -2.30517659012e-18)
(-0.326323204137 0.0479021024546 3.64450193807e-18)
(-0.372790908197 0.0489003653946 -6.37648099785e-19)
(-0.419310390217 0.0491844454012 3.37760980917e-18)
(-0.466128773064 0.0488718477517 -1.23005392857e-18)
(-0.513282118526 0.0479520582744 -6.40361818495e-19)
(-0.561102501294 0.0464444471521 -6.47031244869e-20)
(-0.608971377294 0.0439557788017 -2.27901503696e-19)
(-0.657853027145 0.036451272453 -7.18363615138e-19)
(-0.707190179887 0.051179161062 2.89110661692e-22)
(-0.75857293708 0.0417576372206 3.63789052551e-19)
(-0.810927436248 0.0330805266668 7.61337156971e-20)
(-0.873484644975 0.025427567723 -1.13266221543e-19)
(-0.929568642935 0.019516364197 2.07526599859e-20)
(-1.00301368009 0.0149019345023 -2.76803203496e-22)
(-1.07924997499 0.0106569039362 -2.45283017764e-22)
(-1.14500365423 0.00881824119852 -3.60270324442e-22)
(-1.20394819432 0.00778002821285 -5.41813753292e-22)
(-1.25795473528 0.00695037249759 2.92263825769e-22)
(-1.30725880317 0.00623314163737 -3.72306231536e-22)
(-1.35216459049 0.00559981586893 2.32793778594e-22)
(-1.39309779287 0.00502814995203 6.6149486947e-23)
(-1.43039150265 0.00451079212105 4.17775947241e-22)
(-1.46432314925 0.00404439266737 -6.88649367757e-22)
(-1.49515750628 0.00362059650506 -6.46907016037e-22)
(-1.52314323179 0.00323584394101 -1.30441122876e-22)
(-1.54850877237 0.00288768379784 -4.67841706751e-22)
(-1.57146572612 0.0025728815402 5.88649208236e-22)
(-1.59221050199 0.00228828659954 1.96985902321e-23)
(-1.61092564293 0.00203106015088 -3.99842248369e-22)
(-1.62777816677 0.00179850529788 3.36478993468e-22)
(-1.64292306001 0.00158828976821 -2.07585428536e-22)
(-1.65650098942 0.00139817936544 -1.76531520279e-22)
(-1.66864352536 0.00122637743593 4.35587112769e-22)
(-1.67946963557 0.00107103827545 4.22424869944e-22)
(-1.68909077908 0.000930729789062 4.30976655549e-23)
(-1.69760748148 0.000803847424092 -2.07520439998e-22)
(-1.70511270749 0.000689196679598 -1.5590441557e-22)
(-1.71169056548 0.000585415740187 -1.60012473937e-22)
(-1.71741791006 0.000491456720075 4.20729201687e-23)
(-1.72236417983 0.000406142126626 -3.20755515531e-22)
(-1.72659354669 0.000328707187074 3.39481045455e-22)
(-1.73016482013 0.000258120700867 -1.45608032649e-22)
(-1.73313138476 0.000193228709617 6.79126519706e-23)
(-1.73554468579 0.000131513955417 -1.73170668841e-22)
(-1.73743898695 7.5049854528e-05 4.14913290162e-23)
(-1.7388510952 1.91958844342e-05 -2.28303119334e-22)
(-1.73977570883 -4.37594302918e-05 1.86199114992e-22)
(-1.74017034046 -0.00010293246727 -5.90236009589e-23)
(-1.74007728747 -0.000165868264517 1.69265826557e-22)
(-1.7395501754 -0.000230863385118 -1.11923322311e-22)
(-1.73862366423 -0.000304251558306 -1.03296912491e-22)
(-1.7372620161 -0.000338740833511 1.82403479153e-22)
(-1.7354753806 -0.000362385542549 1.95104360144e-22)
(-1.73333939299 -0.000388368459076 1.90019734622e-22)
(-1.73091288874 -0.000413138000861 2.65566144177e-23)
(-1.72824095665 -0.000435962018101 -2.53240301028e-23)
(-1.72536384588 -0.000456977374852 -9.94361598026e-23)
(-1.72231381016 -0.000474773907798 2.75523991089e-23)
(-1.71911913598 -0.000488890861479 -1.07596888689e-22)
(-1.71580992004 -0.000500399343858 -1.49525614993e-22)
(-1.71241357264 -0.000507950535805 1.12929613171e-23)
(-1.70895141494 -0.000512561400091 1.01326125473e-22)
(-1.70543695461 -0.000514846961594 -1.60980179035e-22)
(-1.70188149341 -0.000515024794659 4.43996309e-23)
(-1.69829381171 -0.000513887383457 5.25502019437e-24)
(-1.69468203918 -0.000511898301748 4.41890228092e-23)
(-1.69105302012 -0.000509267866664 -1.93506693878e-23)
(-1.68741213814 -0.000506284466423 1.44440422699e-23)
(-1.68376342525 -0.000503064853498 -1.26932555051e-24)
(-1.68011018908 -0.000499792569052 -3.84467388004e-23)
(-1.67645503232 -0.000496482963947 3.90256098855e-23)
(-1.67280028358 -0.000493236786057 -1.36737569914e-22)
(-1.66914782149 -0.000490036113712 -7.25802349892e-23)
(-1.66549947084 -0.000486941594431 -2.73736603058e-23)
(-1.66185684874 -0.000483892901271 -8.98584255577e-24)
(-1.65822158139 -0.000480920844037 6.98721054697e-23)
(-1.65459465343 -0.000478028233282 -1.81654484361e-23)
(-1.65097639715 -0.000475359072137 9.34665860217e-24)
(-1.64736628286 -0.000472968575099 4.90429388223e-23)
(-1.64376350654 -0.000470941192066 5.39524436307e-23)
(-1.64016714815 -0.000469228008355 2.75113537335e-23)
(-1.63657672909 -0.000467787336382 -6.11414602271e-23)
(-1.63299172541 -0.00046654092746 -5.50105472506e-23)
(-1.62941129197 -0.000465572150401 4.79391063225e-23)
(-1.62583382449 -0.0004649404874 3.84259814295e-23)
(-1.62225767777 -0.000464685452692 -3.0180400931e-23)
(-1.61868148141 -0.000464708862004 5.82232072419e-24)
(-1.61510428638 -0.000464974713527 -8.41101718744e-24)
(-1.61152461983 -0.000465509569316 7.31997602813e-24)
(-1.6079406261 -0.000466414759346 1.45651111281e-23)
(-1.60435033806 -0.000467658412212 1.99478185192e-23)
(-1.60075231832 -0.000469185557 -1.01536209728e-23)
(-1.59714493366 -0.000470976074645 -4.38089381303e-24)
(-1.59352622765 -0.000473127753235 1.73276852541e-24)
(-1.58989396266 -0.000475649420296 1.74211691572e-23)
(-1.58624634388 -0.000478491406589 3.53901474458e-24)
(-1.58258160522 -0.000481604227736 2.61771271448e-23)
(-1.57889784397 -0.00048505200675 1.22161493078e-23)
(-1.57519277784 -0.000488871550421 -7.33297148606e-24)
(-1.57146442246 -0.000493034351049 -1.09078436725e-23)
(-1.5677111113 -0.000497448666569 1.31910786184e-23)
(-1.56393155852 -0.000502079436016 1.71396948228e-24)
(-1.56012438071 -0.000506923996855 -1.20814524023e-23)
(-1.55628838483 -0.000511989771684 -4.03299779224e-24)
(-1.55242255232 -0.000517227749421 5.7133261988e-24)
(-1.54852650869 -0.000522570952127 1.08901468449e-23)
(-1.54460036011 -0.000527904581565 4.63085792394e-24)
(-1.54064479446 -0.000533167979295 -3.0150278478e-24)
(-1.5366608114 -0.000538309589108 -4.07829267253e-24)
(-1.53264980556 -0.000543301514596 -1.17938360778e-23)
(-1.52861326839 -0.000548103947525 -7.29711602869e-24)
(-1.52455298546 -0.000552698229431 -4.89704739953e-24)
(-1.52047086461 -0.000557038690797 3.93079415305e-24)
(-1.51636913261 -0.00056109752938 2.30451219201e-24)
(-1.51225011484 -0.000564845881889 2.49973378019e-24)
(-1.50811633274 -0.000568291192784 3.97286616518e-24)
(-1.50397034963 -0.000571417478226 -6.35936871256e-24)
(-1.49981484895 -0.000574210712435 6.13365357886e-24)
(-1.49565247534 -0.000576613852396 -4.72021682374e-24)
(-1.49148595765 -0.000578666785771 -4.46898875347e-24)
(-1.48731812188 -0.000580362714995 2.81822706777e-24)
(-1.48315192089 -0.000581700968229 2.8141238543e-24)
(-1.47899030158 -0.000582561566958 -7.67713462376e-25)
(-1.47483625982 -0.000582979338626 -1.52948158529e-24)
(-1.470692976 -0.000582978917709 3.12980035655e-24)
(-1.46656373324 -0.000582694612235 1.02812682063e-24)
(-1.46245189478 -0.000582092531272 -3.81448494352e-26)
(-1.45836068646 -0.000580990479062 -8.74750393195e-25)
(-1.45429350606 -0.000579093255305 -8.22628751708e-25)
(-1.45025397323 -0.000576446497509 -4.68927016234e-25)
(-1.44624629251 -0.000573257713175 1.07019390449e-25)
(-1.44227468235 -0.000569953195584 4.6155534285e-26)
(-1.43834354304 -0.000566263415155 5.64726894693e-26)
(-1.4344558909 -0.000561739315761 1.33057044363e-25)
(-1.43061478139 -0.000555747697164 -1.57628811521e-26)
(-1.42682360267 -0.000548741785791 -1.16997197591e-25)
(-1.42308778449 -0.000541257529719 4.23125110413e-25)
(-1.41941209646 -0.000533362365195 -3.75409477542e-25)
(-1.41580150448 -0.000524280012303 -2.87632478675e-25)
(-1.4122608412 -0.000513818119722 5.78483378698e-25)
(-1.40879606776 -0.00050247000502 -4.09778090773e-26)
(-1.40541283135 -0.000490863100455 -7.58031147401e-25)
(-1.40211672809 -0.000478483281498 1.94039226811e-25)
(-1.3989122853 -0.000464691326821 6.82437458607e-25)
(-1.39580500044 -0.000449513320891 -1.07757566555e-24)
(-1.39280031888 -0.000433956906679 1.87528594445e-24)
(-1.38990422646 -0.00041803096957 -6.68155874963e-25)
(-1.38712089651 -0.000401216478844 -7.40284008764e-25)
(-1.38445510871 -0.000382916273866 -9.06899478631e-25)
(-1.38191140303 -0.000363968981472 1.10589016018e-24)
(-1.37949566348 -0.000345046868166 -1.01859033597e-24)
(-1.37721181905 -0.000326079505512 2.8994757144e-24)
(-1.3750639021 -0.000305921503016 -1.02989918945e-24)
(-1.37305520837 -0.000284854171749 -2.06713894374e-25)
(-1.37119147952 -0.000264048231748 -2.13935870133e-24)
(-1.36947705885 -0.000244349180026 3.56164048114e-24)
(-1.36791639771 -0.00022431721447 -1.28134412563e-24)
(-1.36651255606 -0.000203266752563 -1.39874857957e-24)
(-1.36527112266 -0.000182118713614 -3.42942767657e-25)
(-1.36419767705 -0.000162587554141 7.72107110251e-25)
(-1.36329795009 -0.00014392874605 8.23260465941e-25)
(-1.36257410706 -0.000124458072572 2.08228657461e-24)
(-1.36202933801 -0.000103810345603 -1.62022091703e-24)
(-1.36166787509 -8.32230705721e-05 -3.00773268405e-24)
(-1.36148898004 -6.39612221658e-05 -1.85368811004e-24)
(-1.36150675099 -4.5200290189e-05 3.67851823915e-24)
(-1.36173651225 -1.93243897161e-05 9.79065369742e-25)
(-1.36218998593 9.77816513876e-06 -1.90477195148e-24)
(-1.36287359572 3.07002888319e-05 3.97545271847e-24)
(-1.3637980703 4.88372656135e-05 -1.93768615285e-24)
(-1.36497002064 7.21988194077e-05 -1.99750026538e-24)
(-1.36638309293 8.82438022226e-05 -1.92350815053e-24)
(-1.36804758111 8.85638760962e-05 7.74653479686e-24)
(-1.3699323193 0.000214159860943 -1.87553645404e-24)
(-1.3721472437 0.000235726523119 -3.59200436569e-24)
(-1.37456073989 0.000253565731365 5.73741530702e-24)
(-1.37721730758 0.000278559344951 -2.06811701891e-24)
(-1.38011212976 0.000305465398134 -4.25433070245e-25)
(-1.38323898478 0.000333813129117 5.69923793668e-24)
(-1.38659089389 0.00036314101091 -3.5497305317e-24)
(-1.39015846086 0.000393011977591 2.50436980492e-25)
(-1.39393266 0.000423217855749 2.42465288e-25)
(-1.39790194335 0.000453456840425 -2.63222400142e-24)
(-1.40205544674 0.000483553561168 2.42767493889e-24)
(-1.40637958581 0.000513103417179 -1.8963046797e-24)
(-1.41086128273 0.000541960324565 1.69621409089e-24)
(-1.41548477824 0.000569787805463 2.08261781189e-25)
(-1.42023502457 0.000596385386485 -1.07873113576e-24)
(-1.42509462006 0.000621352942497 -3.48028593966e-25)
(-1.43004684073 0.000644475531105 2.18251571274e-25)
(-1.43507307337 0.000665361497212 8.24378295036e-25)
(-1.44015547686 0.000683826037927 1.69888250448e-25)
(-1.44527503385 0.00069952533036 -3.38783442749e-25)
(-1.45041399357 0.000712327988433 1.58717545565e-25)
(-1.45555452647 0.000722009272295 -1.36391072799e-24)
(-1.46068013052 0.000728574246626 1.19934448493e-24)
(-1.46577462922 0.000731984294066 1.34032824893e-25)
(-1.47082400728 0.000732509502391 1.20226574143e-25)
(-1.47581632606 0.000730392103679 -1.95507479688e-24)
(-1.4807419902 0.000725999325646 6.04963661946e-25)
(-1.48559318577 0.000719587069179 9.49243064661e-25)
(-1.49036394601 0.00071149622619 -9.67511510793e-25)
(-1.49504984406 0.000701966154067 1.51491715051e-24)
(-1.49964796635 0.000691306425403 -1.5245923438e-24)
(-1.5041567929 0.000679736256719 1.34229461358e-25)
(-1.50857595909 0.000667530057688 6.78538765007e-25)
(-1.51290639285 0.000654884154783 -2.82459272098e-25)
(-1.51714980712 0.000642032727548 -2.93170037087e-25)
(-1.52130906638 0.000629142090838 3.55781114132e-25)
(-1.5253875053 0.000616402530842 3.17447938224e-25)
(-1.52938938871 0.000603944499434 -2.66193178122e-25)
(-1.53331922379 0.000591916281696 -2.46367516511e-26)
(-1.53718220833 0.000580412163733 -1.05372660774e-25)
(-1.54098360008 0.000569542197746 2.53770176409e-25)
(-1.54472915435 0.000559369387284 -2.04277896795e-25)
(-1.54842452797 0.000549971513874 -1.7986606439e-25)
(-1.55207573428 0.000541387726518 2.16445192909e-25)
(-1.55568858348 0.000533671034204 4.72054291887e-26)
(-1.55926912811 0.000526841044375 -1.52870309319e-26)
(-1.56282314591 0.000520929686597 -6.89486603204e-26)
(-1.56635655 0.000515937067168 4.07747078924e-26)
(-1.56987489038 0.000511868458021 -1.12562869934e-26)
(-1.57338390358 0.000508722146505 3.34196326701e-26)
(-1.5768887587 0.000506480553321 -1.12309884712e-26)
(-1.58039579546 0.000505229392731 1.55884607053e-26)
(-1.58390761896 0.000504652587709 -3.23432264031e-26)
(-1.58743651604 0.000505429870189 1.34941757518e-26)
(-1.59096313938 0.000504919381598 -2.19956612965e-26)
(-1.59455219012 0.000509034036329 -6.13092044995e-28)
(-1.59803111528 0.000499015755549 1.53622958426e-26)
(-1.60169813433 0.000507593345225 8.03039622715e-28)
(-1.60497389919 0.00061227192708 1.64687444516e-27)
(-1.61008692355 0.000818196790587 4.19607309993e-28)
)
;
    }
    topWall
    {
        type            calculated;
        value           nonuniform List<vector> 
820
(
(5.63667524007e-07 -9.23769626518e-07 2.56584606345e-27)
(5.62082152493e-07 -3.17888561609e-06 -2.102227814e-27)
(5.60417487292e-07 -5.5622787225e-06 -4.0022021449e-29)
(5.58086912733e-07 -7.82920132259e-06 7.03586378162e-29)
(5.5512486814e-07 -1.00239359612e-05 -2.66690679343e-28)
(5.51537283269e-07 -1.2204337023e-05 5.12624666183e-28)
(5.47359610544e-07 -1.43836236928e-05 -2.43174402493e-28)
(5.42595751358e-07 -1.65481843656e-05 1.973135888e-28)
(5.37251995775e-07 -1.86888615967e-05 1.90291876859e-28)
(5.31346787319e-07 -2.08046774141e-05 -3.66969061239e-28)
(5.2490220606e-07 -2.28955925832e-05 8.46671615657e-28)
(5.17940018469e-07 -2.49597063792e-05 -3.19228496592e-27)
(5.10483201573e-07 -2.69944939782e-05 -7.08972462069e-28)
(5.02556734306e-07 -2.89978697362e-05 8.38602221715e-28)
(4.94186892594e-07 -3.09681207485e-05 -7.46907841411e-28)
(4.8540079325e-07 -3.29036261471e-05 4.63259130898e-27)
(4.7622644837e-07 -3.48027908465e-05 -1.91473730246e-27)
(4.66692739705e-07 -3.6664126529e-05 -7.22945545489e-28)
(4.56828902698e-07 -3.84862800889e-05 2.72469472198e-28)
(4.46663906163e-07 -4.02680101327e-05 1.41329355857e-27)
(4.36226477301e-07 -4.20081905417e-05 -7.81316125366e-28)
(4.25545517971e-07 -4.37058152762e-05 -3.7109227118e-27)
(4.14650115023e-07 -4.53599976737e-05 1.48008215575e-27)
(4.03569129047e-07 -4.69699653334e-05 -9.85035161405e-28)
(3.92330561271e-07 -4.85350569354e-05 6.89246120769e-27)
(3.80961067321e-07 -5.00547040843e-05 2.68339903199e-27)
(3.69486096091e-07 -5.15284422388e-05 -6.39456726612e-27)
(3.57930490567e-07 -5.29559247184e-05 -6.75620211247e-27)
(3.46318881544e-07 -5.43369136809e-05 7.63232979382e-27)
(3.34675335874e-07 -5.56712679134e-05 8.01278499114e-27)
(3.23022492988e-07 -5.69589285064e-05 -7.0480752631e-27)
(3.11380948767e-07 -5.81999022015e-05 -7.36436943692e-27)
(2.99769456037e-07 -5.9394267184e-05 8.39714467407e-27)
(2.8820567006e-07 -6.05421822864e-05 3.14460914615e-27)
(2.76706643981e-07 -6.16438950931e-05 8.92962378579e-27)
(2.65288734566e-07 -6.26997437564e-05 -2.46297595863e-26)
(2.53967122331e-07 -6.37101198181e-05 8.95253979403e-27)
(2.42755367271e-07 -6.46754543326e-05 9.22978979739e-27)
(2.3166530131e-07 -6.559621307e-05 -2.58742747203e-26)
(2.20707153812e-07 -6.64728871658e-05 9.25787023943e-27)
(2.09889848537e-07 -6.73060039994e-05 3.32175290603e-27)
(1.99221466763e-07 -6.80961556006e-05 9.65629650782e-27)
(1.88709492884e-07 -6.88439822344e-05 3.55175730703e-27)
(1.78360562661e-07 -6.95501624778e-05 9.99825330668e-27)
(1.68180147776e-07 -7.02153986461e-05 -2.00446213746e-26)
(1.58172385146e-07 -7.08403854185e-05 2.47380874058e-27)
(1.4834021057e-07 -7.1425819476e-05 -2.82079953589e-26)
(1.38685757846e-07 -7.19723867287e-05 1.77480541811e-26)
(1.29210357093e-07 -7.24807757135e-05 2.47504690978e-27)
(1.19914439868e-07 -7.29516998615e-05 1.03284015642e-26)
(1.10797819937e-07 -7.33858933305e-05 1.83130993219e-26)
(1.01859782699e-07 -7.37840985496e-05 -2.38374640912e-26)
(9.30991087329e-08 -7.41470629749e-05 -2.13091999114e-26)
(8.45141771529e-08 -7.44755228701e-05 1.04722735634e-26)
(7.61028055694e-08 -7.47701861171e-05 2.56568989539e-27)
(6.78622154791e-08 -7.5031736903e-05 1.86389136233e-26)
(5.97890317284e-08 -7.52608325455e-05 1.07074401718e-26)
(5.18791582305e-08 -7.5458116837e-05 2.69245118905e-27)
(4.4128094369e-08 -7.56242245198e-05 -2.16360771355e-26)
(3.65314439931e-08 -7.57597842304e-05 -1.64495343317e-26)
(2.90849420158e-08 -7.58654211368e-05 1.60071820295e-26)
(2.17842960452e-08 -7.59417453431e-05 1.88733519269e-26)
(1.46249659959e-08 -7.59893531664e-05 -2.98670787164e-26)
(7.60195936421e-09 -7.60088164961e-05 1.07642293809e-26)
(7.09963208611e-10 -7.60006813484e-05 1.07650487399e-26)
(-6.05631002688e-09 -7.5965462524e-05 -2.9852857301e-26)
(-1.27019615019e-08 -7.59036410302e-05 1.07594189615e-26)
(-1.92320510321e-08 -7.58156792758e-05 1.07403648394e-26)
(-2.5651713816e-08 -7.57020158718e-05 2.40347393011e-26)
(-3.19660561905e-08 -7.5563080288e-05 1.06471273173e-26)
(-3.81800208768e-08 -7.53992866725e-05 -6.9920622147e-26)
(-4.42983803181e-08 -7.5211031e-05 1.87262171825e-26)
(-5.03259582177e-08 -7.49987045665e-05 4.69133680467e-26)
(-5.62675324111e-08 -7.47626706259e-05 -2.07342096572e-26)
(-6.2127329297e-08 -7.45032731738e-05 -1.59264644855e-26)
(-6.79089961794e-08 -7.42208408601e-05 3.68127007414e-26)
(-7.36161579472e-08 -7.39156814209e-05 -6.8500770686e-26)
(-7.9252855133e-08 -7.35880824117e-05 1.90838448215e-26)
(-8.4823294776e-08 -7.32383099567e-05 2.35016986565e-26)
(-9.03312751043e-08 -7.28666189442e-05 -4.15784372047e-26)
(-9.57798937249e-08 -7.24732482943e-05 3.17528642531e-26)
(-1.01171644985e-07 -7.20584261384e-05 1.44758336369e-26)
(-1.06508649293e-07 -7.16223760295e-05 -4.51349122026e-26)
(-1.11792948016e-07 -7.11653127133e-05 6.01125929662e-27)
(-1.17026804494e-07 -7.068744677e-05 1.435519214e-26)
(-1.22212629083e-07 -7.01889804542e-05 -1.92199903114e-26)
(-1.27352459489e-07 -6.96701077767e-05 3.05373725937e-26)
(-1.32447541618e-07 -6.91310147741e-05 9.7548561136e-27)
(-1.37498423298e-07 -6.85718834684e-05 -2.68439361742e-26)
(-1.42505372461e-07 -6.79928915986e-05 9.73310733623e-27)
(-1.4746871525e-07 -6.73942078836e-05 1.73592585882e-26)
(-1.52388969045e-07 -6.67759997074e-05 -2.56081107772e-27)
(-1.57266780634e-07 -6.61384358055e-05 -2.58502804698e-26)
(-1.62102551981e-07 -6.54816796323e-05 7.50124451872e-26)
(-1.66896005478e-07 -6.48058972541e-05 -5.63497417738e-26)
(-1.71646148349e-07 -6.41112611939e-05 -4.01617856936e-26)
(-1.76351700591e-07 -6.33979422367e-05 5.02896627527e-26)
(-1.81011636033e-07 -6.26661175098e-05 -3.17244536599e-26)
(-1.85625313633e-07 -6.19159691853e-05 -1.66836682787e-26)
(-1.90192169952e-07 -6.11476820467e-05 9.17280949248e-26)
(-1.94711305601e-07 -6.03614454774e-05 -3.48480301542e-26)
(-1.99181251815e-07 -5.955745e-05 -7.58298898338e-26)
(-2.0360016219e-07 -5.87358937174e-05 9.18156867894e-26)
(-2.07966318123e-07 -5.78969794847e-05 -3.66390240511e-26)
(-2.12278477375e-07 -5.70409154084e-05 -3.21925512612e-26)
(-2.16535740474e-07 -5.61679134e-05 6.77425071389e-26)
(-2.20737197387e-07 -5.52781871409e-05 -3.49889923278e-26)
(-2.24881821208e-07 -5.4371954106e-05 -8.19907222776e-27)
(-2.28968564379e-07 -5.34494389775e-05 4.19905229628e-26)
(-2.32996426271e-07 -5.25108670391e-05 -3.32454043864e-26)
(-2.36964563203e-07 -5.15564623791e-05 -4.40234758057e-26)
(-2.40872503596e-07 -5.0586460132e-05 5.82317079349e-26)
(-2.44720297323e-07 -4.96010889266e-05 -1.37177449305e-26)
(-2.4850844807e-07 -4.86005758749e-05 -7.30367374385e-27)
(-2.52237720854e-07 -4.75851487809e-05 3.72816691272e-26)
(-2.55909045146e-07 -4.6555032399e-05 -4.30093566946e-26)
(-2.5952358485e-07 -4.55104414882e-05 -2.78736623748e-26)
(-2.63082878419e-07 -4.44515879828e-05 5.3812529744e-26)
(-2.66589035242e-07 -4.33786748833e-05 -2.45726641404e-26)
(-2.70044908621e-07 -4.22918846313e-05 -2.58070854128e-26)
(-2.73454121181e-07 -4.11913962136e-05 3.79392624316e-26)
(-2.76820901362e-07 -4.00773653067e-05 -2.46944972721e-26)
(-2.80149884304e-07 -3.89499260652e-05 -9.75267466953e-27)
(-2.8344605264e-07 -3.78092012796e-05 3.4840241788e-26)
(-2.86714916627e-07 -3.66552818825e-05 -2.25135087173e-26)
(-2.89962685141e-07 -3.54882279904e-05 1.5884018481e-26)
(-2.93196673061e-07 -3.43080779925e-05 6.99965850234e-27)
(-2.96425007349e-07 -3.31148279782e-05 -2.02589721777e-26)
(-2.99657189672e-07 -3.19084372992e-05 1.61701129053e-26)
(-3.0290100694e-07 -3.06888176682e-05 2.56073891123e-26)
(-3.06161823651e-07 -2.94558418041e-05 -3.91021873029e-26)
(-3.09455658875e-07 -2.82093495179e-05 3.37351447928e-26)
(-3.1280520263e-07 -2.69491137522e-05 -7.84403480446e-27)
(-3.16212790866e-07 -2.5674838155e-05 -5.59938409387e-27)
(-3.19657200934e-07 -2.43861393229e-05 1.15241997632e-26)
(-3.23152613102e-07 -2.30826173597e-05 -1.46168279129e-26)
(-3.26762368993e-07 -2.17638246385e-05 4.27157721978e-27)
(-3.30520827233e-07 -2.0429207181e-05 8.29446571493e-27)
(-3.34416797333e-07 -1.90781206659e-05 -1.20968416943e-26)
(-3.38400034197e-07 -1.7709742215e-05 1.52822720272e-26)
(-3.42391586043e-07 -1.63231481611e-05 -5.34657035785e-27)
(-3.46393661961e-07 -1.49174863628e-05 -1.35498185753e-26)
(-3.50560000009e-07 -1.34918583739e-05 6.63816574024e-27)
(-3.54913092958e-07 -1.20449929292e-05 7.02259241339e-28)
(-3.5930048016e-07 -1.05759808638e-05 -9.01909671604e-27)
(-3.64024128046e-07 -9.08257769324e-06 1.33827997221e-26)
(-3.66655532027e-07 -7.560759586e-06 -3.00304043315e-27)
(-3.69806547855e-07 -6.01839491476e-06 -7.00577272096e-27)
(-3.79020390142e-07 -4.42855114681e-06 5.84326481265e-27)
(-3.43761376199e-07 -2.77693362695e-06 -2.45336739852e-27)
(-3.98233771056e-07 -1.19213849693e-06 -5.48657665316e-29)
(-4.2088582943e-07 4.13164268915e-07 4.81506495677e-29)
(-4.34674596704e-07 2.13649137869e-06 3.24466456772e-28)
(-4.46885058334e-07 3.90351984337e-06 3.22472869394e-27)
(-4.58298666938e-07 5.70027372712e-06 -6.91281351644e-27)
(-4.7018275775e-07 7.54078079419e-06 3.96590357483e-27)
(-4.82984456148e-07 9.43083192485e-06 1.05187145707e-26)
(-4.96786964314e-07 1.13737541991e-05 -1.75514152996e-26)
(-5.11672954776e-07 1.33734748485e-05 7.26119717406e-27)
(-5.27715147763e-07 1.54342060549e-05 1.06269492534e-26)
(-5.44983738366e-07 1.7560485271e-05 -2.13137883233e-26)
(-5.63550029703e-07 1.97572102627e-05 1.83441386569e-26)
(-5.83490916959e-07 2.20296475954e-05 -2.38910419338e-27)
(-6.04892909808e-07 2.43834404456e-05 -1.98204059108e-26)
(-6.27855883982e-07 2.68246368165e-05 1.65259798945e-26)
(-6.52495667997e-07 2.93597124654e-05 2.70318746101e-26)
(-6.7894329476e-07 3.19956160207e-05 -3.60300230942e-26)
(-7.0734263612e-07 3.4739805426e-05 2.02797935316e-26)
(-7.37849570232e-07 3.76003075189e-05 -4.43896471115e-27)
(-7.70632492113e-07 4.05857690673e-05 -3.28311779791e-26)
(-8.05872627473e-07 4.37055141818e-05 5.66800104454e-26)
(-8.43764504832e-07 4.69696128182e-05 -2.18453994747e-26)
(-8.8451768789e-07 5.03889358009e-05 -2.20880030381e-26)
(-9.28359594322e-07 5.39752276361e-05 3.13524796506e-26)
(-9.75538455476e-07 5.7741182728e-05 -7.05469066252e-27)
(-1.02632601416e-06 6.17005305621e-05 -8.13546779827e-27)
(-1.08102026729e-06 6.58681387916e-05 4.35577061293e-26)
(-1.13994860684e-06 7.02601128077e-05 -3.29426824161e-26)
(-1.20347138986e-06 7.48939137456e-05 -9.29264418338e-26)
(-1.2719858287e-06 7.97885069191e-05 1.35626943839e-25)
(-1.34593016042e-06 8.49645002196e-05 -7.13330871088e-26)
(-1.42578824013e-06 9.04443239565e-05 1.93600226323e-26)
(-1.51209480872e-06 9.62524155144e-05 6.34287211737e-26)
(-1.6054416015e-06 0.000102415429987 -1.23870101224e-25)
(-1.70648442709e-06 0.000108962488581 -5.94951522694e-26)
(-1.81595134806e-06 0.000115925435877 1.54064317817e-25)
(-1.9346520551e-06 0.000123339156495 -1.06386385355e-25)
(-2.06348865286e-06 0.000131241914838 1.70301712279e-25)
(-2.203468179e-06 0.000139675742591 1.40908886296e-25)
(-2.3557171619e-06 0.000148686883777 3.59401424283e-27)
(-2.52149876688e-06 0.000158326304572 -4.74305981968e-25)
(-2.70223271287e-06 0.00016865026641 1.47242195186e-25)
(-2.89951835039e-06 0.000179720987902 -8.65321941931e-26)
(-3.11516672248e-06 0.000191607411849 2.44059394894e-25)
(-3.3512071374e-06 0.000204386102308 2.0185413808e-25)
(-3.61002629292e-06 0.00021814212729 9.68315566769e-28)
(-3.89406040093e-06 0.000232970814307 -7.03508127468e-25)
(-4.20638311786e-06 0.000248978230062 2.10354882828e-25)
(-4.55057934643e-06 0.000266283278435 -1.35575399849e-25)
(-4.93068302041e-06 0.000285019715273 3.55426323466e-25)
(-5.35133990641e-06 0.000305338335034 4.07975034201e-25)
(-5.81794515285e-06 0.00032740965414 -1.10876389213e-24)
(-6.33679868719e-06 0.000351427157286 7.00535763712e-25)
(-6.91529612954e-06 0.000377611204153 -4.74850374698e-25)
(-7.56216921701e-06 0.000406213768352 5.07346125867e-25)
(-8.2877915032e-06 0.000437524242432 -3.33114387268e-26)
(-9.10457214192e-06 0.000471876584943 7.6414118123e-26)
(-1.00274618748e-05 0.000509658212185 -1.17272261802e-24)
(-1.10746449877e-05 0.000551321149309 8.89096342687e-25)
(-1.22683264564e-05 0.000597396279709 -5.50060120307e-25)
(-1.3636428056e-05 0.000648510943542 5.64406983499e-25)
(-1.52118669349e-05 0.000705415395923 -7.57607544599e-26)
(-1.70388672317e-05 0.000769009323771 1.01244522096e-24)
(-1.91738437704e-05 0.0008403865429 -9.97792267879e-25)
(-2.16903329174e-05 0.000920891950755 -8.51515524593e-25)
(-2.46861898144e-05 0.00101220103464 -5.77853577429e-25)
(-2.82946938463e-05 0.00111643259889 1.33842866402e-24)
(-3.27015414216e-05 0.00123631674738 1.17775156797e-24)
(-3.81745757704e-05 0.00137543887466 -1.94934660396e-26)
(-4.51083606719e-05 0.00153865263524 -2.56907483956e-24)
(-5.41250631285e-05 0.00173264527668 -1.04091327428e-24)
(-6.61936217017e-05 0.00196726033293 3.2091342165e-24)
(-8.3105619265e-05 0.00225669482528 1.3175789833e-24)
(-0.000107762005382 0.00262599374958 7.38565576236e-26)
(-0.000147602661598 0.0031121903421 -1.14479318192e-24)
(-0.0002175671189 0.00389768440212 3.07991273312e-24)
(-0.000383996214925 0.00521106114231 8.29779982043e-25)
(-0.000740643833361 0.00566520789314 2.74436239916e-24)
(-0.00113249863388 0.00583700213236 1.91708053396e-24)
(-0.00199097459969 -0.000794560827041 -5.69957118628e-23)
(-0.00225709395884 -0.00484752518753 2.68760379962e-22)
(-0.00180061690457 -0.00834698991035 6.86502645509e-24)
(-0.00131570382923 -0.00904258663733 4.12302854744e-23)
(-0.00101339500582 -0.00948364947262 -1.79275582481e-21)
(-0.000813825484406 -0.00987523422949 8.94219474789e-22)
(-0.000612873531353 -0.0102618267623 -1.07732696741e-21)
(-0.000428940107045 -0.0106593028703 -1.03051400299e-21)
(-0.000314199054531 -0.0110993873963 1.86506612811e-21)
(-0.000283850159555 -0.0116714764266 -3.89135912042e-22)
(-0.000322944701747 -0.0122861023201 2.54182431346e-21)
(-0.000481964739907 -0.0126843136947 8.02041934484e-23)
(-0.00100933061835 -0.0127852552709 -2.93582963408e-21)
(-0.00151452385891 -0.0126588577391 1.6450483266e-22)
(-0.0015309875071 -0.0123279613119 1.36855288347e-21)
(-0.00145677962264 -0.0120499136458 9.41878048221e-22)
(-0.0013798035926 -0.0118717962311 7.7609167245e-22)
(-0.00132233866503 -0.0117698882481 -1.19801995436e-21)
(-0.00128682552947 -0.0117281007134 1.93427487651e-21)
(-0.00126737645103 -0.011712223232 4.2879241634e-21)
(-0.00125553754857 -0.0117233065496 -7.35737824974e-22)
(-0.00124848812653 -0.0117374111772 7.83194972516e-22)
(-0.00124433938739 -0.0117608107714 -1.49103471412e-21)
(-0.0012404839124 -0.0117868319379 -1.52813444169e-21)
(-0.00123947776261 -0.0118099886892 7.55097876244e-22)
(-0.00122739645575 -0.0118378733949 -9.32110212185e-22)
(-0.00120597741287 -0.0118525103727 2.62892591328e-21)
(-0.00117787297962 -0.0118739907867 1.80898494998e-21)
(-0.00115038191575 -0.0118850955404 -6.16027842704e-22)
(-0.00112303878573 -0.0118992876113 1.62928706607e-21)
(-0.00109612120538 -0.0119109859255 -1.08558733205e-21)
(-0.00107106509202 -0.0119157446526 -1.88274218099e-21)
(-0.00104557891798 -0.0119260501967 2.6896250493e-21)
(-0.00102167077354 -0.0119227211566 -1.76340133973e-21)
(-0.000997544094566 -0.0119276164074 6.07182277332e-22)
(-0.000973864283632 -0.0119197889421 5.96478939822e-21)
(-0.000950019258815 -0.0119156020293 6.88392214918e-22)
(-0.000925703183914 -0.0119076518373 -3.82433319301e-21)
(-0.00090245123477 -0.0118921973885 4.19448673921e-21)
(-0.00088095332067 -0.0118824998445 -6.29625693646e-21)
(-0.000859807348184 -0.0118579499105 -2.79675177883e-22)
(-0.000839842542555 -0.011842218365 -1.41369363915e-21)
(-0.000818742076286 -0.0118116089912 2.72205879259e-21)
(-0.000798550026062 -0.0117845494225 5.88262406465e-21)
(-0.000777951347586 -0.0117518018123 -1.66089089534e-21)
(-0.00075711948516 -0.0117122378967 3.6662627279e-21)
(-0.000737505713848 -0.0116780212239 -4.77763140549e-21)
(-0.000716375975278 -0.0116300019582 -9.89841634432e-21)
(-0.000698538723258 -0.0115886688926 6.05216123878e-22)
(-0.00067991491155 -0.0115080943673 3.85414848173e-21)
(-0.000669672106387 -0.0114737245403 -4.75725212836e-21)
(-0.000651474962704 -0.011415032508 8.11951338708e-21)
(-0.000648412389306 -0.0114040234371 5.56972334651e-21)
(-0.00063971905449 -0.0113673042713 3.2682128233e-21)
(-0.000633889207748 -0.0113387865727 1.01281534102e-22)
(-0.000628228844336 -0.0113129459308 3.2727182753e-21)
(-0.000622755055477 -0.0112885779399 9.17598944007e-22)
(-0.000617526535524 -0.0112647744891 -1.43303932429e-21)
(-0.000612555550092 -0.0112416237204 3.61910551217e-21)
(-0.000607756937777 -0.0112191229493 -2.79134361172e-21)
(-0.000602880044347 -0.0111973997319 -6.4069463825e-21)
(-0.00059784542772 -0.0111762641919 1.52483339836e-21)
(-0.000592670035332 -0.0111557284523 -6.95495456233e-21)
(-0.000587326943969 -0.0111355525104 1.90049854365e-21)
(-0.000581859916548 -0.0111159518231 9.02253117796e-22)
(-0.000576231896501 -0.0110967007361 -4.70140040481e-21)
(-0.000570467500396 -0.0110778707123 -3.53806967737e-21)
(-0.000564529859586 -0.0110592014068 5.61153605524e-22)
(-0.000558462304427 -0.0110409289689 3.57182265731e-21)
(-0.000552218064497 -0.0110227962978 4.5522597124e-21)
(-0.000545833573624 -0.0110049276453 7.25118400519e-21)
(-0.00053925920868 -0.010986975764 -1.06230804681e-21)
(-0.000532569651074 -0.0109693350488 -1.50264327346e-21)
(-0.000525699927495 -0.0109516883885 -3.07341567225e-21)
(-0.000518705018711 -0.0109342153291 8.1308191799e-22)
(-0.000511509855887 -0.0109165930994 1.08166860587e-21)
(-0.000504145432499 -0.0108990658965 1.06047646069e-20)
(-0.000496529788341 -0.0108812286482 -7.49721079885e-21)
(-0.00048875855999 -0.0108635562608 -6.09853406963e-21)
(-0.000480741771268 -0.0108456571348 -5.98839852884e-21)
(-0.000472530969769 -0.01082771599 3.89802675864e-21)
(-0.000464031515226 -0.0108092747407 -2.7338684836e-22)
(-0.000455356596588 -0.0107909699441 -7.82706284731e-21)
(-0.000446383376668 -0.0107724173477 -6.46463532843e-21)
(-0.000437158773233 -0.0107537885795 2.76687327853e-21)
(-0.000427585566815 -0.0107345842618 4.43538142699e-21)
(-0.000417786012322 -0.0107153354013 4.62592756513e-21)
(-0.000407614267956 -0.0106955522726 4.80998125874e-21)
(-0.000397165152975 -0.0106756795105 3.83305775893e-21)
(-0.000386283888488 -0.0106552046888 1.49828306619e-22)
(-0.000375087212716 -0.0106346717666 7.12227529084e-21)
(-0.00036338719006 -0.0106135149324 5.5311348525e-22)
(-0.000351316991265 -0.0105923653369 6.32174858094e-22)
(-0.000338710252123 -0.0105707085027 -3.02001396555e-21)
(-0.000325303691441 -0.0105488729566 7.13472966863e-21)
(-0.00031401375254 -0.010526316647 -9.91292458672e-21)
(-0.000276612955524 -0.0105031322716 5.97939864622e-21)
(-0.000210628210046 -0.0104783453391 4.08761654977e-21)
(-0.000141014824093 -0.0104530414001 -9.11043146126e-22)
(-6.6216635145e-05 -0.0104264061412 1.73441076768e-21)
(1.37581106897e-05 -0.0103990863387 3.0184992977e-21)
(9.97325754696e-05 -0.0103701325251 7.51311081772e-21)
(0.00019157521442 -0.0103398102304 -4.39208981394e-21)
(0.000290405044646 -0.0103069358299 1.9879013707e-21)
(0.000395520734038 -0.0102723170455 -1.8567205878e-21)
(0.000507975022421 -0.0102346660936 -4.87708496429e-22)
(0.000628473000458 -0.0101940441847 3.85403448635e-22)
(0.000753377814384 -0.0101494879896 1.15414313501e-21)
(0.000906397957882 -0.0100981060321 -1.09524535157e-21)
(0.000987955087831 -0.0100531812135 8.69421079758e-23)
(0.00104729052511 -0.0100092014826 2.90636692752e-22)
(0.00110400829566 -0.00996181226932 1.66723352141e-23)
(0.00116237434054 -0.00991132305202 -5.89413693734e-24)
(0.0012249266567 -0.00985754499967 7.50709065244e-22)
(0.00129302892479 -0.00980681877412 6.81965800045e-22)
(0.00136529064304 -0.00975268019252 1.60391882215e-22)
(0.00144093782019 -0.00969373887891 -9.95614305266e-23)
(0.00152271475624 -0.00962880447276 6.19788904516e-22)
(0.00161120684671 -0.00956172787779 2.2616046148e-22)
(0.00170600939896 -0.00948967875476 8.91339160669e-22)
(0.00181038084405 -0.0094109029111 -1.54635023705e-22)
(0.00190387061159 -0.0093257091796 8.39971675633e-22)
(0.00193886159633 -0.00925064029901 -9.69055699075e-22)
(0.00195954533041 -0.00917204449195 -9.7575060899e-24)
(0.00197852299472 -0.00909286051762 -7.59401124106e-23)
(0.00199816315597 -0.00901100770019 -5.94715954532e-23)
(0.00202043511817 -0.00893038536626 7.30043908857e-22)
(0.00199091828457 -0.00861081063406 1.27617579506e-22)
(0.00194785101691 -0.00825273829688 -8.25038986594e-22)
(0.00190227551587 -0.00791102296446 1.71825436548e-21)
(0.00185974346349 -0.00758343483734 5.51472898663e-22)
(0.00181989510946 -0.00725418191602 7.85691108468e-22)
(0.00178551058427 -0.00694360162408 5.61397770689e-22)
(0.0017538822581 -0.00663551223401 -1.99393130264e-24)
(0.00172588392718 -0.00635083097643 1.88616136555e-22)
(0.00169750560332 -0.00606194490038 2.24928531886e-22)
(0.0016660287865 -0.00578983855864 -5.68394575437e-23)
(0.0016191663396 -0.00548667989313 4.66061857689e-22)
(0.00155595479386 -0.0051715804697 -6.34737428273e-22)
(0.00147911480903 -0.00483713500369 -6.90857513688e-22)
(0.00143587991287 -0.00445885582126 -3.55743137524e-22)
(0.00145380058987 -0.00402131221097 -5.59193187728e-23)
(0.00148627025722 -0.00355043169806 4.89058149991e-23)
(0.0015325253157 -0.00305591810912 1.73253878222e-22)
(0.00160596741041 -0.00256382208346 -1.1319239969e-22)
(0.001718211134 -0.00208315781961 3.42729952253e-22)
(0.00186437391646 -0.00162556422759 8.93388613141e-22)
(0.00202107494327 -0.00115644856889 -1.52968923908e-21)
(0.00215207412801 -0.000642011334968 1.12855513445e-22)
(0.00224300546451 -5.69797409731e-05 2.55107819134e-21)
(0.00230692697852 0.00059774258548 4.90150172393e-22)
(0.00233520869019 0.00131775087522 -1.70482579456e-21)
(0.0023754670842 0.00209237919392 5.18313917033e-22)
(0.00246364907631 0.00290170994959 1.97772095324e-21)
(0.002621583026 0.00371576518287 -3.38994146311e-21)
(0.00285995825682 0.00453503598466 -2.0366482088e-21)
(0.00317317232642 0.00535214596789 -7.66687994824e-22)
(0.00356400498539 0.00619637578797 -3.8198868934e-21)
(0.00368560503118 0.00693611954405 1.51688319061e-21)
(0.00372181201121 0.00767734489367 -1.22338206537e-21)
(0.00349007230147 0.00792075073949 8.43295981307e-23)
(0.00325778365561 0.00813831267719 1.28290246627e-22)
(0.00304169788307 0.00833427270308 7.87983680139e-22)
(0.00284900166305 0.00851017166878 -1.41317051894e-22)
(0.00268350596629 0.00866872304941 -5.77321557947e-21)
(0.00254156188049 0.00881510662187 5.48148848553e-22)
(0.0024183876152 0.00895323375657 -5.79798217681e-21)
(0.00230690590973 0.00908730385009 3.06874407897e-21)
(0.00220254405401 0.00921965855813 5.68582638219e-21)
(0.00210242062488 0.00935215765532 -4.83955071766e-21)
(0.00200709343547 0.00948492925357 5.22133721332e-21)
(0.0019171001957 0.00961870945791 -1.50074535977e-21)
(0.00183378273567 0.00975339743125 3.0683991255e-21)
(0.00175748253939 0.00988956250508 -1.54944981847e-21)
(0.00168870146652 0.0100272867941 -8.02281054981e-22)
(0.00162627821007 0.0101672654246 2.22573343511e-21)
(0.00156834803415 0.0103101135292 -2.66499434365e-21)
(0.00151455899041 0.0104564430188 4.25943422522e-22)
(0.00139469525948 0.010607103649 -6.52086376091e-22)
(0.0012615284757 0.0107605014333 -1.67392208225e-22)
(0.00113828139715 0.0109163054665 8.09292257234e-22)
(0.00102999184917 0.0110752189183 8.58379804478e-23)
(0.000934980951753 0.0112378578023 -4.36751792255e-22)
(0.000849905217039 0.0114051635697 1.67408746884e-22)
(0.000773691854334 0.0115775384122 -6.38976139472e-23)
(0.000705655681529 0.0117555056512 6.43334797366e-24)
(0.00064544019458 0.0119393644456 3.61160591584e-23)
(0.000592283637584 0.012129335961 -1.9286369771e-22)
(0.000545598973718 0.0123251321578 4.00339880065e-22)
(0.00050415964393 0.0125268377612 1.69756894775e-22)
(0.000466872276686 0.0127344362614 3.36593214602e-22)
(0.000432715857641 0.0129480681947 -1.86422689513e-22)
(0.000401162044327 0.0131676294349 4.3910424635e-24)
(0.000371707923376 0.0133932721977 1.15934663104e-22)
(0.000344009699323 0.0136250766435 1.96348637994e-22)
(0.000317749599913 0.0138632075115 -1.82304485767e-22)
(0.000292868417203 0.0141074528233 2.05074091539e-22)
(0.000269207151597 0.0143578577056 -4.33973400838e-23)
(0.000246546475985 0.0146145020943 7.30823750495e-23)
(0.00022470152077 0.0148774159954 -2.20068742178e-23)
(0.000203633295365 0.0151463022686 4.55842212038e-23)
(0.000183228792171 0.0154211397329 -2.71606419793e-23)
(0.000163356140714 0.0157018506076 6.09714055479e-23)
(0.000143905647526 0.0159883276388 -3.49783391325e-23)
(0.000124741975003 0.0162804952911 -2.5531048871e-23)
(0.000105743770123 0.0165783658445 -4.03106920744e-24)
(8.69203649305e-05 0.016881503982 3.81286424303e-23)
(6.81995182097e-05 0.0171898853218 1.11672963533e-22)
(4.95087619202e-05 0.0175034036747 -6.098176802e-23)
(3.08827393939e-05 0.0178219185768 8.80385510115e-23)
(1.23897079731e-05 0.0181452050733 -1.66936982609e-22)
(-6.11450239169e-06 0.0184730832184 5.36012708081e-23)
(-2.46765510876e-05 0.01880505137 -9.05416773996e-23)
(-4.33687586431e-05 0.0191410780512 -1.26936909962e-22)
(-6.2154681503e-05 0.0194806004046 -9.49892174341e-23)
(-8.10802646142e-05 0.0198234187439 -2.57127464202e-22)
(-0.000100235142167 0.0201694875869 -2.96443359346e-24)
(-0.000119702099453 0.0205187593832 -5.58834926666e-22)
(-0.000139400324914 0.0208705022247 4.35644050104e-23)
(-0.000159363008621 0.0212246237887 -3.80248064172e-22)
(-0.000179647296228 0.0215810726603 -5.82882202002e-23)
(-0.000200314802099 0.021939876063 1.0380290399e-22)
(-0.000221250407376 0.0223001792076 -4.9004817052e-23)
(-0.000242472016086 0.0226619265889 1.62503208054e-22)
(-0.000264010764118 0.023025002864 2.11130246928e-22)
(-0.00028589351061 0.0233893287242 7.20982480659e-23)
(-0.000308063655808 0.0237542218227 4.09862679971e-23)
(-0.000330619649126 0.0241197008324 -3.60757801492e-24)
(-0.000353628924031 0.0244855778878 -6.0660709785e-22)
(-0.000377190817007 0.0248521904988 1.4961123463e-22)
(-0.000401359751662 0.0252192870616 -6.12909383236e-22)
(-0.000426396046541 0.0255877358257 -8.96448269112e-22)
(-0.000452741187532 0.0259591478763 5.24193008058e-22)
(-0.000481066968286 0.0263368016952 -1.61758085544e-21)
(-0.000512121122631 0.0267264044405 -7.12632426597e-22)
(-0.000545444854346 0.0271403468283 7.44843960499e-22)
(-0.00057546786165 0.0275931782136 2.78221470629e-22)
(-0.000599346036756 0.0280357032254 -1.20212071737e-21)
(-0.00059790953599 0.0283939391414 3.84293108874e-22)
(-0.000542853569856 0.0286373997901 -4.57158448635e-22)
(-0.000404937584674 0.0287591337591 9.87817087108e-22)
(-0.000167739047775 0.0287912768376 6.81250573632e-22)
(0.000161784279818 0.0288025455344 -1.98541155151e-22)
(0.000563740760364 0.0288728111906 5.32011361596e-22)
(0.000974157923284 0.0290607471958 1.76143061896e-21)
(0.00116664716484 0.0287660475606 1.4161455044e-21)
(0.00100703347232 0.0283145583304 -1.55116608492e-21)
(0.000736543878026 0.0279639880655 -1.26563064478e-21)
(0.000624454502697 0.0278166934165 -3.49528996795e-22)
(0.000716986946986 0.0278019000243 -2.00395322951e-22)
(0.000861677750928 0.0277334336055 3.83521385512e-21)
(0.000831656949473 0.0275537938507 -1.98593875222e-21)
(0.000507945350145 0.0271411624515 1.2225406951e-21)
(0.0001379205185 0.0267676700735 -2.08552986556e-21)
(0.000107564849808 0.0269584055614 1.52761244741e-21)
(0.000516307597375 0.0277504154102 8.89347552158e-22)
(0.00113247287318 0.0282455927711 -1.49826219329e-21)
(0.00143943409156 0.0277891879706 3.78572323814e-22)
(0.000891944178658 0.0266437228436 1.2874147685e-21)
(-3.90044031349e-05 0.026336056994 -9.69392705527e-22)
(-0.000533201205738 0.0264710712344 2.32297707114e-21)
(-0.000593858337569 0.0267357627584 -2.07294211002e-21)
(-0.000326315940061 0.0273451528539 1.2053389469e-21)
(0.000362631164115 0.0284550781966 -1.342858445e-21)
(0.00129027250968 0.0288904867396 1.27797639385e-21)
(0.00157597193004 0.0289749249346 1.0236503324e-21)
(0.00149901639179 0.027070870521 -4.65907540711e-21)
(-0.000145508582869 0.0268996260314 -3.84045659183e-21)
(-0.000677164597081 0.0269942002715 5.26033098368e-22)
(-0.000816921609023 0.0272211331555 2.17935971394e-21)
(-0.00054242924818 0.0277758926693 1.43380677906e-21)
(0.000206663182531 0.0290345577034 -1.78983006696e-21)
(0.000827331467598 0.0290642183054 -2.89661381699e-24)
(0.00115611765711 0.028476714903 7.34571500743e-22)
(0.000614215075789 0.0276044038118 4.21530759435e-22)
(-0.000399079614484 0.0275587651522 1.77713703357e-21)
(-0.000526859033915 0.0277844063148 -2.49537024763e-21)
(-0.000228290388045 0.0284982955289 -2.19058235161e-21)
(0.000281535250172 0.0288282605304 -2.59678625733e-21)
(0.000217848118048 0.0289072818429 1.20601956566e-22)
(0.000271979987526 0.0286601850883 2.44809540059e-23)
(6.58274043814e-05 0.0281983890595 -8.08076008288e-21)
(-0.00038923903244 0.0281817255252 -1.43599761169e-21)
(-0.000402106876054 0.0283492516197 -4.16846218697e-22)
(-0.000229808227906 0.0288031912317 -2.43167881753e-21)
(-2.20589616942e-05 0.0288844729618 4.65506980857e-21)
(-0.000217266069945 0.0289943730259 2.40240949271e-21)
(-0.000212778482752 0.0290033802714 -1.4532669636e-21)
(-0.000288542519105 0.0289690474858 -2.3017896214e-21)
(-0.000365287259857 0.0289686130979 3.25717806924e-21)
(-0.000426889846805 0.0290083750156 -3.95256457003e-22)
(-0.000477160668499 0.0290793732334 2.26704797191e-21)
(-0.000519672618516 0.0291675557966 -3.78701081154e-21)
(-0.000558999272859 0.0292607167107 -1.50394004616e-21)
(-0.000596679220108 0.0293488838637 -3.46723813836e-21)
(-0.000635102568795 0.0294279245719 -3.6139485522e-21)
(-0.000673592025716 0.0294970083748 1.76540728848e-21)
(-0.000712833519575 0.0295592053621 -6.81327890079e-22)
(-0.000751237068977 0.0296173021763 -2.28514549634e-21)
(-0.000789183490306 0.0296748861414 8.01031292411e-22)
(-0.000825636670743 0.0297336422429 1.34309175693e-21)
(-0.000861384133943 0.0297947088834 7.8783305267e-22)
(-0.000895396114398 0.0298570058602 -2.70019643538e-21)
(-0.000928650539412 0.0299202652831 3.10560633255e-21)
(-0.000960566203575 0.029983214643 2.62932195425e-23)
(-0.000992055798611 0.0300454827172 -1.71401322342e-21)
(-0.00102259017334 0.030106235191 -2.3617735973e-21)
(-0.001053078967 0.030165562014 2.72476845096e-22)
(-0.00108265144772 0.0302227529431 -3.58122247126e-21)
(-0.00111205747388 0.0302784578165 1.5108482874e-21)
(-0.00114069282015 0.0303329018419 2.73130692929e-22)
(-0.00116924325522 0.0303867279807 7.85437226464e-23)
(-0.00119694902048 0.0304397249654 -1.04297237208e-21)
(-0.00122448858673 0.0304923632434 -6.14181776706e-23)
(-0.00125116221096 0.0305443884991 1.20882857457e-21)
(-0.00127758809369 0.0305961157167 -7.08118541878e-22)
(-0.0013032159982 0.0306473677343 4.48138559073e-22)
(-0.00132866183131 0.0306982870843 -7.35822744806e-22)
(-0.00135334595372 0.0307485247628 -8.89744342639e-22)
(-0.00137787879534 0.0307981968285 3.12200366453e-21)
(-0.0014016997824 0.0308470725916 -7.37718499526e-22)
(-0.0014254021127 0.0308953086405 2.0659521797e-21)
(-0.00144840440675 0.0309426017161 -4.93944042171e-22)
(-0.00147120538047 0.0309891968453 -3.55292959519e-21)
(-0.00149343267517 0.0310353551947 -1.27698438462e-21)
(-0.00151560302321 0.0310811891523 9.83125501989e-22)
(-0.00153715027612 0.0311262891756 -9.68213420833e-22)
(-0.00155853534456 0.0311708081516 -3.15604833776e-21)
(-0.00157938540302 0.0312149482292 3.25407357636e-21)
(-0.00160013397321 0.0312587987407 1.90272696885e-21)
(-0.0016203400747 0.0313021592094 -3.71474368996e-21)
(-0.00164041485765 0.0313451038073 -8.72872637587e-22)
(-0.00165998762163 0.0313876561813 -4.6016828805e-21)
(-0.00167941305246 0.0314299101507 4.85849860586e-21)
(-0.00169835714452 0.0314718712655 -1.61649463337e-21)
(-0.00171715877639 0.0315136078239 2.77585654984e-21)
(-0.00173550449716 0.0315551703702 5.86841132239e-22)
(-0.00175370073348 0.0315965699577 -2.82201016211e-21)
(-0.00177142765031 0.0316376563058 -8.53118781301e-22)
(-0.00178895319018 0.0316784974767 2.56473919621e-21)
(-0.00180601189011 0.0317191911839 -1.45425982484e-21)
(-0.0018228438572 0.0317597510145 1.88978451541e-21)
(-0.00183920236873 0.0318001133354 -4.1399907875e-21)
(-0.00185528410584 0.0318402832885 4.16265630557e-21)
(-0.00187084306127 0.0318801514713 2.94402311606e-22)
(-0.0018860496978 0.0319198264541 -1.49557899162e-21)
(-0.0019007404353 0.0319596390499 5.28242991961e-21)
(-0.00191505404753 0.03199935245 -4.33047692937e-21)
(-0.00192874456757 0.0320389932219 5.37797939819e-22)
(-0.00194205406384 0.0320787500239 2.28612229589e-21)
(-0.0019549328538 0.0321186782424 -1.59593762437e-21)
(-0.00196749220648 0.0321588627719 2.51107407514e-21)
(-0.00197959510595 0.0321992076507 -1.83596275469e-21)
(-0.00199134775032 0.0322397653514 -4.69368753602e-21)
(-0.00200261795476 0.0322803248236 -2.16831197382e-21)
(-0.00201346925092 0.0323210099753 3.58448465914e-21)
(-0.00202386053666 0.0323621291261 -4.10861927325e-21)
(-0.00203387689687 0.0324036670595 1.81501487872e-21)
(-0.00204339123098 0.0324451860106 2.15128659726e-21)
(-0.00205245667535 0.0324867183562 4.56102439383e-22)
(-0.00206103010199 0.0325285257269 -6.16175811063e-21)
(-0.00206915066945 0.0325706236943 2.34472316919e-21)
(-0.00207674784345 0.0326130489841 -8.97474387141e-22)
(-0.00208389040625 0.032655153609 1.51682177641e-21)
(-0.00209039024364 0.0326992511357 -3.75561683255e-22)
(-0.00209677965623 0.0327368526268 3.76577486797e-23)
(-0.00210111499923 0.0327993992429 4.5291887756e-21)
(-0.00211032017657 0.0327723053447 3.9287614765e-21)
(-0.00209712296727 0.033095815387 -6.13209557832e-21)
(-0.00212666587555 0.0327142481633 2.82733414862e-21)
(-0.00209791618594 0.0332748238067 5.95129491092e-21)
(-0.00208020168855 0.0335928385325 3.33687857914e-22)
(-0.0020892764627 0.0335521825559 3.06032554807e-21)
(-0.00208959199454 0.0336460787686 -2.0592011924e-20)
(-0.00209478670113 0.0337020862423 2.59572036361e-20)
(-0.00210464916375 0.0337209548891 -7.17819515902e-21)
(-0.00211522901742 0.0337527116735 3.24457511411e-21)
(-0.00212725671479 0.0337905341932 3.38585157064e-21)
(-0.00214138986892 0.033827275022 8.23011615974e-21)
(-0.00215745228582 0.0338669585884 -1.70966692448e-20)
(-0.00217595019249 0.0339128096125 9.41194294055e-22)
(-0.0021577564261 0.0333478542991 1.12729068432e-20)
(-0.00212480299023 0.0325104186685 -1.14799651844e-20)
(-0.00209343410269 0.031655397551 -6.71215253189e-21)
(-0.0020773008375 0.030809159492 5.38753050069e-21)
(-0.00215520130474 0.0299165573298 5.90013628477e-22)
(-0.00224889165951 0.0290039285113 1.01641021963e-21)
(-0.00236241867415 0.0280880404877 -4.22742321578e-21)
(-0.0024968726672 0.0271838862546 -1.50204752845e-20)
(-0.0026522560839 0.0262780962948 1.9893238713e-20)
(-0.0028286128256 0.025341137556 -1.07365803675e-20)
(-0.00302723301588 0.0244083859804 7.13123485641e-21)
(-0.00324868389376 0.0234776268343 4.9191575032e-20)
(-0.00348920273297 0.022510470084 -5.59476022076e-20)
(-0.00377257640821 0.0215181150155 -3.94885974377e-20)
(-0.00399062493532 0.0205680796749 -4.63627593984e-20)
(-0.00407191497326 0.0196911846729 -6.88391875506e-20)
(-0.00411839353293 0.0188048710312 -5.43343434188e-20)
(-0.00415709385369 0.0179108509276 5.10714701551e-20)
(-0.00419554207481 0.0170215049896 2.54933652672e-20)
(-0.00423481200836 0.0161297168767 -2.42280905917e-20)
(-0.00427262549799 0.0152033378574 1.04936446961e-20)
(-0.00430745785661 0.0142811840048 1.43869525515e-20)
(-0.00435013992644 0.0133578945613 -3.60539193422e-20)
(-0.00434671428074 0.0124368075661 -2.36192434e-20)
(-0.00418777051954 0.0115804845743 -1.56640943729e-20)
(-0.00398300363829 0.0107501826576 2.09693526174e-20)
(-0.00375860083103 0.00992778392353 3.22641751443e-20)
(-0.00350945972562 0.00908340829905 -4.97956928585e-21)
(-0.00324242157875 0.00825448943593 2.9938150446e-20)
(-0.0029628728354 0.00744594601462 4.09268140398e-21)
(-0.00264542999394 0.00665160706873 9.67090246184e-21)
(-0.00249348475731 0.00575824079501 4.90941956978e-21)
(-0.00251568324815 0.00479004830156 -1.82759384512e-20)
(-0.00259427964581 0.00381661996452 1.59459385975e-20)
(-0.00269533860034 0.00283016922738 5.74036450664e-21)
(-0.0028078331287 0.00184098477738 9.07600895403e-21)
(-0.00292645177743 0.000873054596697 3.44888058543e-21)
(-0.00304723535483 -8.10746150986e-05 -2.12952441252e-20)
(-0.00318465231078 -0.00107310898943 1.16855395218e-20)
(-0.00331851586217 -0.0020466267012 -6.43578822055e-21)
(-0.00344833320569 -0.00298368850545 -1.35784584318e-20)
(-0.0035868627909 -0.0038957263617 -1.19110121304e-20)
(-0.0037741138788 -0.00481429637978 1.08246584872e-20)
(-0.00399571900016 -0.00570002123382 7.85243068199e-22)
(-0.00422525561862 -0.00654309885284 -3.82481522535e-21)
(-0.00444546739652 -0.00736206048584 -1.78617611695e-20)
(-0.0046801358303 -0.00816355907757 1.29807349895e-20)
(-0.00493157706926 -0.00890582416614 4.05637883393e-20)
(-0.00525171782983 -0.00958779696314 -2.60045276151e-20)
(-0.00565663277376 -0.0102399568989 3.39256415696e-20)
(-0.00597170588443 -0.0108122598281 8.81034541907e-21)
(-0.00614503602575 -0.0112136921984 1.04167189192e-20)
(-0.00626607959582 -0.0115530251153 1.39407193571e-20)
(-0.00636113863776 -0.0118570536812 1.1930741138e-20)
(-0.00638564796542 -0.0121507753036 2.38521799877e-20)
(-0.00633347007169 -0.0125400646398 -1.8707005159e-20)
(-0.00623763988574 -0.0130874230983 1.92055501454e-20)
(-0.0061217441066 -0.0137999912711 3.49267506876e-20)
(-0.0060306766678 -0.0146499308297 3.68468967184e-21)
(-0.0059750958977 -0.0156039856668 2.24873629229e-20)
(-0.00593950767789 -0.0166440617304 1.11893990287e-20)
(-0.00590669925807 -0.0177424336008 3.18137793443e-21)
(-0.00586814763026 -0.0188988726345 -1.91771402128e-20)
(-0.00582282727548 -0.0201269329667 -1.90296061699e-20)
(-0.00577236335853 -0.0214454812155 3.76982261099e-20)
(-0.00572071057044 -0.0228267058256 -3.45182751957e-20)
(-0.00566748995527 -0.0242701530378 -1.43972035539e-20)
(-0.00561047875379 -0.0258030382434 -3.08375137461e-21)
(-0.00555108460897 -0.0274137560611 -1.55038338295e-20)
(-0.00549479577246 -0.0290926434247 -1.88756700921e-20)
(-0.00544367665336 -0.0308358852843 8.66924862718e-22)
(-0.00538995403003 -0.0326513698978 -1.57752280799e-20)
(-0.00532711588421 -0.034538169344 -2.78677286038e-21)
(-0.0050039866451 -0.034736848039 2.36988445006e-21)
(-0.00469536649221 -0.0349048901863 4.97261978735e-22)
(-0.00439925992869 -0.0350676843162 -2.24229104161e-21)
(-0.00411670968615 -0.035225219027 -2.72634559643e-21)
(-0.00385062389038 -0.0353781537584 -1.00220062763e-20)
(-0.00359081918812 -0.0355286817059 -4.68567462908e-21)
(-0.00336416275029 -0.0356749675654 2.65490411847e-21)
(-0.00307726011952 -0.0358232191007 4.31048746577e-21)
(-0.00265499056718 -0.0359756446824 -5.95588925208e-22)
(-0.00221692107072 -0.0361239967168 -2.05887545044e-21)
(-0.00181449105018 -0.0362662510188 -1.426044394e-21)
(-0.00147299528524 -0.0364029356777 -1.70062854975e-21)
(-0.00118885393495 -0.0365360978709 -1.66572101755e-21)
(-0.00094570264203 -0.0366680982206 6.87183981478e-22)
(-0.000740208405866 -0.036799475097 1.65257718413e-21)
(-0.000568537815286 -0.0369310369019 -5.39801642893e-22)
(-0.000423598821031 -0.0370640222352 -5.6608942996e-22)
(-0.000301595375808 -0.0371987167073 -3.14302203302e-22)
(-0.000199900977346 -0.0373353728548 -1.24691614795e-21)
(-0.000115919389797 -0.0374743204206 4.61789288689e-22)
(-4.559451269e-05 -0.03761652553 -3.27838930512e-22)
(1.31973130132e-05 -0.0377618380844 -1.9734931613e-22)
(6.34092219671e-05 -0.0379109043881 -1.92952877599e-22)
(0.000108349317532 -0.0380649128591 9.14940125675e-22)
(0.000151083636084 -0.0382254975084 -2.72259979848e-22)
(0.000194912654963 -0.0383949082552 -1.06379301431e-21)
(0.000244312981124 -0.0385780526555 4.5244593979e-22)
(0.000300987790809 -0.0387855782627 -2.16274087283e-22)
(0.00032029222195 -0.03904079784 -2.52745171758e-22)
(0.000288619500671 -0.0393149573839 4.50862973494e-22)
(0.000155373124314 -0.0395231770102 1.15143343259e-22)
(-0.000280633501644 -0.0396353360846 -7.32065813532e-22)
(-0.00114231111226 -0.0397372906315 1.49192191724e-22)
(-0.0022855402756 -0.0399395734522 -3.66315473885e-22)
(-0.00313781084457 -0.0400814313052 1.33396767619e-22)
(-0.0031682096518 -0.0399907412006 -1.8239575247e-22)
(-0.00286447892089 -0.0400204358426 1.60210915157e-22)
(-0.00278611544107 -0.0404844067624 -8.40212013955e-23)
(-0.00230687434969 -0.0404921738045 3.40784439225e-23)
(-0.00186924230686 -0.0401686034836 7.07265680143e-24)
(-0.00156825250088 -0.0397366658026 1.01708364439e-23)
(-0.00135435376989 -0.0393917007672 -1.2424940743e-23)
(-0.00117794714813 -0.0391529165843 -7.78872698516e-24)
(-0.00101127902833 -0.038956023353 -6.7355759795e-24)
(-0.00084693298112 -0.0387556317631 6.78479332754e-24)
(-0.000697113969273 -0.0385443473714 -8.37691688644e-24)
(-0.000563318862882 -0.0383517577803 7.94520863716e-24)
(-0.000454833890787 -0.0382038844757 -5.09595178091e-24)
(-0.000368322254002 -0.0380976860051 4.53173238181e-24)
(-0.000296938460705 -0.0380177469575 1.53986690657e-23)
(-0.000238406456017 -0.0379536064163 2.21147308799e-23)
(-0.000187824363592 -0.0370842413753 -2.53235805882e-23)
(-0.000148094364379 -0.035904989529 6.93867187756e-24)
(-0.000118964672543 -0.0348809742422 -4.03175026025e-24)
(-9.73687633953e-05 -0.0339811180189 -2.5946022258e-24)
(-8.11749041235e-05 -0.0331789540872 1.67685126837e-24)
(-6.89403437024e-05 -0.0324541123297 2.20186051286e-24)
(-5.97235590312e-05 -0.0317906059475 -1.95484683238e-24)
(-5.258802982e-05 -0.031177173902 -2.37135497314e-24)
(-4.69900412051e-05 -0.0306046611051 3.45223949922e-24)
(-4.24534992802e-05 -0.0300657246297 1.05474092872e-24)
(-3.85998531089e-05 -0.0295561375446 1.46369006376e-24)
(-3.52650656523e-05 -0.0290729226865 -1.87243682528e-24)
(-3.21981957693e-05 -0.0286148211273 -1.29147441149e-24)
(-2.94103411321e-05 -0.0281830509167 2.47399928307e-24)
(-2.66552650687e-05 -0.0277754350215 7.43975462121e-25)
(-2.38544396556e-05 -0.0273951154372 -4.29117394765e-24)
(-2.12497097128e-05 -0.027041780065 6.95107602578e-25)
(-1.89029382216e-05 -0.0267145176311 1.86651765204e-24)
(-1.70130930187e-05 -0.0264128062733 5.65578221858e-25)
(-1.55919026222e-05 -0.0261313627352 -8.10014937993e-25)
(-1.44422545326e-05 -0.0258666897999 9.82930851534e-27)
(-1.34349475783e-05 -0.0256161263863 -2.46034644278e-25)
(-1.24611173227e-05 -0.0253790900303 -6.79308459252e-25)
(-1.14580179592e-05 -0.02515645255 4.44168786209e-25)
(-1.03766714487e-05 -0.0249482031146 1.2976992025e-26)
(-9.22572411442e-06 -0.0247542070951 3.84704635916e-25)
(-8.0019203565e-06 -0.0245768581342 5.27917936605e-25)
(-6.73488537829e-06 -0.0244180768137 -1.91769547253e-24)
(-5.50442143729e-06 -0.0242761658516 2.98497386224e-25)
(-4.41364252425e-06 -0.0241542933826 1.30289160113e-26)
(-3.57212714089e-06 -0.02405653438 6.8407800421e-25)
(-3.07444093496e-06 -0.0240062025957 -1.01887606229e-24)
(-2.99876647343e-06 -0.0240158793332 2.04535122064e-25)
(-3.27264527427e-06 -0.0240629592291 9.17503139815e-25)
(-3.79134051746e-06 -0.0241422549529 -3.1819137255e-25)
(-4.46608398323e-06 -0.0241996428737 2.33918339106e-25)
(-5.13724345735e-06 -0.0241469082779 -3.65931705279e-25)
(-5.69548963272e-06 -0.0239193989148 7.83056717127e-25)
(-6.1464072984e-06 -0.0236799431322 -9.37509989057e-25)
(-6.49485235194e-06 -0.0234312704228 2.79537627041e-25)
(-6.73477685626e-06 -0.0231759645837 -4.06934148275e-25)
(-6.86953998339e-06 -0.0229164525181 1.26125243558e-24)
(-6.90514071836e-06 -0.0226550514052 2.69992321822e-25)
(-6.85321681088e-06 -0.0223938137891 -8.28792554e-25)
(-6.726714406e-06 -0.0221345279184 -4.00429053208e-25)
(-6.53965163845e-06 -0.02187862234 6.67077278223e-25)
(-6.30984607773e-06 -0.0216272198534 -9.04910484157e-25)
(-6.05698383028e-06 -0.0213811102962 3.84751316141e-25)
(-5.8034503421e-06 -0.0211406937587 1.89013755494e-25)
(-5.56931371842e-06 -0.020906094822 -2.96293552137e-25)
(-5.36992249071e-06 -0.0206769027968 8.74454723508e-27)
(-5.22000915586e-06 -0.0204521992012 -3.34064330588e-25)
(-5.13124907607e-06 -0.0202303856102 3.43448316755e-25)
(-5.10125950739e-06 -0.0200098845177 2.77749335924e-25)
(-5.11401213204e-06 -0.0197890595616 5.13395185159e-27)
(-5.1064972017e-06 -0.0195677377604 -3.26188793402e-25)
(-5.01313294422e-06 -0.0193475160856 -2.67010464493e-25)
(-4.85138036543e-06 -0.0191307956988 1.68592097787e-25)
(-4.67398062359e-06 -0.0189175306299 3.16613787714e-25)
(-4.52141235276e-06 -0.0187092661881 5.3882900736e-26)
(-4.44095022002e-06 -0.0185037371078 2.002534775e-25)
(-4.46908312537e-06 -0.0183013149403 -2.96268379124e-25)
(-4.66444025412e-06 -0.0181035310753 -2.96418901221e-25)
(-5.09176378463e-06 -0.0179094569747 5.91095032292e-26)
(-5.77717473472e-06 -0.0177151121282 8.82251905993e-26)
(-6.65984176231e-06 -0.0175016373236 -8.04292764175e-26)
(-7.52990019989e-06 -0.0172407410188 2.56047537679e-25)
(-8.17442481836e-06 -0.0168301970829 7.03089924027e-26)
(-8.54827959803e-06 -0.0163588601393 1.02611987294e-25)
(-8.73325715413e-06 -0.0159283169171 -9.71005621843e-26)
(-8.78791121817e-06 -0.0155302774819 -3.17664766215e-26)
(-8.75423771255e-06 -0.0151591916902 -9.49057852242e-26)
(-8.66180888767e-06 -0.014810957173 9.18406375617e-27)
(-8.53109159651e-06 -0.0144825755594 -2.93421491421e-26)
(-8.37899261714e-06 -0.0141716414658 1.02515680533e-25)
(-8.21721616055e-06 -0.0138761967512 -2.97835804115e-26)
(-8.05688566737e-06 -0.013594591825 8.05049693244e-27)
(-7.9006196764e-06 -0.0133253958066 -2.88303696888e-26)
(-7.75069806673e-06 -0.0130674849253 -8.75472745107e-26)
(-7.60617912793e-06 -0.0128196256241 9.78721016014e-26)
(-7.46373020895e-06 -0.012582367362 -2.77656825889e-26)
(-7.33323459201e-06 -0.0123479585674 8.24608246656e-27)
(-7.18097915451e-06 -0.0121477853279 1.08980180644e-25)
(-7.15075579343e-06 -0.0118593748672 -5.14549771372e-26)
(-7.49595257735e-06 -0.0119354214702 5.20538534907e-25)
(-3.28095448153e-06 -0.0109953408464 -5.28299798155e-25)
)
;
    }
    frontAndBack
    {
        type            empty;
    }
}


// ************************************************************************* //
