0.504 	0 	0 	4.99104709996 	4.1953367105e-05 	102784.881397 	23.8420334087 	17.0812039804 	-0.00368013029492 	4.76506593018e-22
0.504 	0.00146443514644 	9.04630413473e-19 	1.91305626903 	0.000144471800704 	11590.3449698 	23.1088963166 	29.3595951926 	-0.0374198755725 	-4.01818072789e-21
0.504 	0.00292887029289 	1.73616343935e-18 	0.236756106709 	0.000199797641593 	1184.97948635 	23.079530734 	31.7544782727 	-0.107681269518 	-5.38315866982e-22
0.504 	0.00439330543933 	-2.91520110607e-18 	0.205738680545 	0.000464943364689 	442.502670583 	22.9881064717 	31.8571385205 	-0.188772659049 	4.23298108302e-21
0.504 	0.00585774058577 	1.20144024691e-18 	0.202693010502 	0.000499176010725 	406.05519125 	22.9098095156 	31.7673441469 	-0.254294937838 	-1.01520807644e-20
0.504 	0.00732217573222 	3.7936384587e-18 	0.200749702035 	0.00050694203525 	396.001294184 	22.8117369535 	31.6783390624 	-0.320475009368 	-2.07371166584e-21
0.504 	0.00878661087866 	2.99692447393e-18 	0.199136298466 	0.000512807383552 	388.325723952 	22.6881614124 	31.6048085093 	-0.385498973722 	-4.40624883203e-21
0.504 	0.0102510460251 	4.24649170997e-18 	0.197801444197 	0.000520913402588 	379.720397314 	22.5360193864 	31.5540049757 	-0.448437693066 	-7.25520247747e-21
0.504 	0.0117154811715 	-1.01957073757e-18 	0.197055808055 	0.000529157842691 	372.395138382 	22.4009179935 	31.533254924 	-0.49383604984 	8.83257027368e-21
0.504 	0.013179916318 	4.57520804744e-18 	0.196435159994 	0.00054141201988 	362.820094089 	22.1900130677 	31.528242793 	-0.551781533075 	3.0717912482e-22
0.504 	0.0146443514644 	-1.88236076721e-18 	0.196262354905 	0.000550447642933 	356.55045021 	22.0067190088 	31.5403352135 	-0.593287342255 	-8.41364854274e-21
0.504 	0.0161087866109 	9.25830228449e-19 	0.196349949474 	0.000559015731482 	351.242261024 	21.8000335098 	31.5650332073 	-0.633167560862 	1.5754990423e-20
0.504 	0.0175732217573 	1.79108705263e-18 	0.196691634502 	0.000567224508799 	346.761522909 	21.5681489886 	31.6013278792 	-0.671509518597 	7.10958467137e-22
0.504 	0.0190376569038 	1.74359561631e-18 	0.197262575772 	0.00057529695249 	342.888268255 	21.3091197662 	31.6479776292 	-0.708426828946 	-3.64656632308e-21
0.504 	0.0205020920502 	-8.17023266199e-19 	0.198024817769 	0.000583421139713 	339.4200249 	21.0208496705 	31.7035155229 	-0.744040090287 	-2.70186597224e-21
0.504 	0.0219665271967 	-5.69261975447e-19 	0.198934135401 	0.000591678319193 	336.220086064 	20.7010675795 	31.7664502512 	-0.778459821254 	-8.09791302576e-21
0.504 	0.0234309623431 	-7.00725452415e-19 	0.199586944854 	0.000597226593537 	334.189647637 	20.4691501319 	31.8118315349 	-0.800787028718 	2.37007598386e-20
0.504 	0.0248953974895 	-2.0907992252e-18 	0.200550340116 	0.00060544130062 	331.246546793 	20.0911929746 	31.8839678713 	-0.833391644949 	-5.31371574569e-21
0.504 	0.026359832636 	-2.24984422785e-18 	0.20112615941 	0.000610693173653 	329.340768961 	19.81795733 	31.9341175728 	-0.854553520687 	-2.80015667885e-23
0.504 	0.0278242677824 	-1.78636104788e-18 	0.201613610793 	0.00061563313626 	327.489861929 	19.5267427961 	31.9855193558 	-0.875270255844 	-1.96180252302e-20
0.504 	0.0292887029289 	4.90896452998e-19 	0.202137204118 	0.000622236225639 	324.856052715 	19.0544909956 	32.064766894 	-0.90554276847 	2.55773373113e-20
0.504 	0.0307531380753 	-9.03827226744e-19 	0.20233008611 	0.000625991990884 	323.215135426 	18.714970044 	32.1191059231 	-0.925203720714 	8.78752009678e-21
0.504 	0.0322175732218 	1.76557433804e-19 	0.202399263938 	0.000629201999986 	321.676129355 	18.3548888553 	32.1747716632 	-0.944455038064 	-4.80222190646e-21
0.504 	0.0336820083682 	-8.31987538611e-19 	0.202361335057 	0.000631895578504 	320.244897957 	17.9735426099 	32.2319423289 	-0.9633095332 	-3.04391922549e-20
0.504 	0.0351464435146 	-1.55122199483e-18 	0.202233777431 	0.000634120350433 	318.920181782 	17.5701672255 	32.2908539035 	-0.981789846779 	9.80016709606e-21
0.504 	0.0366108786611 	-8.7152194511e-19 	0.20202207393 	0.000635909454381 	317.689999006 	17.1439153888 	32.351690767 	-0.999916848312 	2.94600338486e-21
0.504 	0.0380753138075 	-2.76597995095e-18 	0.201719823563 	0.000637272721755 	316.536102482 	16.6938847651 	32.4145084907 	-1.01769604472 	-4.53836264797e-22
0.504 	0.039539748954 	-9.29429549304e-19 	0.201316329949 	0.000638205912707 	315.441029205 	16.2191736304 	32.4792842921 	-1.03511671515 	-1.72176743214e-20
0.504 	0.0410041841004 	2.61329625413e-19 	0.20079902225 	0.000638696038668 	314.389020901 	15.7189047388 	32.5459910872 	-1.05215923165 	-1.50535391918e-21
0.504 	0.0424686192469 	-1.45265046039e-19 	0.200153520033 	0.000638725252918 	313.364031121 	15.1922143396 	32.6145800015 	-1.06880005202 	3.04117808946e-21
0.504 	0.0439330543933 	-5.51610342918e-19 	0.1997792884 	0.00063856385378 	312.857182907 	14.9186933576 	32.6495470322 	-1.07696186747 	-7.08909872971e-21
0.504 	0.0453974895397 	-1.15126589951e-18 	0.198928049975 	0.000637897402916 	311.849600054 	14.3507728552 	32.7207275507 	-1.09295149253 	-5.48315024993e-21
0.504 	0.0468619246862 	5.96428834381e-19 	0.197951614268 	0.000636808270915 	310.849628231 	13.7543280149 	32.7934302168 	-1.10847201213 	9.32831728984e-21
0.504 	0.0483263598326 	1.598542044e-18 	0.196873982349 	0.000635360977289 	309.861621009 	13.1285588328 	32.8675092744 	-1.12349291147 	5.26555086509e-21
0.504 	0.0497907949791 	1.11963808723e-18 	0.196305958147 	0.000634526579079 	309.373893261 	12.8044361407 	32.9050277806 	-1.13080561791 	-1.13502265541e-20
0.504 	0.0512552301255 	3.3336719912e-19 	0.195128293553 	0.000632683749889 	308.413632541 	12.1332524885 	32.9809593445 	-1.14501238689 	1.50676409157e-20
0.504 	0.052719665272 	-2.05125447627e-19 	0.194524663604 	0.000631693223993 	307.941665695 	11.7860154414 	33.0193490771 	-1.15189622579 	-6.7860105806e-21
0.504 	0.0541841004184 	-1.5924767283e-19 	0.193300664613 	0.000629614246998 	307.014438658 	11.067836416 	33.0969217423 	-1.16519681035 	-5.52812203701e-21
0.504 	0.0556485355649 	-8.17655058154e-20 	0.19268453791 	0.00062853971942 	306.559047832 	10.6967399151 	33.1360843156 	-1.17160145624 	9.61938038227e-21
0.504 	0.0571129707113 	-1.82994929929e-18 	0.191452439116 	0.000626349258786 	305.664030779 	9.93017669313 	33.2151153381 	-1.18388731161 	4.84162877127e-21
0.504 	0.0585774058577 	1.46174130243e-18 	0.190839017465 	0.000625242329493 	305.224084267 	9.53458027153 	33.2549667296 	-1.18975500729 	-7.09465373489e-22
0.504 	0.0600418410042 	1.1424767972e-18 	0.189622107208 	0.00062302203249 	304.358589776 	8.7184689051 	33.3353010202 	-1.20090471841 	9.99011572708e-21
0.504 	0.0615062761506 	9.42916609617e-19 	0.189019969854 	0.000621913622824 	303.932833945 	8.29785393379 	33.3757681805 	-1.20617212549 	-1.02477069941e-21
0.504 	0.0629707112971 	-1.34767759944e-18 	0.188422748083 	0.000620808916486 	303.511665312 	7.86880898867 	33.4164249314 	-1.21122453479 	4.23486416586e-21
0.504 	0.0644351464435 	-1.37343013021e-18 	0.187244696096 	0.000618616289059 	302.68310002 	6.985295834 	33.4982763297 	-1.22065315957 	1.13353168565e-21
0.504 	0.06589958159 	3.48053394362e-19 	0.186664553128 	0.000617530627355 	302.275781733 	6.53077754129 	33.5394556439 	-1.2250133486 	-8.16165761925e-21
0.504 	0.0673640167364 	-2.10913496481e-18 	0.186090721831 	0.000616453287196 	301.873192497 	6.06772927511 	33.5807938122 	-1.22912652345 	6.2272416126e-21
0.504 	0.0688284518828 	1.95952059206e-19 	0.185523457843 	0.000615385031137 	301.475415318 	5.59614333417 	33.6222832011 	-1.23298430038 	1.28716034868e-21
0.504 	0.0702928870293 	2.76516529598e-18 	0.184409553228 	0.000613278411302 	300.694676071 	4.62736623835 	33.7056858232 	-1.23989934225 	2.85863301983e-22
0.504 	0.0717573221757 	-1.97736933671e-18 	0.183863321657 	0.000612241195695 	300.311908035 	4.13019773154 	33.7475846676 	-1.2429391673 	1.18809789852e-21
0.504 	0.0732217573222 	7.24875731022e-20 	0.183324466469 	0.000611215360741 	299.934324698 	3.62453633273 	33.7896059652 	-1.24568878272 	1.28824985514e-21
0.504 	0.0746861924686 	-1.19250956947e-18 	0.182793119689 	0.000610201303961 	299.561994546 	3.11041247292 	33.8317430269 	-1.24813925827 	-1.33818004878e-22
0.504 	0.0761506276151 	-1.15709962935e-18 	0.182269376915 	0.000609199345892 	299.194964906 	2.58786683472 	33.8739892842 	-1.25028151786 	-3.44637873749e-21
0.504 	0.0776150627615 	1.045430923e-18 	0.18124488802 	0.000607232604779 	298.47687129 	1.5177287141 	33.9587826402 	-1.25360452326 	-1.44127933816e-21
0.504 	0.0790794979079 	1.68769263291e-18 	0.180744139413 	0.000606268070509 	298.125776707 	0.97026999878 	34.0013151307 	-1.25476674703 	-2.4436584639e-22
0.504 	0.0805439330544 	5.22452229107e-19 	0.180251013028 	0.000605316177202 	297.779936861 	0.414655889732 	34.0439268139 	-1.25558352075 	1.89221931668e-22
0.504 	0.0820083682008 	3.68719692165e-19 	0.17976548192 	0.000604376990305 	297.439321489 	-0.149023693881 	34.0866077771 	-1.25604506937 	2.19156923599e-22
0.504 	0.0834728033473 	1.99852967229e-18 	0.179287549633 	0.000603450628322 	297.103924031 	-0.720670374333 	34.12934747 	-1.2561415462 	-9.36194364514e-22
0.504 	0.0849372384937 	1.70562378186e-18 	0.178817256142 	0.000602537274271 	296.773766167 	-1.30017715282 	34.1721353163 	-1.25586336795 	9.10576981619e-22
0.504 	0.0864016736402 	-9.15508152527e-19 	0.178354667551 	0.000601637157092 	296.448890246 	-1.88741962439 	34.2149610143 	-1.25520056886 	-2.065808683e-21
0.504 	0.0878661087866 	-1.74689086189e-18 	0.177899855455 	0.000600750513817 	296.129343819 	-2.48227320763 	34.2578147719 	-1.25414330126 	2.20821660513e-21
0.504 	0.0893305439331 	5.12441794621e-19 	0.177452880444 	0.000599877559093 	295.815167203 	-3.08460909702 	34.3006869869 	-1.25268148779 	-3.38358445485e-21
0.504 	0.0907949790795 	-5.73409252857e-19 	0.177013782941 	0.000599018467857 	295.506386597 	-3.69428215099 	34.3435678222 	-1.25080461292 	-8.77138018464e-22
0.504 	0.0922594142259 	7.54764428134e-19 	0.176582580321 	0.000598173369294 	295.203012012 	-4.31110150102 	34.3864469098 	-1.24850333737 	6.80295937309e-21
0.504 	0.0937238493724 	-4.037030492e-19 	0.176159275606 	0.00059734236227 	294.905043963 	-4.93487765578 	34.4293136445 	-1.24576823233 	-4.66723155837e-21
0.504 	0.0951882845188 	-1.41210265305e-18 	0.175743865594 	0.000596525530139 	294.612479625 	-5.56544260826 	34.4721573979 	-1.24258942449 	2.58297340047e-21
0.504 	0.0966527196653 	4.226545521e-19 	0.175336343349 	0.000595722945533 	294.325314584 	-6.20259446278 	34.5149671106 	-1.23895697042 	-5.08761768145e-21
0.504 	0.0981171548117 	-7.72017546496e-19 	0.174936696311 	0.000594934667327 	294.043541112 	-6.84611465561 	34.5577312805 	-1.23486114596 	-7.35216182065e-21
0.504 	0.0995815899582 	2.20209876756e-19 	0.174544906865 	0.000594160742152 	293.767148318 	-7.49577145081 	34.6004379952 	-1.23029222751 	1.89153343504e-21
0.504 	0.101046025105 	9.49881340188e-19 	0.174160956486 	0.000593401212387 	293.496125135 	-8.15132407341 	34.6430749709 	-1.22524012075 	-2.28603006353e-21
0.504 	0.102510460251 	-2.01769170158e-18 	0.173784830174 	0.000592656124765 	293.230463522 	-8.81251553514 	34.6856295537 	-1.21969495542 	1.9795209553e-20
0.504 	0.103974895397 	3.29441873509e-19 	0.173416518386 	0.000591925534453 	292.970159746 	-9.47907511515 	34.7280890281 	-1.21364685488 	-3.72293080784e-21
0.504 	0.105439330544 	-1.99803934506e-19 	0.173056010242 	0.000591209492641 	292.715209069 	-10.1507185759 	34.7704407617 	-1.20708600519 	1.03235914377e-20
0.504 	0.10690376569 	1.57921998511e-18 	0.173056010242 	0.000591209492641 	292.715209069 	-10.1507185759 	34.7704407617 	-1.20708600519 	1.03235914377e-20
0.504 	0.108368200837 	4.96359029759e-19 	0.172703283277 	0.000590508027259 	292.465597935 	-10.8271490442 	34.8126721116 	-1.20000263275 	-1.36253675844e-20
0.504 	0.109832635983 	2.56847766514e-19 	0.172358298874 	0.000589821133777 	292.221300668 	-11.5080580006 	34.8547701237 	-1.19238694671 	-2.13083520665e-20
0.504 	0.11129707113 	1.45070228565e-18 	0.172021008189 	0.000589148785483 	291.982284319 	-12.1931247206 	34.8967213061 	-1.18422921317 	8.2500336092e-21
0.504 	0.112761506276 	2.20466018856e-19 	0.17169136321 	0.000588490953654 	291.748517363 	-12.8820155215 	34.9385116961 	-1.17551980578 	1.68548004599e-20
0.504 	0.114225941423 	4.65709469582e-20 	0.171369322048 	0.000587847617553 	291.519973767 	-13.5743833033 	34.9801270932 	-1.16624920403 	-8.82229016265e-21
0.504 	0.115690376569 	-8.36399275345e-19 	0.171369322048 	0.000587847617553 	291.519973767 	-13.5743833033 	34.9801270932 	-1.16624920403 	-8.82229016265e-21
0.504 	0.117154811715 	-1.41506391953e-18 	0.171054844467 	0.00058721875648 	291.296629372 	-14.2698674406 	35.0215532181 	-1.15640792662 	1.23458298143e-20
0.504 	0.118619246862 	-1.33943194042e-19 	0.170747882843 	0.000586604333056 	291.078454797 	-14.9680934741 	35.0627756546 	-1.1459864792 	9.67743333726e-21
0.504 	0.120083682008 	-1.30225221007e-19 	0.170448376716 	0.000586004283021 	290.865411149 	-15.6686719939 	35.1037795645 	-1.13497539702 	-2.36325993734e-21
0.504 	0.121548117155 	-1.21516687367e-18 	0.170156257169 	0.000585418523771 	290.657453188 	-16.3711975386 	35.1445493781 	-1.12336527446 	-2.56650551104e-20
0.504 	0.123012552301 	7.00803537165e-19 	0.170156257169 	0.000585418523771 	290.657453188 	-16.3711975386 	35.1445493781 	-1.12336527446 	-2.56650551104e-20
0.504 	0.124476987448 	-2.22910498146e-19 	0.169871459198 	0.000584846978411 	290.454538483 	-17.0752483235 	35.1850688005 	-1.11114674307 	5.04856911142e-21
0.504 	0.125941422594 	5.5006990469e-19 	0.169593930849 	0.000584289593858 	290.256634094 	-17.7803867143 	35.2253212338 	-1.09831046758 	-7.56218747755e-21
0.504 	0.127405857741 	-1.59670187264e-19 	0.169323629221 	0.0005837463337 	290.063713374 	-18.4861599404 	35.2652902152 	-1.08484714869 	9.81869545138e-21
0.504 	0.128870292887 	7.92733148849e-19 	0.169060507501 	0.0005832171533 	289.875746185 	-19.1921004526 	35.3049594291 	-1.07074751254 	1.11113244897e-20
0.504 	0.130334728033 	-9.36402918003e-19 	0.169060507501 	0.0005832171533 	289.875746185 	-19.1921004526 	35.3049594291 	-1.07074751254 	1.11113244897e-20
0.504 	0.13179916318 	5.46066352304e-19 	0.168804506442 	0.000582701982638 	289.692692786 	-19.8977256359 	35.3443123489 	-1.05600232078 	1.63118407085e-20
0.504 	0.133263598326 	-9.17742884424e-20 	0.168555557081 	0.000582200730395 	289.514506391 	-20.602537208 	35.3833319454 	-1.04060238801 	-1.99463489774e-20
0.504 	0.134728033473 	-3.67327317389e-19 	0.168555557081 	0.000582200730395 	289.514506391 	-20.602537208 	35.3833319454 	-1.04060238801 	-1.99463489774e-20
0.504 	0.136192468619 	-1.42638173624e-18 	0.168313588469 	0.000581713298191 	289.341139343 	-21.3060210345 	35.4220007106 	-1.02453858013 	-4.4450005139e-21
0.504 	0.137656903766 	9.17430464046e-19 	0.16807853133 	0.00058123958787 	289.172545775 	-22.0076478364 	35.4603008188 	-1.00780180694 	-8.12670272691e-21
0.504 	0.139121338912 	7.62012475781e-19 	0.167850316786 	0.000580779499786 	289.008680312 	-22.7068742866 	35.498214188 	-0.990382997697 	2.64858028889e-20
0.504 	0.140585774059 	-1.55175338996e-19 	0.167850316786 	0.000580779499786 	289.008680312 	-22.7068742866 	35.498214188 	-0.990382997697 	2.64858028889e-20
0.504 	0.142050209205 	8.47592092562e-19 	0.167628874709 	0.00058033293015 	288.849496557 	-23.4031430595 	35.5357224386 	-0.972273086556 	-4.74393854486e-20
0.504 	0.143514644351 	-3.02769268439e-19 	0.167414134137 	0.000579899772109 	288.69494728 	-24.095882115 	35.5728068332 	-0.95346301409 	5.33591015304e-20
0.504 	0.144979079498 	-4.07371909703e-19 	0.167414134137 	0.000579899772109 	288.69494728 	-24.095882115 	35.5728068332 	-0.95346301409 	5.33591015304e-20
0.504 	0.146443514644 	3.32499824945e-19 	0.167206024747 	0.000579479918798 	288.544985465 	-24.784503871 	35.6094482183 	-0.933943715373 	4.68752320839e-21
0.504 	0.147907949791 	-3.92250410056e-19 	0.167004478674 	0.000579073266945 	288.399565664 	-25.4684045423 	35.6456269907 	-0.913706112945 	-2.80137075015e-20
0.504 	0.149372384937 	6.87394048612e-19 	0.167004478674 	0.000579073266945 	288.399565664 	-25.4684045423 	35.6456269907 	-0.913706112945 	-2.80137075015e-20
0.504 	0.150836820084 	1.29828809931e-18 	0.166809431903 	0.000578679719511 	288.258645118 	-26.1469640445 	35.6813231192 	-0.892741073193 	2.28261513531e-20
0.504 	0.15230125523 	5.04992147875e-19 	0.166620823744 	0.000578299184537 	288.122183464 	-26.8195461995 	35.7165161675 	-0.871039353982 	-9.36143254773e-21
0.504 	0.153765690377 	1.96861336758e-19 	0.166620823744 	0.000578299184537 	288.122183464 	-26.8195461995 	35.7165161675 	-0.871039353982 	-9.36143254773e-21
0.504 	0.155230125523 	1.10874565421e-18 	0.166438594854 	0.000577931571146 	287.99014133 	-27.4854989471 	35.7511852763 	-0.84859157667 	-3.50528182279e-20
0.504 	0.156694560669 	-1.00867045335e-18 	0.166438594854 	0.000577931571146 	287.99014133 	-27.4854989471 	35.7511852763 	-0.84859157667 	-3.50528182279e-20
0.504 	0.158158995816 	-8.40872484569e-20 	0.166262685745 	0.00057757678654 	287.862479274 	-28.14415422 	35.7853090757 	-0.825388224994 	7.00375208141e-21
0.504 	0.159623430962 	6.49127721212e-19 	0.166093037898 	0.000577234738128 	287.739158659 	-28.7948274521 	35.8188656465 	-0.801419651047 	-1.17064739952e-21
0.504 	0.161087866109 	-5.06182586969e-19 	0.166093037898 	0.000577234738128 	287.739158659 	-28.7948274521 	35.8188656465 	-0.801419651047 	-1.17064739952e-21
0.504 	0.162552301255 	8.51939445547e-19 	0.16592959608 	0.000576905338007 	287.62014346 	-29.4368171132 	35.8518326648 	-0.776676061941 	2.64459470508e-20
0.504 	0.164016736402 	-3.96627869233e-19 	0.165772307858 	0.000576588501984 	287.505399931 	-30.0694041174 	35.8841875934 	-0.751147522793 	-3.64378776004e-20
0.504 	0.165481171548 	7.55235565039e-19 	0.165772307858 	0.000576588501984 	287.505399931 	-30.0694041174 	35.8841875934 	-0.751147522793 	-3.64378776004e-20
0.504 	0.166945606695 	-4.211210498e-19 	0.165621120485 	0.000576284143538 	287.394894242 	-30.691851357 	35.9159076516 	-0.724823954454 	-9.9272342671e-21
0.504 	0.168410041841 	-2.98619675112e-19 	0.165621120485 	0.000576284143538 	287.394894242 	-30.691851357 	35.9159076516 	-0.724823954454 	-9.9272342671e-21
0.504 	0.169874476987 	-1.47720054262e-18 	0.165475979958 	0.000575992172261 	287.288591628 	-31.3034034304 	35.9469695781 	-0.697695087757 	2.60736849119e-20
0.504 	0.171338912134 	-6.31467595799e-19 	0.165336833829 	0.00057571249997 	287.186458236 	-31.9032859892 	35.9773494572 	-0.669750422325 	-1.16196605536e-20
0.504 	0.17280334728 	-5.01504813731e-19 	0.165336833829 	0.00057571249997 	287.186458236 	-31.9032859892 	35.9773494572 	-0.669750422325 	-1.16196605536e-20
0.504 	0.174267782427 	-1.19037601387e-19 	0.165203634432 	0.000575445047078 	287.088463565 	-32.4907051537 	36.0070227383 	-0.640979214616 	1.67015162303e-20
0.504 	0.175732217573 	-3.79379913331e-19 	0.165203634432 	0.000575445047078 	287.088463565 	-32.4907051537 	36.0070227383 	-0.640979214616 	1.67015162303e-20
0.504 	0.17719665272 	1.25406166894e-19 	0.165076339939 	0.00057518976067 	286.994573316 	-33.0648477231 	36.0359642934 	-0.611370400254 	-2.38607100454e-20
0.504 	0.178661087866 	3.23033414051e-19 	0.165076339939 	0.00057518976067 	286.994573316 	-33.0648477231 	36.0359642934 	-0.611370400254 	-2.38607100454e-20
0.504 	0.180125523013 	7.7408322258e-19 	0.16495491376 	0.000574946584876 	286.904763154 	-33.6248805439 	36.0641483802 	-0.580912530629 	1.77588741545e-20
0.504 	0.181589958159 	-9.04917590763e-19 	0.16495491376 	0.000574946584876 	286.904763154 	-33.6248805439 	36.0641483802 	-0.580912530629 	1.77588741545e-20
0.504 	0.183054393305 	-2.27734656746e-19 	0.164839324829 	0.000574715472713 	286.819013331 	-34.169949092 	36.0915485815 	-0.549593792802 	1.36305913497e-20
0.504 	0.184518828452 	-5.89925093626e-19 	0.164729548317 	0.000574496388504 	286.737308735 	-34.6991766169 	36.1181377583 	-0.517401966622 	2.78594647226e-20
0.504 	0.185983263598 	-7.33321572052e-19 	0.164729548317 	0.000574496388504 	286.737308735 	-34.6991766169 	36.1181377583 	-0.517401966622 	2.78594647226e-20
0.504 	0.187447698745 	3.69203369192e-19 	0.16462556636 	0.00057428930954 	286.659639359 	-35.2116633303 	36.1438880108 	-0.484324305017 	-1.924432383e-20
0.504 	0.188912133891 	-6.0038966426e-19 	0.16462556636 	0.00057428930954 	286.659639359 	-35.2116633303 	36.1438880108 	-0.484324305017 	-1.924432383e-20
0.504 	0.190376569038 	-7.88977809201e-19 	0.164527368234 	0.000574094226543 	286.586000394 	-35.706484975 	36.1687706652 	-0.450347509427 	2.45997868409e-20
0.504 	0.191841004184 	1.06219500268e-18 	0.164527368234 	0.000574094226543 	286.586000394 	-35.706484975 	36.1687706652 	-0.450347509427 	2.45997868409e-20
0.504 	0.193305439331 	2.73893145279e-20 	0.164434950169 	0.000573911143336 	286.51639209 	-36.1826920829 	36.1927562548 	-0.415457715899 	-6.91387279305e-20
0.504 	0.194769874477 	-2.17396310445e-20 	0.164434950169 	0.000573911143336 	286.51639209 	-36.1826920829 	36.1927562548 	-0.415457715899 	-6.91387279305e-20
0.504 	0.196234309623 	7.8008206615e-19 	0.164348315756 	0.000573740077663 	286.450820075 	-36.6393097867 	36.2158144974 	-0.379640457533 	8.19276406102e-20
0.504 	0.19769874477 	-4.95580799578e-19 	0.164348315756 	0.000573740077663 	286.450820075 	-36.6393097867 	36.2158144974 	-0.379640457533 	8.19276406102e-20
0.504 	0.199163179916 	4.19668644673e-19 	0.16426747675 	0.000573581062789 	286.389295964 	-37.07533444 	36.2379142582 	-0.342880572973 	-1.0303949812e-19
0.504 	0.200627615063 	2.22350061876e-20 	0.16426747675 	0.000573581062789 	286.389295964 	-37.07533444 	36.2379142582 	-0.342880572973 	-1.0303949812e-19
0.504 	0.202092050209 	9.23808232995e-19 	0.164192453525 	0.00057343414847 	286.331837689 	-37.489727808 	36.2590233802 	-0.305161892274 	6.57750017348e-20
0.504 	0.203556485356 	4.21410584518e-19 	0.164192453525 	0.00057343414847 	286.331837689 	-37.489727808 	36.2590233802 	-0.305161892274 	6.57750017348e-20
0.504 	0.205020920502 	-1.18691835926e-19 	0.164123277109 	0.000573299404998 	286.278471036 	-37.8814292972 	36.2791087039 	-0.266467779148 	-4.13707368944e-20
0.504 	0.206485355649 	1.11820684516e-18 	0.164123277109 	0.000573299404998 	286.278471036 	-37.8814292972 	36.2791087039 	-0.266467779148 	-4.13707368944e-20
0.504 	0.207949790795 	-3.48536100852e-19 	0.16405999197 	0.000573176928697 	286.229231771 	-38.2493446087 	36.2981358021 	-0.226780636167 	8.74841628579e-20
0.504 	0.209414225941 	6.2069030164e-19 	0.16405999197 	0.000573176928697 	286.229231771 	-38.2493446087 	36.2981358021 	-0.226780636167 	8.74841628579e-20
0.504 	0.210878661088 	5.29248557575e-19 	0.164002657047 	0.000573066843911 	286.184166455 	-38.5923343737 	36.3160689076 	-0.186081481282 	-1.20082506143e-20
0.504 	0.212343096234 	-1.3027620359e-20 	0.164002657047 	0.000573066843911 	286.184166455 	-38.5923343737 	36.3160689076 	-0.186081481282 	-1.20082506143e-20
0.504 	0.213807531381 	-1.3072241394e-19 	0.163951346279 	0.000572969304168 	286.143332786 	-38.9092229943 	36.3328713682 	-0.144350395391 	-4.09657330809e-20
0.504 	0.215271966527 	-3.49334568704e-19 	0.163951346279 	0.000572969304168 	286.143332786 	-38.9092229943 	36.3328713682 	-0.144350395391 	-4.09657330809e-20
0.504 	0.216736401674 	1.0716763881e-18 	0.163906146422 	0.000572884488187 	286.106797796 	-39.1988004017 	36.34850587 	-0.101566298793 	-5.44902499681e-20
0.504 	0.21820083682 	7.73967022491e-19 	0.163906146422 	0.000572884488187 	286.106797796 	-39.1988004017 	36.34850587 	-0.101566298793 	-5.44902499681e-20
0.504 	0.219665271967 	-1.5909798591e-19 	0.163867155483 	0.000572812596961 	286.074636543 	-39.4598174891 	36.3629339387 	-0.057706855225 	1.13221653773e-20
0.504 	0.221129707113 	2.7117193735e-19 	0.163867155483 	0.000572812596961 	286.074636543 	-39.4598174891 	36.3629339387 	-0.057706855225 	1.13221653773e-20
0.504 	0.222594142259 	6.03359346748e-20 	0.163834486277 	0.000572753860396 	286.046935002 	-39.6909788097 	36.3761151889 	-0.0127482475376 	7.20089405598e-20
0.504 	0.224058577406 	-5.38740958971e-19 	0.163834486277 	0.000572753860396 	286.046935002 	-39.6909788097 	36.3761151889 	-0.0127482475376 	7.20089405598e-20
0.504 	0.225523012552 	-1.02211548042e-18 	0.163834486277 	0.000572753860396 	286.046935002 	-39.6909788097 	36.3761151889 	-0.0127482475376 	7.20089405598e-20
0.504 	0.226987447699 	1.57483848138e-18 	0.163808272552 	0.000572708548882 	286.02379495 	-39.8909355919 	36.3880072935 	0.0333347263108 	-9.98723883504e-20
0.504 	0.228451882845 	3.00178402818e-19 	0.163808272552 	0.000572708548882 	286.02379495 	-39.8909355919 	36.3880072935 	0.0333347263108 	-9.98723883504e-20
0.504 	0.229916317992 	1.12702321005e-19 	0.163788668889 	0.000572676972493 	286.005334169 	-40.0582836861 	36.3985665133 	0.0805688367268 	2.89662820444e-20
0.504 	0.231380753138 	-1.10082211869e-19 	0.163788668889 	0.000572676972493 	286.005334169 	-40.0582836861 	36.3985665133 	0.0805688367268 	2.89662820444e-20
0.504 	0.232845188285 	-5.91893478249e-20 	0.163775845029 	0.000572659468879 	285.991682542 	-40.191572055 	36.407748148 	0.128982560109 	7.00918694504e-20
0.504 	0.234309623431 	1.08562825366e-20 	0.163775845029 	0.000572659468879 	285.991682542 	-40.191572055 	36.407748148 	0.128982560109 	7.00918694504e-20
0.504 	0.235774058577 	-4.60617441682e-19 	0.163769986126 	0.000572656403717 	285.982982226 	-40.2892967914 	36.4155060823 	0.178606552837 	-3.24576595441e-20
0.504 	0.237238493724 	-5.67562567927e-20 	0.163769986126 	0.000572656403717 	285.982982226 	-40.2892967914 	36.4155060823 	0.178606552837 	-3.24576595441e-20
0.504 	0.23870292887 	-9.96703292295e-19 	0.163769986126 	0.000572656403717 	285.982982226 	-40.2892967914 	36.4155060823 	0.178606552837 	-3.24576595441e-20
0.504 	0.240167364017 	1.39069726645e-19 	0.163771314759 	0.000572668213909 	285.979404446 	-40.3498889778 	36.4217917178 	0.229472597541 	5.73567502548e-20
0.504 	0.241631799163 	9.59584893727e-19 	0.163771314759 	0.000572668213909 	285.979404446 	-40.3498889778 	36.4217917178 	0.229472597541 	5.73567502548e-20
0.504 	0.24309623431 	7.14600808603e-19 	0.163780113042 	0.000572695450458 	285.981166623 	-40.3717066093 	36.4265527186 	0.281615018517 	-1.05510418029e-20
0.504 	0.244560669456 	-8.24874179862e-19 	0.163780113042 	0.000572695450458 	285.981166623 	-40.3717066093 	36.4265527186 	0.281615018517 	-1.05510418029e-20
0.504 	0.246025104603 	1.65083934525e-18 	0.163780113042 	0.000572695450458 	285.981166623 	-40.3717066093 	36.4265527186 	0.281615018517 	-1.05510418029e-20
0.504 	0.247489539749 	1.25423509533e-19 	0.163796712856 	0.000572738757358 	285.988525749 	-40.3530495793 	36.4297336048 	0.335072172541 	-5.37535261494e-20
0.504 	0.248953974895 	-3.4315025003e-19 	0.163796712856 	0.000572738757358 	285.988525749 	-40.3530495793 	36.4297336048 	0.335072172541 	-5.37535261494e-20
0.504 	0.250418410042 	7.39490196703e-19 	0.163821437474 	0.000572798752981 	286.001735551 	-40.2921368917 	36.4312811538 	0.389885516796 	-1.10752676211e-20
0.504 	0.251882845188 	-4.18441276471e-19 	0.163821437474 	0.000572798752981 	286.001735551 	-40.2921368917 	36.4312811538 	0.389885516796 	-1.10752676211e-20
0.504 	0.253347280335 	2.4390193119e-20 	0.16385457699 	0.000572875978042 	286.021029456 	-40.1871019035 	36.4311470457 	0.446097634654 	5.03848395854e-20
0.504 	0.254811715481 	2.21419615967e-19 	0.16385457699 	0.000572875978042 	286.021029456 	-40.1871019035 	36.4311470457 	0.446097634654 	5.03848395854e-20
0.504 	0.256276150628 	1.00566297628e-19 	0.16385457699 	0.000572875978042 	286.021029456 	-40.1871019035 	36.4311470457 	0.446097634654 	5.03848395854e-20
0.504 	0.257740585774 	9.2633676879e-19 	0.163896464949 	0.000572971043097 	286.046680584 	-40.0359840021 	36.4292779387 	0.503751341188 	-9.24663994292e-20
0.504 	0.259205020921 	-5.86021699353e-19 	0.163896464949 	0.000572971043097 	286.046680584 	-40.0359840021 	36.4292779387 	0.503751341188 	-9.24663994292e-20
0.504 	0.260669456067 	3.36342386027e-19 	0.163947533649 	0.000573084729387 	286.079047725 	-39.8367168826 	36.4256104418 	0.562893009733 	6.47995695436e-20
0.504 	0.262133891213 	3.23574333637e-19 	0.163947533649 	0.000573084729387 	286.079047725 	-39.8367168826 	36.4256104418 	0.562893009733 	6.47995695436e-20
0.504 	0.26359832636 	2.77857173018e-19 	0.163947533649 	0.000573084729387 	286.079047725 	-39.8367168826 	36.4256104418 	0.562893009733 	6.47995695436e-20
0.504 	0.265062761506 	2.34895182934e-19 	0.164008226788 	0.000573217804891 	286.118514444 	-39.5871007262 	36.4200786921 	0.623581287424 	2.64018015186e-20
0.504 	0.266527196653 	1.12209426158e-18 	0.164008226788 	0.000573217804891 	286.118514444 	-39.5871007262 	36.4200786921 	0.623581287424 	2.64018015186e-20
0.504 	0.267991631799 	7.99661699258e-19 	0.164008226788 	0.000573217804891 	286.118514444 	-39.5871007262 	36.4200786921 	0.623581287424 	2.64018015186e-20
0.504 	0.269456066946 	-2.96119746195e-19 	0.164079230502 	0.000573371453647 	286.165677517 	-39.2852269817 	36.4126137613 	0.685830295873 	2.30983895342e-20
0.504 	0.270920502092 	-8.35339401988e-19 	0.164079230502 	0.000573371453647 	286.165677517 	-39.2852269817 	36.4126137613 	0.685830295873 	2.30983895342e-20
0.504 	0.272384937238 	7.08368216361e-19 	0.164161670292 	0.000573547626106 	286.221514692 	-38.928064623 	36.4031358242 	0.74971397091 	-3.71237696645e-20
0.504 	0.273849372385 	-5.43053110403e-20 	0.164161670292 	0.000573547626106 	286.221514692 	-38.928064623 	36.4031358242 	0.74971397091 	-3.71237696645e-20
0.504 	0.275313807531 	9.04196989061e-20 	0.164161670292 	0.000573547626106 	286.221514692 	-38.928064623 	36.4031358242 	0.74971397091 	-3.71237696645e-20
0.504 	0.276778242678 	6.00684670458e-19 	0.164251336485 	0.000573737829965 	286.282911648 	-38.5097592951 	36.3915589278 	0.815929321522 	-1.1893113068e-20
0.504 	0.278242677824 	-7.76268617516e-19 	0.164251336485 	0.000573737829965 	286.282911648 	-38.5097592951 	36.3915589278 	0.815929321522 	-1.1893113068e-20
0.504 	0.279707112971 	1.34170669826e-18 	0.164374231288 	0.000573991858287 	286.370318523 	-38.0581465012 	36.3778731041 	0.880572217663 	-6.39693765187e-20
0.504 	0.281171548117 	6.89254709363e-20 	0.164374231288 	0.000573991858287 	286.370318523 	-38.0581465012 	36.3778731041 	0.880572217663 	-6.39693765187e-20
0.504 	0.282635983264 	-5.90615623125e-19 	0.164374231288 	0.000573991858287 	286.370318523 	-38.0581465012 	36.3778731041 	0.880572217663 	-6.39693765187e-20
0.504 	0.28410041841 	-1.60024030355e-19 	0.164449490686 	0.00057415217212 	286.421437854 	-37.4417196924 	36.3614707777 	0.958484662571 	2.04922126871e-20
0.504 	0.285564853556 	6.78763217021e-19 	0.164449490686 	0.00057415217212 	286.421437854 	-37.4417196924 	36.3614707777 	0.958484662571 	2.04922126871e-20
0.504 	0.287029288703 	-1.63330909276e-18 	0.164449490686 	0.00057415217212 	286.421437854 	-37.4417196924 	36.3614707777 	0.958484662571 	2.04922126871e-20
0.504 	0.288493723849 	1.21951896505e-18 	0.164683810923 	0.000574616924212 	286.597564367 	-37.0353164864 	36.3437614977 	1.009769352 	5.25514260311e-20
0.504 	0.289958158996 	3.55166169254e-19 	0.164683810923 	0.000574616924212 	286.597564367 	-37.0353164864 	36.3437614977 	1.009769352 	5.25514260311e-20
0.504 	0.291422594142 	-8.16624091799e-19 	0.164683810923 	0.000574616924212 	286.597564367 	-37.0353164864 	36.3437614977 	1.009769352 	5.25514260311e-20
0.504 	0.292887029289 	1.34689196671e-18 	0.164593077973 	0.000574444910006 	286.525435436 	-36.0124756631 	36.3210857626 	1.11702253048 	-4.16749074646e-20
0.504 	0.294351464435 	-2.26772765796e-19 	0.164593077973 	0.000574444910006 	286.525435436 	-36.0124756631 	36.3210857626 	1.11702253048 	-4.16749074646e-20
0.504 	0.295815899582 	7.24401416908e-19 	0.164593077973 	0.000574444910006 	286.525435436 	-36.0124756631 	36.3210857626 	1.11702253048 	-4.16749074646e-20
0.504 	0.297280334728 	1.26765196146e-19 	0.164704749045 	0.000574647299602 	286.618851527 	-35.6797347969 	36.2982762373 	1.15083652876 	-4.68720330947e-21
0.504 	0.298744769874 	2.91577148854e-19 	0.164704749045 	0.000574647299602 	286.618851527 	-35.6797347969 	36.2982762373 	1.15083652876 	-4.68720330947e-21
0.504 	0.300209205021 	9.93927401035e-19 	0.164037361417 	0.000573317134797 	286.119760707 	-34.5937073415 	36.2721364803 	1.26598364749 	-2.29518687483e-20
0.504 	0.301673640167 	-8.36163671785e-19 	0.164037361417 	0.000573317134797 	286.119760707 	-34.5937073415 	36.2721364803 	1.26598364749 	-2.29518687483e-20
0.504 	0.303138075314 	-2.71277149355e-19 	0.164037361417 	0.000573317134797 	286.119760707 	-34.5937073415 	36.2721364803 	1.26598364749 	-2.29518687483e-20
0.504 	0.30460251046 	-7.21204850497e-20 	0.164001220119 	0.000573164348734 	286.132974741 	-33.8529713152 	36.2409583502 	1.3144443321 	7.92449622544e-20
0.504 	0.306066945607 	3.67806590878e-20 	0.164001220119 	0.000573164348734 	286.132974741 	-33.8529713152 	36.2409583502 	1.3144443321 	7.92449622544e-20
0.504 	0.307531380753 	7.12693638413e-19 	0.164001220119 	0.000573164348734 	286.132974741 	-33.8529713152 	36.2409583502 	1.3144443321 	7.92449622544e-20
0.504 	0.3089958159 	7.90490576203e-19 	0.163677893197 	0.000572386803255 	285.956790523 	-32.6922611881 	36.2160713651 	1.43090350522 	-5.23014573403e-20
0.504 	0.310460251046 	-2.9009246094e-19 	0.163677893197 	0.000572386803255 	285.956790523 	-32.6922611881 	36.2160713651 	1.43090350522 	-5.23014573403e-20
0.504 	0.311924686192 	-1.04602066199e-19 	0.163677893197 	0.000572386803255 	285.956790523 	-32.6922611881 	36.2160713651 	1.43090350522 	-5.23014573403e-20
0.504 	0.313389121339 	1.35403697733e-19 	0.16358456191 	0.000571907830848 	286.033086254 	-31.7242687343 	36.1720999386 	1.48380117825 	-1.23044199818e-20
0.504 	0.314853556485 	-8.19855963432e-20 	0.16358456191 	0.000571907830848 	286.033086254 	-31.7242687343 	36.1720999386 	1.48380117825 	-1.23044199818e-20
0.504 	0.316317991632 	-1.38500081942e-19 	0.16358456191 	0.000571907830848 	286.033086254 	-31.7242687343 	36.1720999386 	1.48380117825 	-1.23044199818e-20
0.504 	0.317782426778 	4.94574673456e-19 	0.163556357135 	0.000571221955949 	286.327154326 	-30.6609154143 	36.1668379457 	1.59614094153 	2.9635669874e-20
0.504 	0.319246861925 	-7.09257781819e-19 	0.163556357135 	0.000571221955949 	286.327154326 	-30.6609154143 	36.1668379457 	1.59614094153 	2.9635669874e-20
0.504 	0.320711297071 	3.7740224245e-21 	0.163556357135 	0.000571221955949 	286.327154326 	-30.6609154143 	36.1668379457 	1.59614094153 	2.9635669874e-20
0.504 	0.322175732218 	-1.15802391375e-18 	0.164302069146 	0.00057124952534 	287.618740775 	-29.2090073536 	36.0405884376 	1.66860838228 	2.85310366616e-20
0.504 	0.323640167364 	3.08816641965e-19 	0.164302069146 	0.00057124952534 	287.618740775 	-29.2090073536 	36.0405884376 	1.66860838228 	2.85310366616e-20
0.504 	0.32510460251 	5.30316132712e-19 	0.164302069146 	0.00057124952534 	287.618740775 	-29.2090073536 	36.0405884376 	1.66860838228 	2.85310366616e-20
0.504 	0.326569037657 	4.72436908461e-19 	0.163433449779 	0.000567127825978 	288.17744835 	-28.2213842153 	35.9010037614 	1.77835766308 	-1.10729424603e-20
0.504 	0.328033472803 	-3.58361708222e-19 	0.163433449779 	0.000567127825978 	288.17744835 	-28.2213842153 	35.9010037614 	1.77835766308 	-1.10729424603e-20
0.504 	0.32949790795 	2.52771132344e-19 	0.163433449779 	0.000567127825978 	288.17744835 	-28.2213842153 	35.9010037614 	1.77835766308 	-1.10729424603e-20
0.504 	0.330962343096 	1.23988189353e-19 	0.163433449779 	0.000567127825978 	288.17744835 	-28.2213842153 	35.9010037614 	1.77835766308 	-1.10729424603e-20
0.504 	0.332426778243 	4.46472210986e-19 	0.163391487475 	0.000564718154402 	289.332804694 	-26.3199471818 	35.9749590088 	1.86623689717 	-1.34440778894e-20
0.504 	0.333891213389 	2.98641116764e-19 	0.163391487475 	0.000564718154402 	289.332804694 	-26.3199471818 	35.9749590088 	1.86623689717 	-1.34440778894e-20
0.504 	0.335355648536 	7.79722453555e-19 	0.163391487475 	0.000564718154402 	289.332804694 	-26.3199471818 	35.9749590088 	1.86623689717 	-1.34440778894e-20
0.504 	0.336820083682 	-4.68505828622e-19 	0.163668594918 	0.000565210696727 	289.570943836 	-25.5817147361 	35.9121067358 	1.95136488872 	-3.49823394731e-21
0.504 	0.338284518828 	5.52933839158e-19 	0.163668594918 	0.000565210696727 	289.570943836 	-25.5817147361 	35.9121067358 	1.95136488872 	-3.49823394731e-21
0.504 	0.339748953975 	-1.42571452446e-19 	0.163668594918 	0.000565210696727 	289.570943836 	-25.5817147361 	35.9121067358 	1.95136488872 	-3.49823394731e-21
0.504 	0.341213389121 	-8.91481456376e-20 	0.163641944014 	0.000565130225518 	289.565018159 	-22.699218952 	35.8186856261 	2.09114779883 	1.21096149002e-20
0.504 	0.342677824268 	-4.02856147627e-19 	0.163641944014 	0.000565130225518 	289.565018159 	-22.699218952 	35.8186856261 	2.09114779883 	1.21096149002e-20
0.504 	0.344142259414 	-2.47197727678e-19 	0.163641944014 	0.000565130225518 	289.565018159 	-22.699218952 	35.8186856261 	2.09114779883 	1.21096149002e-20
