0.462 	0 	0 	3.42138952478 	3.60825530842e-05 	94821.1596003 	91.9168759779 	10.4261415369 	-0.0228153094409 	-4.98836807511e-22
0.462 	0.00146443514644 	-6.30847308581e-19 	12.8615702619 	0.00188325922059 	6829.42110212 	89.2090940893 	15.4635250511 	-0.263538514489 	4.54771370611e-22
0.462 	0.00292887029289 	2.61930474396e-18 	16.7524715352 	0.00350091653999 	4785.16735371 	88.2480625014 	17.1892734115 	-0.542593888198 	2.15372812067e-22
0.462 	0.00439330543933 	2.56917238513e-18 	18.809422902 	0.00422926618876 	4447.44361373 	87.3805795592 	18.9096650542 	-0.833041761003 	-3.7799399661e-21
0.462 	0.00585774058577 	2.45667734787e-18 	19.2328409737 	0.00434393478697 	4427.51604636 	86.6394711596 	20.4346229977 	-1.06708332258 	-1.3996291043e-20
0.462 	0.00732217573222 	-3.83086277686e-21 	18.4056995526 	0.00417684137973 	4406.60726115 	85.7533085006 	22.1316394199 	-1.29693359377 	5.40781046062e-21
0.462 	0.00878661087866 	3.33219031593e-18 	16.1732072397 	0.0035758670916 	4269.0695872 	84.7367516361 	24.0160717759 	-1.51576628925 	2.05805572963e-20
0.462 	0.0102510460251 	3.25199632622e-18 	12.4126656253 	0.00275518526065 	3899.49726276 	83.436277016 	26.1407148192 	-1.71241712497 	-3.59011222577e-21
0.462 	0.0117154811715 	5.6618299722e-18 	8.28036276171 	0.00233820570761 	3366.73273362 	81.6489350943 	28.1307416469 	-1.88565661749 	9.19166401117e-21
0.462 	0.013179916318 	9.95851807346e-19 	5.65763928962 	0.00194737473205 	2905.26481448 	80.0487898733 	29.3390496478 	-1.99452085007 	6.71943757564e-21
0.462 	0.0146443514644 	-1.75244821478e-18 	3.5252232357 	0.00149254383186 	2361.88925273 	78.2346003115 	30.3549945613 	-2.09079832167 	8.25955517359e-21
0.462 	0.0161087866109 	1.7726599577e-18 	2.06019745197 	0.00115652474889 	1781.36910078 	76.2167904501 	31.1308358525 	-2.17300509898 	2.18293899438e-20
0.462 	0.0175732217573 	2.52623152089e-18 	1.08543411548 	0.000913986751569 	1187.58189177 	73.2595665186 	31.8206594115 	-2.26356244296 	1.045480923e-20
0.462 	0.0190376569038 	1.02410160479e-18 	0.845320620939 	0.000838249519833 	1008.4355564 	71.6852263729 	32.0736567974 	-2.30282810324 	-2.51844045021e-20
0.462 	0.0205020920502 	2.51892679672e-20 	0.610247216394 	0.000732277642765 	833.354974611 	69.2183774269 	32.3843365181 	-2.35539326845 	-2.18396592788e-20
0.462 	0.0219665271967 	-2.06584073662e-18 	0.444427938249 	0.000622929549519 	713.448155721 	66.6349665946 	32.6241514968 	-2.40025667372 	-4.68123749771e-20
0.462 	0.0234309623431 	-1.10204117223e-19 	0.318614415172 	0.00051477392052 	618.940475559 	63.9459680929 	32.7972444329 	-2.43737442727 	-7.31282327413e-21
0.462 	0.0248953974895 	3.47580873346e-19 	0.252828769854 	0.000447529716685 	564.942975691 	62.1002687633 	32.8814098557 	-2.45826672156 	-6.49431109176e-20
0.462 	0.026359832636 	-2.38505195603e-19 	0.199819723996 	0.000386578672314 	516.892778384 	60.2156580798 	32.9484430425 	-2.47674130763 	-2.40362374289e-20
0.462 	0.0278242677824 	-3.80756450668e-19 	0.141028573888 	0.000309873280519 	455.1169228 	57.320512125 	33.0338910053 	-2.50134851423 	3.99577933881e-20
0.462 	0.0292887029289 	5.88350310465e-19 	0.113448027599 	0.000269729459474 	420.599321336 	55.3469166946 	33.0893934529 	-2.51636980195 	-2.94935454312e-20
0.462 	0.0307531380753 	-9.1637074728e-20 	0.0934417374499 	0.000238794231419 	391.306510608 	53.3395378505 	33.1469013184 	-2.53049068245 	-1.43784000743e-20
0.462 	0.0322175732218 	-1.06594937741e-18 	0.0745559035681 	0.000209089606419 	356.573934233 	50.2667924799 	33.2370851899 	-2.54985533794 	6.4166797083e-20
0.462 	0.0336820083682 	-9.64885327716e-19 	0.0674330900267 	0.000199065533608 	338.748194148 	48.1784551846 	33.2988699224 	-2.56138477595 	3.23587736688e-21
0.462 	0.0351464435146 	-9.12407405685e-19 	0.063278188213 	0.000195153239392 	324.248720698 	46.0594146099 	33.3614432851 	-2.57170230619 	4.76811494161e-20
0.462 	0.0366108786611 	-1.07777770476e-19 	0.0610955514801 	0.000195704520141 	312.182628363 	43.9107496626 	33.4246786188 	-2.58074938625 	9.96218165654e-21
0.462 	0.0380753138075 	5.95225774055e-19 	0.0601183972826 	0.000199242579682 	301.734686323 	41.7335761221 	33.4886044875 	-2.58848293663 	3.99302809434e-20
0.462 	0.039539748954 	1.42062459778e-19 	0.0599039603718 	0.00020176029384 	296.906587672 	40.634655334 	33.5208476899 	-2.59184517628 	-3.3677468976e-20
0.462 	0.0410041841004 	-1.66430836168e-18 	0.0597740635703 	0.000207748767682 	287.722830981 	38.4168765448 	33.5859255521 	-2.59753647369 	1.62767152603e-20
0.462 	0.0424686192469 	-4.22487493788e-18 	0.0598216220257 	0.000214513089403 	278.871663226 	36.1735181678 	33.6517873493 	-2.60181515128 	8.52209367207e-21
0.462 	0.0439330543933 	1.79719805098e-18 	0.0598792222679 	0.000221670711507 	270.126900666 	33.9058279155 	33.7183629164 	-2.60463484483 	3.71585099598e-21
0.462 	0.0453974895397 	3.33820960472e-19 	0.0598584077241 	0.000229008075139 	261.381209757 	31.6151113893 	33.7855400729 	-2.60594703519 	-4.91491563999e-21
0.462 	0.0468619246862 	-2.31538042412e-18 	0.059805495952 	0.000232707310795 	256.998784214 	30.4615425566 	33.8193232653 	-2.60602340644 	1.4311873999e-20
0.462 	0.0483263598326 	-1.09044903632e-18 	0.059607045136 	0.000240128764457 	248.229508326 	28.138861437 	33.8872478279 	-2.60499122307 	-2.10674397538e-21
0.462 	0.0497907949791 	-5.01392427765e-19 	0.0592895176806 	0.000247555359281 	239.500036892 	25.7966580997 	33.9556440415 	-2.6023488714 	-7.72374150259e-21
0.462 	0.0512552301255 	7.91459084839e-20 	0.0590904056704 	0.000251265119596 	235.171542176 	24.6186955368 	33.9900198961 	-2.60041297194 	1.75466859759e-20
0.462 	0.052719665272 	-2.79180548513e-19 	0.0586231819736 	0.000258670857214 	226.632341212 	22.2499890423 	34.0591194366 	-2.59528955281 	1.49895848599e-20
0.462 	0.0541841004184 	-7.04805579929e-19 	0.0583601166061 	0.000262364632671 	222.438962188 	21.0596285545 	34.0938352042 	-2.59209294312 	-1.26498362043e-20
0.462 	0.0556485355649 	-4.35983499559e-19 	0.0577874987364 	0.000269728634243 	214.243099916 	18.6678704071 	34.1635716925 	-2.58440710569 	-6.20666071607e-21
0.462 	0.0571129707113 	-6.66044727066e-19 	0.0574825638603 	0.000273396585106 	210.253408389 	17.4668711295 	34.198580676 	-2.57990886763 	5.74318730776e-21
0.462 	0.0585774058577 	-3.95226851064e-19 	0.0568456415499 	0.000280698068662 	202.515257126 	15.0556463364 	34.268851382 	-2.5695797257 	2.6103021056e-20
0.462 	0.0600418410042 	7.85226602621e-19 	0.0565171361987 	0.000284328730157 	198.773919778 	13.8458335784 	34.3041022695 	-2.56374024173 	-4.06215515862e-21
0.462 	0.0615062761506 	-4.13960216984e-19 	0.0561839298584 	0.000287943821286 	195.121151089 	12.6334995778 	34.3394233108 	-2.55744521599 	-1.64589008672e-20
0.462 	0.0629707112971 	-2.55008882036e-18 	0.0555083405099 	0.000295119462704 	188.087698457 	10.2021184265 	34.4102553666 	-2.54347203931 	-1.07417353983e-20
0.462 	0.0644351464435 	1.30934057231e-18 	0.0551680421319 	0.00029867549574 	184.708966483 	8.98350217976 	34.4457558365 	-2.53578572801 	-1.43030535819e-21
0.462 	0.06589958159 	3.00634146892e-19 	0.0548272446943 	0.000302206911345 	181.42286836 	7.76322650489 	34.4813054632 	-2.52762756138 	2.8079699084e-21
0.462 	0.0673640167364 	-5.55456164653e-19 	0.0541469567518 	0.00030918406694 	175.128548142 	5.31858347848 	34.5525310726 	-2.50987983392 	-4.60082847747e-21
0.462 	0.0688284518828 	-4.66582168057e-19 	0.0538085907608 	0.000312623207985 	172.119629594 	4.09466505997 	34.5881965914 	-2.50028247505 	7.37451673386e-22
0.462 	0.0702928870293 	6.36098492631e-19 	0.0534719823386 	0.00031602447798 	169.202027262 	2.86998510874 	34.6238900957 	-2.49019764195 	-8.28638315145e-22
0.462 	0.0717573221757 	1.93009760581e-18 	0.0531374371556 	0.000319383743961 	166.374895906 	1.64477383171 	34.6596058028 	-2.47962149047 	-3.18995654634e-22
0.462 	0.0732217573222 	1.20520421341e-18 	0.0524753374588 	0.000325957745946 	160.988159083 	-0.806309935527 	34.7310779929 	-2.45697981755 	3.45708346058e-22
0.462 	0.0746861924686 	1.92983435646e-18 	0.0521480110683 	0.000329162237412 	158.426469204 	-2.03170981184 	34.7668203239 	-2.44490658225 	-1.41488914844e-22
0.462 	0.0761506276151 	1.47821398718e-18 	0.0518232283433 	0.000332304247882 	155.951146197 	-3.25669565229 	34.802556976 	-2.43232663414 	-5.39976486306e-22
0.462 	0.0776150627615 	2.17742673138e-18 	0.051500979835 	0.000335377681922 	153.561141993 	-4.48102465414 	34.838280624 	-2.41923618215 	-2.52229722088e-21
0.462 	0.0790794979079 	2.05877593128e-19 	0.0511812167994 	0.000338376042719 	151.255438737 	-5.70445132494 	34.8739841286 	-2.40563147649 	2.37551620015e-21
0.462 	0.0805439330544 	1.4052456718e-18 	0.0508638539902 	0.000341292415886 	149.033062625 	-6.92672746825 	34.9096605409 	-2.39150880727 	2.47261832661e-21
0.462 	0.0820083682008 	6.04343656516e-19 	0.0505487735973 	0.000344119424155 	146.893113405 	-8.14760211679 	34.945303081 	-2.37686450306 	-1.04712496735e-20
0.462 	0.0834728033473 	8.82222310112e-19 	0.0502358304378 	0.000346849138218 	144.834814052 	-9.3668215139 	34.980905111 	-2.36169492685 	2.85218391983e-20
0.462 	0.0849372384937 	3.89341945552e-19 	0.049924856596 	0.000349472960378 	142.857566268 	-10.5841290411 	35.0164601054 	-2.34599647042 	-2.90944162718e-20
0.462 	0.0864016736402 	-1.96167867042e-19 	0.0493080438053 	0.000354364489122 	139.144991439 	-13.0119674828 	35.0874037361 	-2.31299864423 	-2.45399839711e-21
0.462 	0.0878661087866 	5.92075135654e-19 	0.0490017649575 	0.000356610531632 	137.409752688 	-14.2219704868 	35.1227806965 	-2.29569226058 	8.11288383215e-21
0.462 	0.0893305439331 	1.36874864783e-18 	0.0486965672612 	0.000358707006474 	135.755829639 	-15.4290057594 	35.1580875933 	-2.27784298491 	-2.87259844694e-20
0.462 	0.0907949790795 	3.60172537237e-19 	0.0483921556721 	0.000360639887075 	134.184147141 	-16.6328018539 	35.1933200248 	-2.25944743549 	2.36185427132e-20
0.462 	0.0922594142259 	-7.33551026303e-19 	0.0480881971848 	0.000362393734237 	132.695995106 	-17.8330842646 	35.2284743511 	-2.24050226414 	-3.09416137579e-21
0.462 	0.0937238493724 	-2.4501145909e-18 	0.0477843192026 	0.00036395186008 	131.292966032 	-19.0295754135 	35.263549004 	-2.22100425019 	2.1810610082e-20
0.462 	0.0951882845188 	-7.30194901722e-19 	0.0474800933685 	0.000365296668238 	129.976803779 	-20.2219947583 	35.2985474586 	-2.20095054438 	-5.85925814492e-20
0.462 	0.0966527196653 	-1.39588868779e-18 	0.0471749768483 	0.000366410132166 	128.749105734 	-21.4100592072 	35.3334817252 	-2.18033896661 	1.21823488618e-20
0.462 	0.0981171548117 	-1.41622074e-18 	0.0471749768483 	0.000366410132166 	128.749105734 	-21.4100592072 	35.3334817252 	-2.18033896661 	1.21823488618e-20
0.462 	0.0995815899582 	2.0669123674e-18 	0.0468681936199 	0.000367274416771 	127.610831247 	-22.5934837739 	35.3683728105 	-2.15916806063 	-2.15742875893e-20
0.462 	0.101046025105 	-8.54364043688e-20 	0.0465585857338 	0.000367872734832 	126.561664743 	-23.7719821276 	35.4032436829 	-2.13743654946 	2.91639940462e-20
0.462 	0.102510460251 	4.18646674792e-19 	0.0462445248658 	0.000368190611505 	125.599413512 	-24.9452663017 	35.4381033312 	-2.1151421135 	2.83530951134e-21
0.462 	0.103974895397 	-9.13835399143e-19 	0.0459239873262 	0.000368217734417 	124.719650994 	-26.1130449732 	35.472927533 	-2.09227999747 	-3.9276633197e-20
0.462 	0.105439330544 	3.70957957988e-19 	0.0455948215983 	0.000367950208034 	123.915738061 	-27.2750204184 	35.5076484427 	-2.06884241651 	4.42697012732e-20
0.462 	0.10690376569 	1.43617759769e-18 	0.0452550923684 	0.000367392415568 	123.179168787 	-28.4308853404 	35.5421642477 	-2.04481951933 	-1.61468984512e-20
0.462 	0.108368200837 	-8.9799870178e-19 	0.0449032722058 	0.000366557298532 	122.500008554 	-29.5803212979 	35.5763692944 	-2.02020171373 	-1.4328046833e-20
0.462 	0.109832635983 	5.6486809397e-19 	0.0445380960622 	0.000365464229571 	121.867182773 	-30.7229998888 	35.6101905981 	-1.99498211242 	7.0962079891e-20
0.462 	0.11129707113 	1.324212336e-18 	0.0445380960622 	0.000365464229571 	121.867182773 	-30.7229998888 	35.6101905981 	-1.99498211242 	7.0962079891e-20
0.462 	0.112761506276 	-1.38923525183e-19 	0.0441581079209 	0.000364134804866 	121.268572328 	-31.8585862967 	35.6436101332 	-1.96915763277 	-4.24894260383e-20
0.462 	0.114225941423 	-7.63030512725e-19 	0.0437611613837 	0.000362588101628 	120.691112552 	-32.9867433951 	35.6766603755 	-1.94272815843 	-3.47166023732e-21
0.462 	0.115690376569 	8.62283601802e-19 	0.0433441922774 	0.000360837304712 	120.121150755 	-34.1071344089 	35.7093977986 	-1.91569447145 	-2.41221860932e-20
0.462 	0.117154811715 	1.41341492604e-18 	0.0429034188378 	0.000358888814414 	119.545154696 	-35.2194232036 	35.7418720492 	-1.88805634029 	5.94764725357e-20
0.462 	0.118619246862 	-7.73677825119e-19 	0.0424348854565 	0.000356743643268 	118.950642169 	-36.3232727965 	35.7741078327 	-1.85981174595 	-4.46799993523e-20
0.462 	0.120083682008 	-8.4777867063e-19 	0.0424348854565 	0.000356743643268 	118.950642169 	-36.3232727965 	35.7741078327 	-1.85981174595 	-4.46799993523e-20
0.462 	0.121548117155 	1.59154092846e-19 	0.0419351119387 	0.000354400039447 	118.327052119 	-37.41834341 	35.8061046496 	-1.83095724523 	5.50242390327e-20
0.462 	0.123012552301 	-4.59218506365e-19 	0.0414016349079 	0.000351856239458 	117.666337171 	-38.5042911535 	35.8378474477 	-1.80148878639 	-7.56222914123e-20
0.462 	0.124476987448 	3.78208597451e-19 	0.0408333614324 	0.000349112787852 	116.963236104 	-39.5807675649 	35.8693176587 	-1.77140231184 	9.05365707603e-20
0.462 	0.125941422594 	-3.84506180968e-19 	0.0402307637051 	0.000346174363316 	116.215317968 	-40.6474196904 	35.9004986263 	-1.74069393134 	-4.34331173207e-20
0.462 	0.127405857741 	-4.89715102961e-19 	0.0402307637051 	0.000346174363316 	116.215317968 	-40.6474196904 	35.9004986263 	-1.74069393134 	-4.34331173207e-20
0.462 	0.128870292887 	-5.30747885881e-19 	0.0395959600896 	0.000343051167998 	115.422898341 	-41.7038902529 	35.9313758084 	-1.70935982973 	-3.44517777553e-20
0.462 	0.130334728033 	6.23840033982e-19 	0.0389326845375 	0.000339759779054 	114.588856415 	-42.7498177384 	35.9619351583 	-1.67739614978 	7.52796953108e-20
0.462 	0.13179916318 	5.17470402857e-19 	0.0389326845375 	0.000339759779054 	114.588856415 	-42.7498177384 	35.9619351583 	-1.67739614978 	7.52796953108e-20
0.462 	0.133263598326 	6.99251631776e-19 	0.0382461187021 	0.000336323259157 	113.71832801 	-43.7848364073 	35.9921623004 	-1.64479896276 	-2.25386042152e-20
0.462 	0.134728033473 	-7.77782012769e-19 	0.037542583665 	0.000332770444526 	112.818263408 	-44.8085763482 	36.0220430134 	-1.61156430817 	-4.04717605977e-20
0.462 	0.136192468619 	-6.8100182987e-19 	0.0368291192225 	0.000329134492632 	111.896869052 	-45.8206636199 	36.0515641963 	-1.57768823517 	2.79758871804e-20
0.462 	0.137656903766 	-6.14357952875e-19 	0.0368291192225 	0.000329134492632 	111.896869052 	-45.8206636199 	36.0515641963 	-1.57768823517 	2.79758871804e-20
0.462 	0.139121338912 	-1.05936692962e-18 	0.0361129846884 	0.000325450813088 	110.962957338 	-46.8207204551 	36.0807144219 	-1.54316680419 	-2.34694001251e-20
0.462 	0.140585774059 	-2.08615732814e-19 	0.0354011621308 	0.000321754759516 	110.02529437 	-47.8083654865 	36.1094837904 	-1.50799605204 	5.57832221185e-20
0.462 	0.142050209205 	3.91509216314e-19 	0.0354011621308 	0.000321754759516 	110.02529437 	-47.8083654865 	36.1094837904 	-1.50799605204 	5.57832221185e-20
0.462 	0.143514644351 	-5.04845554841e-19 	0.0346999369528 	0.000318079474357 	109.092034382 	-48.7832139244 	36.1378632823 	-1.47217193717 	-4.8958318785e-20
0.462 	0.144979079498 	-5.11282233781e-19 	0.0340146015456 	0.000314454169708 	108.170298957 	-49.7448776726 	36.165843946 	-1.43569028327 	1.29182452431e-20
0.462 	0.146443514644 	-2.04242176921e-19 	0.0340146015456 	0.000314454169708 	108.170298957 	-49.7448776726 	36.165843946 	-1.43569028327 	1.29182452431e-20
0.462 	0.147907949791 	-5.85086151801e-19 	0.0333493028174 	0.000310903025634 	107.265932036 	-50.6929653691 	36.193416226 	-1.39854673496 	3.69105669723e-20
0.462 	0.149372384937 	9.26946599749e-19 	0.0327070280258 	0.000307444760124 	106.383429702 	-51.6270823646 	36.2205696292 	-1.36073673188 	-6.02105890208e-20
0.462 	0.150836820084 	1.63969727854e-18 	0.0327070280258 	0.000307444760124 	106.383429702 	-51.6270823646 	36.2205696292 	-1.36073673188 	-6.02105890208e-20
0.462 	0.15230125523 	-1.11419184582e-18 	0.03208970163 	0.000304092801375 	105.526015364 	-52.5468306631 	36.247292749 	-1.3222554982 	5.2228006473e-20
0.462 	0.153765690377 	6.71893965178e-19 	0.0314983537348 	0.000300855904764 	104.69581363 	-53.4518088376 	36.2735735166 	-1.28309803703 	2.03586674367e-20
0.462 	0.155230125523 	3.02250377673e-19 	0.0314983537348 	0.000300855904764 	104.69581363 	-53.4518088376 	36.2735735166 	-1.28309803703 	2.03586674367e-20
0.462 	0.156694560669 	2.59482233138e-18 	0.0309333195955 	0.000297739021708 	103.894072796 	-54.3416119351 	36.2993994956 	-1.24325912145 	-5.5244486801e-20
0.462 	0.158158995816 	-1.20649792852e-18 	0.0303944368612 	0.000294744240824 	103.121393572 	-55.2158313648 	36.3247580977 	-1.20273327647 	-1.00668713229e-21
0.462 	0.159623430962 	-9.03811839635e-19 	0.0303944368612 	0.000294744240824 	103.121393572 	-55.2158313648 	36.3247580977 	-1.20273327647 	-1.00668713229e-21
0.462 	0.161087866109 	3.94407859286e-20 	0.0298812167598 	0.000291871656748 	102.377932454 	-56.0740547753 	36.3496366855 	-1.16151475552 	3.91464799135e-20
0.462 	0.162552301255 	2.54471407249e-19 	0.0298812167598 	0.000291871656748 	102.377932454 	-56.0740547753 	36.3496366855 	-1.16151475552 	3.91464799135e-20
0.462 	0.164016736402 	1.35165046955e-18 	0.0293929733588 	0.000289120057419 	101.663556729 	-56.9158658807 	36.3740225681 	-1.11959750682 	-9.09179007313e-21
0.462 	0.165481171548 	-4.19042996613e-20 	0.0289289093321 	0.000286487397612 	100.977947279 	-57.7408443202 	36.3979029255 	-1.07697514279 	-3.91508062138e-20
0.462 	0.166945606695 	1.65560063318e-19 	0.0289289093321 	0.000286487397612 	100.977947279 	-57.7408443202 	36.3979029255 	-1.07697514279 	-3.91508062138e-20
0.462 	0.168410041841 	9.24445394537e-20 	0.0284881809878 	0.000283971171348 	100.320679922 	-58.5485653358 	36.4212647549 	-1.03364089587 	2.5709276002e-20
0.462 	0.169874476987 	-2.36110367014e-19 	0.0284881809878 	0.000283971171348 	100.320679922 	-58.5485653358 	36.4212647549 	-1.03364089587 	2.5709276002e-20
0.462 	0.171338912134 	-1.90748467316e-18 	0.0280699500327 	0.000281568720635 	99.6912937254 	-59.33859967 	36.4440948685 	-0.989587599587 	-4.2532878061e-20
0.462 	0.17280334728 	5.17032638851e-19 	0.0276733989837 	0.000279277344447 	99.0893086528 	-60.1105129385 	36.4663798924 	-0.944807616024 	9.8620585426e-20
0.462 	0.174267782427 	-4.40767326314e-19 	0.0276733989837 	0.000279277344447 	99.0893086528 	-60.1105129385 	36.4663798924 	-0.944807616024 	9.8620585426e-20
0.462 	0.175732217573 	-5.72259788668e-19 	0.0272977419931 	0.000277094391783 	98.5142348693 	-60.8638658225 	36.4881062413 	-0.899292851285 	-7.94953643538e-20
0.462 	0.17719665272 	-1.78460672752e-20 	0.0272977419931 	0.000277094391783 	98.5142348693 	-60.8638658225 	36.4881062413 	-0.899292851285 	-7.94953643538e-20
0.462 	0.178661087866 	-7.77564850063e-20 	0.0269422295871 	0.000275017265614 	97.9655932762 	-61.5982126195 	36.5092601148 	-0.853034604776 	-3.33578499212e-20
0.462 	0.180125523013 	-2.51499376342e-20 	0.0269422295871 	0.000275017265614 	97.9655932762 	-61.5982126195 	36.5092601148 	-0.853034604776 	-3.33578499212e-20
0.462 	0.181589958159 	6.91918388276e-19 	0.0266061514163 	0.000273043462681 	97.4429167982 	-62.3131025484 	36.5298274601 	-0.806023707045 	1.00755185416e-19
0.462 	0.183054393305 	-5.28182946018e-19 	0.0262888356267 	0.000271170579847 	96.9457514214 	-63.008075995 	36.5497939869 	-0.75825013809 	5.97811042851e-20
0.462 	0.184518828452 	-9.14039157297e-19 	0.0262888356267 	0.000271170579847 	96.9457514214 	-63.008075995 	36.5497939869 	-0.75825013809 	5.97811042851e-20
0.462 	0.185983263598 	-1.22345950246e-19 	0.0259896507553 	0.000269396333228 	96.4736618493 	-63.6826693887 	36.5691450845 	-0.709703546906 	-1.12429019151e-19
0.462 	0.187447698745 	-4.44592271713e-19 	0.0259896507553 	0.000269396333228 	96.4736618493 	-63.6826693887 	36.5691450845 	-0.709703546906 	-1.12429019151e-19
0.462 	0.188912133891 	-2.63939765329e-19 	0.0257080018952 	0.000267718543284 	96.0262280671 	-64.3364049161 	36.5878658936 	-0.660372197622 	-1.71404648692e-20
0.462 	0.190376569038 	-5.18441416266e-19 	0.0257080018952 	0.000267718543284 	96.0262280671 	-64.3364049161 	36.5878658936 	-0.660372197622 	-1.71404648692e-20
0.462 	0.191841004184 	1.72517308907e-19 	0.025443336056 	0.000266135172375 	95.6030570066 	-64.9688059639 	36.605941105 	-0.61024460995 	6.48259499312e-20
0.462 	0.193305439331 	1.48029191497e-19 	0.025443336056 	0.000266135172375 	95.6030570066 	-64.9688059639 	36.605941105 	-0.61024460995 	6.48259499312e-20
0.462 	0.194769874477 	1.46269481108e-19 	0.0251951321606 	0.000264644272792 	95.2037687982 	-65.5793686153 	36.6233551975 	-0.559306599429 	-1.47186394339e-19
0.462 	0.196234309623 	4.70539336198e-19 	0.0251951321606 	0.000264644272792 	95.2037687982 	-65.5793686153 	36.6233551975 	-0.559306599429 	-1.47186394339e-19
0.462 	0.19769874477 	-3.85974564287e-19 	0.0249629167212 	0.000263244084453 	94.8280253783 	-66.1676068215 	36.6400919465 	-0.50754607667 	2.80872359835e-20
0.462 	0.199163179916 	-6.09168825296e-19 	0.0249629167212 	0.000263244084453 	94.8280253783 	-66.1676068215 	36.6400919465 	-0.50754607667 	2.80872359835e-20
0.462 	0.200627615063 	3.27931157787e-19 	0.0247462376175 	0.00026193288737 	94.4754889924 	-66.7329743528 	36.6561351065 	-0.454944845266 	-5.11356160081e-21
0.462 	0.202092050209 	1.1806810824e-19 	0.0247462376175 	0.00026193288737 	94.4754889924 	-66.7329743528 	36.6561351065 	-0.454944845266 	-5.11356160081e-21
0.462 	0.203556485356 	-2.61983058929e-19 	0.0245447065492 	0.000260709257505 	94.1458956388 	-67.2749900974 	36.6714672106 	-0.401491960216 	4.65401690718e-20
0.462 	0.205020920502 	1.71522004711e-19 	0.0245447065492 	0.000260709257505 	94.1458956388 	-67.2749900974 	36.6714672106 	-0.401491960216 	4.65401690718e-20
0.462 	0.206485355649 	7.41343348749e-19 	0.0243579308833 	0.000259571670247 	93.8389419007 	-67.7930301069 	36.6860713428 	-0.34716163365 	-1.78811323104e-20
0.462 	0.207949790795 	4.87871421532e-19 	0.0243579308833 	0.000259571670247 	93.8389419007 	-67.7930301069 	36.6860713428 	-0.34716163365 	-1.78811323104e-20
0.462 	0.209414225941 	8.57326748487e-19 	0.0241856231701 	0.000258519154463 	93.554472667 	-68.2866595656 	36.6999282451 	-0.291948861318 	-2.58794506266e-20
0.462 	0.210878661088 	6.33364786982e-19 	0.0241856231701 	0.000258519154463 	93.554472667 	-68.2866595656 	36.6999282451 	-0.291948861318 	-2.58794506266e-20
0.462 	0.212343096234 	-6.59894411327e-19 	0.0240274287647 	0.000257550273355 	93.2921889451 	-68.7550973831 	36.7130206186 	-0.235811908861 	6.57995325641e-21
0.462 	0.213807531381 	1.26712771138e-18 	0.0240274287647 	0.000257550273355 	93.2921889451 	-68.7550973831 	36.7130206186 	-0.235811908861 	6.57995325641e-21
0.462 	0.215271966527 	1.01227930479e-18 	0.0238831982185 	0.000256664751496 	93.052115958 	-69.1980599843 	36.7253264102 	-0.178763695088 	6.7987021252e-20
0.462 	0.216736401674 	-6.03305744248e-19 	0.0238831982185 	0.000256664751496 	93.052115958 	-69.1980599843 	36.7253264102 	-0.178763695088 	6.7987021252e-20
0.462 	0.21820083682 	-1.36902121742e-19 	0.0237525648236 	0.000255860955383 	92.8338784167 	-69.6144314838 	36.736828702 	-0.120727236611 	8.6057464279e-20
0.462 	0.219665271967 	-9.100756278e-19 	0.0237525648236 	0.000255860955383 	92.8338784167 	-69.6144314838 	36.736828702 	-0.120727236611 	8.6057464279e-20
0.462 	0.221129707113 	5.89390622472e-19 	0.0236356005067 	0.000255139823143 	92.6378337008 	-70.0043264201 	36.7475008336 	-0.0617616122224 	-6.39142849513e-20
0.462 	0.222594142259 	-2.51726817295e-19 	0.0236356005067 	0.000255139823143 	92.6378337008 	-70.0043264201 	36.7475008336 	-0.0617616122224 	-6.39142849513e-20
0.462 	0.224058577406 	6.8878620113e-19 	0.0235318128956 	0.000254498849864 	92.4633368998 	-70.3659053651 	36.7573279929 	-0.00171114724324 	2.02946737743e-20
0.462 	0.225523012552 	-6.39555493919e-19 	0.0235318128956 	0.000254498849864 	92.4633368998 	-70.3659053651 	36.7573279929 	-0.00171114724324 	2.02946737743e-20
0.462 	0.226987447699 	3.66878897427e-19 	0.0235318128956 	0.000254498849864 	92.4633368998 	-70.3659053651 	36.7573279929 	-0.00171114724324 	2.02946737743e-20
0.462 	0.228451882845 	-6.08585355248e-19 	0.0234416758521 	0.000253941288907 	92.311399824 	-70.7002292815 	36.7662757441 	0.0592554789048 	-1.4015492673e-19
0.462 	0.229916317992 	1.08300644003e-18 	0.0234416758521 	0.000253941288907 	92.311399824 	-70.7002292815 	36.7662757441 	0.0592554789048 	-1.4015492673e-19
0.462 	0.231380753138 	-5.79774239663e-19 	0.0233643230284 	0.000253462265564 	92.1806761903 	-71.0039121842 	36.7743347472 	0.121467096307 	1.88125633353e-20
0.462 	0.232845188285 	7.08401041697e-19 	0.0233643230284 	0.000253462265564 	92.1806761903 	-71.0039121842 	36.7743347472 	0.121467096307 	1.88125633353e-20
0.462 	0.234309623431 	-3.79589573868e-19 	0.023301008847 	0.000253069644698 	92.0735036194 	-71.2801176415 	36.7814574099 	0.184509146337 	9.3895526302e-20
0.462 	0.235774058577 	-1.59400138847e-18 	0.023301008847 	0.000253069644698 	92.0735036194 	-71.2801176415 	36.7814574099 	0.184509146337 	9.3895526302e-20
0.462 	0.237238493724 	5.45987267586e-19 	0.023301008847 	0.000253069644698 	92.0735036194 	-71.2801176415 	36.7814574099 	0.184509146337 	9.3895526302e-20
0.462 	0.23870292887 	1.10471184476e-18 	0.0232499707312 	0.000252753012147 	91.9869185087 	-71.5222394802 	36.7876458748 	0.249081252997 	1.38016592806e-20
0.462 	0.240167364017 	-1.14733759717e-18 	0.0232499707312 	0.000252753012147 	91.9869185087 	-71.5222394802 	36.7876458748 	0.249081252997 	1.38016592806e-20
0.462 	0.241631799163 	-5.73796518326e-19 	0.0232140132961 	0.000252529500013 	91.9259464531 	-71.7378659975 	36.7928312988 	0.314242273078 	1.22150074731e-20
0.462 	0.24309623431 	6.01662855137e-19 	0.0232140132961 	0.000252529500013 	91.9259464531 	-71.7378659975 	36.7928312988 	0.314242273078 	1.22150074731e-20
0.462 	0.244560669456 	6.38436570434e-19 	0.0231894172172 	0.000252376708214 	91.8841416918 	-71.9139072748 	36.7970355433 	0.381460569829 	-2.4659392258e-20
0.462 	0.246025104603 	6.3518166779e-19 	0.0231894172172 	0.000252376708214 	91.8841416918 	-71.9139072748 	36.7970355433 	0.381460569829 	-2.4659392258e-20
0.462 	0.247489539749 	-9.35721551012e-20 	0.0231894172172 	0.000252376708214 	91.8841416918 	-71.9139072748 	36.7970355433 	0.381460569829 	-2.4659392258e-20
0.462 	0.248953974895 	-9.71113475778e-19 	0.0231820572828 	0.000252330210209 	91.8719057206 	-72.0668261569 	36.8001513482 	0.448713431341 	2.81125372753e-20
0.462 	0.250418410042 	5.32731591068e-19 	0.0231820572828 	0.000252330210209 	91.8719057206 	-72.0668261569 	36.8001513482 	0.448713431341 	2.81125372753e-20
0.462 	0.251882845188 	-3.14434674026e-19 	0.0231841945511 	0.000252343098747 	91.8756830132 	-72.1709695178 	36.8022347579 	0.519007338232 	-1.28841321769e-19
0.462 	0.253347280335 	-8.21115687956e-19 	0.0231841945511 	0.000252343098747 	91.8756830132 	-72.1709695178 	36.8022347579 	0.519007338232 	-1.28841321769e-19
0.462 	0.254811715481 	5.01732829187e-19 	0.0231841945511 	0.000252343098747 	91.8756830132 	-72.1709695178 	36.8022347579 	0.519007338232 	-1.28841321769e-19
0.462 	0.256276150628 	1.11789992737e-18 	0.0232076986187 	0.000252486993014 	91.9164125709 	-72.2597736213 	36.8031394763 	0.588186806224 	4.18713648472e-20
0.462 	0.257740585774 	-4.78685918019e-19 	0.0232076986187 	0.000252486993014 	91.9164125709 	-72.2597736213 	36.8031394763 	0.588186806224 	4.18713648472e-20
0.462 	0.259205020921 	-1.20778457771e-19 	0.0232368645585 	0.000252666550293 	91.9665247796 	-72.2842933909 	36.8029818479 	0.662218402831 	-8.95614886401e-20
0.462 	0.260669456067 	4.01065765307e-19 	0.0232368645585 	0.000252666550293 	91.9665247796 	-72.2842933909 	36.8029818479 	0.662218402831 	-8.95614886401e-20
0.462 	0.262133891213 	1.67643473979e-19 	0.0232368645585 	0.000252666550293 	91.9665247796 	-72.2842933909 	36.8029818479 	0.662218402831 	-8.95614886401e-20
0.462 	0.26359832636 	-1.08893002338e-18 	0.0232948406791 	0.000253021058532 	92.0668058787 	-72.3088228095 	36.8015262258 	0.732919999568 	1.74259158715e-19
0.462 	0.265062761506 	2.556381953e-19 	0.0232948406791 	0.000253021058532 	92.0668058787 	-72.3088228095 	36.8015262258 	0.732919999568 	1.74259158715e-19
0.462 	0.266527196653 	1.30238878566e-18 	0.0233508607666 	0.000253363892238 	92.1633329846 	-72.2433579846 	36.7989515002 	0.811712788621 	-4.63679402449e-20
0.462 	0.267991631799 	3.13447771691e-19 	0.0233508607666 	0.000253363892238 	92.1633329846 	-72.2433579846 	36.7989515002 	0.811712788621 	-4.63679402449e-20
0.462 	0.269456066946 	-2.634063738e-19 	0.0233508607666 	0.000253363892238 	92.1633329846 	-72.2433579846 	36.7989515002 	0.811712788621 	-4.63679402449e-20
0.462 	0.270920502092 	-2.2654302641e-18 	0.0234487987785 	0.000253957947333 	92.3333922986 	-72.205248352 	36.7949197628 	0.883148762665 	-6.77700219074e-20
0.462 	0.272384937238 	5.23361022127e-19 	0.0234487987785 	0.000253957947333 	92.3333922986 	-72.205248352 	36.7949197628 	0.883148762665 	-6.77700219074e-20
0.462 	0.273849372385 	-2.59749489964e-19 	0.0235300569621 	0.000254447994665 	92.4749161142 	-72.0361323762 	36.7897398602 	0.968252860906 	1.10550149916e-19
0.462 	0.275313807531 	1.79082719644e-20 	0.0235300569621 	0.000254447994665 	92.4749161142 	-72.0361323762 	36.7897398602 	0.968252860906 	1.10550149916e-19
0.462 	0.276778242678 	-3.79933626979e-19 	0.0235300569621 	0.000254447994665 	92.4749161142 	-72.0361323762 	36.7897398602 	0.968252860906 	1.10550149916e-19
0.462 	0.278242677824 	-1.6737936095e-18 	0.023674089304 	0.00025530557705 	92.7284455651 	-71.939134864 	36.7829149325 	1.03907897481 	-1.77170923618e-20
0.462 	0.279707112971 	-6.86542094004e-19 	0.023674089304 	0.00025530557705 	92.7284455651 	-71.939134864 	36.7829149325 	1.03907897481 	-1.77170923618e-20
0.462 	0.281171548117 	1.2574030712e-20 	0.023674089304 	0.00025530557705 	92.7284455651 	-71.939134864 	36.7829149325 	1.03907897481 	-1.77170923618e-20
0.462 	0.282635983264 	-1.4172044388e-18 	0.0237699840444 	0.000255854218615 	92.9044053801 	-71.6491877131 	36.7749484863 	1.13275722575 	-8.76167173526e-20
0.462 	0.28410041841 	6.40715556652e-19 	0.0237699840444 	0.000255854218615 	92.9044053801 	-71.6491877131 	36.7749484863 	1.13275722575 	-8.76167173526e-20
0.462 	0.285564853556 	9.6840070102e-19 	0.0239491357863 	0.000256845553161 	93.243334337 	-71.4985866968 	36.7650223473 	1.20090841049 	3.55106974936e-20
0.462 	0.287029288703 	-8.42982240318e-19 	0.0239491357863 	0.000256845553161 	93.243334337 	-71.4985866968 	36.7650223473 	1.20090841049 	3.55106974936e-20
0.462 	0.288493723849 	3.26972661597e-20 	0.0239491357863 	0.000256845553161 	93.243334337 	-71.4985866968 	36.7650223473 	1.20090841049 	3.55106974936e-20
0.462 	0.289958158996 	5.99312513384e-19 	0.0239883773447 	0.000256854372324 	93.3929102613 	-71.0683673322 	36.7539886077 	1.30626441298 	-8.79304352801e-21
0.462 	0.291422594142 	5.08657132279e-19 	0.0239883773447 	0.000256854372324 	93.3929102613 	-71.0683673322 	36.7539886077 	1.30626441298 	-8.79304352801e-21
0.462 	0.292887029289 	-7.62945314573e-19 	0.0239883773447 	0.000256854372324 	93.3929102613 	-71.0683673322 	36.7539886077 	1.30626441298 	-8.79304352801e-21
0.462 	0.294351464435 	1.22021303376e-18 	0.0240525622851 	0.000256608655867 	93.7324666771 	-70.8684419432 	36.7403283713 	1.36889263698 	8.98472569543e-23
0.462 	0.295815899582 	7.96723849222e-19 	0.0240525622851 	0.000256608655867 	93.7324666771 	-70.8684419432 	36.7403283713 	1.36889263698 	8.98472569543e-23
0.462 	0.297280334728 	-7.22805992462e-19 	0.0240525622851 	0.000256608655867 	93.7324666771 	-70.8684419432 	36.7403283713 	1.36889263698 	8.98472569543e-23
0.462 	0.298744769874 	1.01405885184e-18 	0.0236960245223 	0.000253155551164 	93.6026265801 	-70.280278065 	36.7261254116 	1.4898343058 	3.85531465336e-21
0.462 	0.300209205021 	3.87976941278e-20 	0.0236960245223 	0.000253155551164 	93.6026265801 	-70.280278065 	36.7261254116 	1.4898343058 	3.85531465336e-21
0.462 	0.301673640167 	-2.63297493735e-19 	0.0236960245223 	0.000253155551164 	93.6026265801 	-70.280278065 	36.7261254116 	1.4898343058 	3.85531465336e-21
0.462 	0.303138075314 	4.1460872433e-19 	0.0232203626236 	0.000224420541121 	93.5156234784 	-70.0282304849 	36.7086780104 	1.54353652993 	1.91017189579e-20
0.462 	0.30460251046 	1.02507080148e-18 	0.0232203626236 	0.000224420541121 	93.5156234784 	-70.0282304849 	36.7086780104 	1.54353652993 	1.91017189579e-20
0.462 	0.306066945607 	-3.03900814072e-19 	0.0232203626236 	0.000224420541121 	93.5156234784 	-70.0282304849 	36.7086780104 	1.54353652993 	1.91017189579e-20
0.462 	0.307531380753 	6.79613542762e-19 	0.0224553700522 	0.000204022875559 	92.2885663217 	-69.274118921 	36.6919255355 	1.68430793159 	4.80989887543e-20
0.462 	0.3089958159 	2.66504373642e-19 	0.0224553700522 	0.000204022875559 	92.2885663217 	-69.274118921 	36.6919255355 	1.68430793159 	4.80989887543e-20
0.462 	0.310460251046 	4.86931137755e-19 	0.0224553700522 	0.000204022875559 	92.2885663217 	-69.274118921 	36.6919255355 	1.68430793159 	4.80989887543e-20
0.462 	0.311924686192 	-2.37825512856e-19 	0.0220232531057 	0.000179923198205 	92.1950736427 	-68.9327551878 	36.6685527094 	1.72607650777 	-1.04736073692e-19
0.462 	0.313389121339 	-9.02560067873e-20 	0.0220232531057 	0.000179923198205 	92.1950736427 	-68.9327551878 	36.6685527094 	1.72607650777 	-1.04736073692e-19
0.462 	0.314853556485 	5.14355904756e-19 	0.0220232531057 	0.000179923198205 	92.1950736427 	-68.9327551878 	36.6685527094 	1.72607650777 	-1.04736073692e-19
0.462 	0.316317991632 	-4.98828140281e-19 	0.0215921545654 	0.000181775517942 	92.0445177341 	-68.0547920431 	36.6501533764 	1.88938349721 	1.04739254676e-19
0.462 	0.317782426778 	1.08228666246e-18 	0.0215921545654 	0.000181775517942 	92.0445177341 	-68.0547920431 	36.6501533764 	1.88938349721 	1.04739254676e-19
0.462 	0.319246861925 	4.23122482889e-20 	0.0215921545654 	0.000181775517942 	92.0445177341 	-68.0547920431 	36.6501533764 	1.88938349721 	1.04739254676e-19
0.462 	0.320711297071 	1.8108283162e-20 	0.0215160227223 	0.000174288981666 	93.314105161 	-67.534488741 	36.6227713269 	1.91977699281 	2.38704608298e-20
0.462 	0.322175732218 	1.49814878369e-19 	0.0215160227223 	0.000174288981666 	93.314105161 	-67.534488741 	36.6227713269 	1.91977699281 	2.38704608298e-20
0.462 	0.323640167364 	1.16878602716e-19 	0.0215160227223 	0.000174288981666 	93.314105161 	-67.534488741 	36.6227713269 	1.91977699281 	2.38704608298e-20
0.462 	0.32510460251 	-2.26047603697e-18 	0.0213933788912 	0.000172639890522 	94.6416128976 	-66.6535740303 	36.6136173282 	2.10337250384 	-5.37036804108e-20
0.462 	0.326569037657 	2.00066018495e-19 	0.0213933788912 	0.000172639890522 	94.6416128976 	-66.6535740303 	36.6136173282 	2.10337250384 	-5.37036804108e-20
0.462 	0.328033472803 	5.75676501301e-19 	0.0213933788912 	0.000172639890522 	94.6416128976 	-66.6535740303 	36.6136173282 	2.10337250384 	-5.37036804108e-20
0.462 	0.32949790795 	5.6715350988e-19 	0.0211776622583 	0.000170186710274 	95.4118505667 	-65.7386890646 	36.5519899539 	2.13031586786 	-1.0113240662e-19
0.462 	0.330962343096 	-1.56210214091e-18 	0.0211776622583 	0.000170186710274 	95.4118505667 	-65.7386890646 	36.5519899539 	2.13031586786 	-1.0113240662e-19
0.462 	0.332426778243 	6.55527642124e-20 	0.0211776622583 	0.000170186710274 	95.4118505667 	-65.7386890646 	36.5519899539 	2.13031586786 	-1.0113240662e-19
0.462 	0.333891213389 	3.04496312707e-19 	0.0208106366516 	0.000218336034866 	94.8453240999 	-65.09161401 	36.6765409117 	2.3253299922 	1.54316210945e-19
0.462 	0.335355648536 	5.77635007679e-19 	0.0208106366516 	0.000218336034866 	94.8453240999 	-65.09161401 	36.6765409117 	2.3253299922 	1.54316210945e-19
0.462 	0.336820083682 	-1.08396265653e-18 	0.0208106366516 	0.000218336034866 	94.8453240999 	-65.09161401 	36.6765409117 	2.3253299922 	1.54316210945e-19
0.462 	0.338284518828 	-4.59306367694e-19 	0.0207467901675 	0.000217686796857 	95.3056890314 	-63.4180920863 	36.0982879504 	2.34653772903 	-1.58606788394e-19
0.462 	0.339748953975 	7.88761963972e-19 	0.0207467901675 	0.000217686796857 	95.3056890314 	-63.4180920863 	36.0982879504 	2.34653772903 	-1.58606788394e-19
0.462 	0.341213389121 	2.40522720368e-20 	0.0207467901675 	0.000217686796857 	95.3056890314 	-63.4180920863 	36.0982879504 	2.34653772903 	-1.58606788394e-19
