0.336 	0.0190376569038 	-3.18400264167e-19 	8.80818585323 	0.000375126224743 	23480.5920574 	-45.0955465158 	4.65842005393 	-1.75262634249 	-3.55426804015e-18
0.336 	0.0205020920502 	-9.9214926344e-19 	15.5210165379 	0.000826979771255 	16655.7025806 	-47.7230839319 	12.5438321068 	-4.65105534747 	-9.47814007782e-19
0.336 	0.0219665271967 	-2.0150500774e-18 	13.2912320554 	0.000725751585156 	14907.9510623 	-50.2413369508 	19.8435343771 	-7.22306742734 	-2.24335848098e-18
0.336 	0.0234309623431 	-7.0689524485e-19 	6.30371709485 	0.000583583071631 	10801.7476882 	-53.1711953873 	26.2414895603 	-9.34325251811 	3.06495526553e-18
0.336 	0.0248953974895 	-9.34277950243e-19 	1.21378770024 	0.000232337831709 	5224.23615349 	-56.5727506074 	30.2267129168 	-10.4971881251 	5.29195399368e-18
0.336 	0.026359832636 	-2.2430514026e-19 	0.383786247782 	0.000204057147947 	1880.77826061 	-59.4027958597 	30.9718109684 	-10.5141155731 	-4.29675222614e-18
0.336 	0.0278242677824 	2.15828048258e-18 	0.294954738946 	0.000260707001061 	993.582510413 	-62.3586926718 	31.2402723887 	-10.3566307896 	3.32235292364e-19
0.336 	0.0292887029289 	-2.72761227362e-18 	0.281811592072 	0.000254716895183 	782.690735809 	-65.4673448934 	31.5153410636 	-10.1968018718 	2.98034882672e-18
0.336 	0.0307531380753 	-1.97374684607e-18 	0.278428505531 	0.000265876935315 	722.94240768 	-68.7078045638 	31.7841640162 	-10.029829899 	-6.07160191867e-19
0.336 	0.0322175732218 	-2.45754591478e-18 	0.276771601914 	0.000277965672292 	696.465160174 	-71.2266836159 	31.9875824593 	-9.90151302235 	6.46535395454e-19
0.336 	0.0336820083682 	-1.11447335577e-19 	0.274902244838 	0.000298560421928 	665.563831875 	-74.7029437639 	32.2632140853 	-9.72677288433 	3.04383808863e-18
0.336 	0.0351464435146 	-1.17231887714e-18 	0.273696982767 	0.000315643187419 	643.330599125 	-77.3976419299 	32.4734389607 	-9.59293438218 	-4.23829802821e-18
0.336 	0.0366108786611 	1.07699430348e-18 	0.272697910523 	0.000336320356273 	621.550689268 	-80.165510021 	32.6864911292 	-9.45659481246 	2.42707969921e-18
0.336 	0.0380753138075 	2.15452466991e-18 	0.271899707905 	0.000359653126723 	600.315216511 	-83.0048116962 	32.90238585 	-9.31767950898 	-5.82182338987e-19
0.336 	0.039539748954 	-1.16248968127e-18 	0.271267846011 	0.000383557355768 	579.849999554 	-85.9134570063 	33.121045048 	-9.17609913174 	-1.73768048755e-18
0.336 	0.0410041841004 	4.26753717163e-20 	0.270858013013 	0.000412011026782 	560.347854155 	-88.8875636355 	33.3423300814 	-9.03173962845 	4.02587197038e-18
0.336 	0.0424686192469 	4.76158802713e-19 	0.270757755555 	0.000432897934392 	547.978874955 	-90.9047852409 	33.4910335431 	-8.93385934922 	1.27474580404e-18
0.336 	0.0439330543933 	-6.06907817764e-19 	0.270915162104 	0.000467522222621 	530.453218597 	-93.9790497277 	33.715620923 	-8.78445815584 	1.07283865022e-18
0.336 	0.0453974895397 	1.56964207482e-18 	0.271253401768 	0.000493064095012 	519.468688759 	-96.0585496332 	33.8661718607 	-8.68304209115 	-3.94496489954e-18
0.336 	0.0468619246862 	9.54988824227e-19 	0.272090029159 	0.000531232620593 	504.010944169 	-99.2198819603 	34.092974684 	-8.52809668557 	3.71992439245e-18
0.336 	0.0483263598326 	-1.60636323302e-18 	0.272952183282 	0.000552163605916 	494.332079039 	-101.351513072 	34.2445276011 	-8.42291424672 	6.26325200716e-19
0.336 	0.0497907949791 	-9.0508620601e-19 	0.273976854658 	0.00056474783583 	485.131305117 	-103.503447593 	34.3962737735 	-8.31603478066 	-1.95913300268e-18
0.336 	0.0512552301255 	9.30597007664e-19 	0.275149756754 	0.000577607059047 	476.361485622 	-105.673725033 	34.5481681789 	-8.20727025573 	-3.70247812971e-19
0.336 	0.052719665272 	8.48951031784e-19 	0.277174970532 	0.000597473646018 	463.911625859 	-108.949114864 	34.7756208279 	-8.04103882487 	-1.46461188782e-18
0.336 	0.0541841004184 	4.63576205444e-19 	0.278698855552 	0.000611148485783 	456.024782905 	-111.141674387 	34.9267101693 	-7.92802755525 	1.08663721847e-18
0.336 	0.0556485355649 	1.75654274755e-18 	0.280351375307 	0.000625192818837 	448.423857185 	-113.34173209 	35.077226234 	-7.81298417003 	-2.08784891268e-18
0.336 	0.0571129707113 	-1.07690861063e-19 	0.282103597097 	0.000639602131879 	441.061064429 	-115.544832486 	35.2269294638 	-7.69598471413 	1.69512234626e-18
0.336 	0.0585774058577 	-2.60943860876e-18 	0.283919015983 	0.000654356662614 	433.890311209 	-117.746336935 	35.3756310082 	-7.57704292868 	1.64835240749e-18
0.336 	0.0600418410042 	1.95040559371e-19 	0.284836547035 	0.000661852496906 	430.362578318 	-118.846097692 	35.4495872913 	-7.51680149505 	2.67368365108e-18
0.336 	0.0615062761506 	1.6324287605e-18 	0.286656462396 	0.000677043534459 	423.394431534 	-121.041428914 	35.5966993732 	-7.39478950467 	-1.98631583609e-19
0.336 	0.0629707112971 	-1.11937064281e-18 	0.288405863315 	0.000692426085147 	416.515017995 	-123.228089327 	35.7429061116 	-7.27078213426 	-2.07719800406e-18
0.336 	0.0644351464435 	8.34215327981e-19 	0.29001917902 	0.000707865835121 	409.70924804 	-125.402800543 	35.8887067699 	-7.14486079596 	-1.52403152e-18
0.336 	0.06589958159 	1.22688160746e-18 	0.290751251131 	0.000715544576714 	406.335622675 	-126.484562442 	35.9617016642 	-7.08122921452 	2.63168501544e-18
0.336 	0.0673640167364 	7.05229861154e-19 	0.292007846939 	0.000730638043225 	399.661432425 	-128.634778918 	36.1084668588 	-6.9527365114 	-1.76088419461e-18
0.336 	0.0688284518828 	9.74778277905e-19 	0.292886465496 	0.000745043465249 	393.113260041 	-130.764533908 	36.256885662 	-6.82275447791 	6.41596449802e-19
0.336 	0.0702928870293 	1.02836248422e-18 	0.293137506567 	0.000751829807888 	389.898755665 	-131.820670508 	36.3318040036 	-6.75725497764 	-2.14680418115e-18
0.336 	0.0717573221757 	1.00199847116e-18 	0.293154655689 	0.000764185388374 	383.617195709 	-133.913282748 	36.4828240033 	-6.62530782694 	-9.11148873404e-19
0.336 	0.0732217573222 	8.55692621237e-19 	0.292875858414 	0.000769585209486 	380.563262917 	-134.948882675 	36.5587406144 	-6.55888051107 	-7.05058288635e-19
0.336 	0.0746861924686 	1.63636333232e-18 	0.291638578569 	0.000778397689778 	374.66526738 	-136.996468954 	36.7109643971 	-6.42517887047 	7.15474501191e-19
0.336 	0.0761506276151 	-1.3893188022e-18 	0.290644251665 	0.000781649418114 	371.834539795 	-138.007541174 	36.787158852 	-6.3579360039 	3.12979180926e-18
0.336 	0.0776150627615 	2.80125014227e-19 	0.287839280298 	0.000785525120614 	366.429122054 	-140.00186816 	36.9392774943 	-6.22270750157 	3.68168732415e-18
0.336 	0.0790794979079 	1.23939833804e-19 	0.2860175605 	0.000786078247878 	363.853803705 	-140.984169391 	37.0147824924 	-6.15469136042 	-2.04947360725e-18
0.336 	0.0805439330544 	9.04807647748e-20 	0.281562330306 	0.000784437485196 	358.935333432 	-142.916618098 	37.1629273556 	-6.01764906165 	6.09485597254e-19
0.336 	0.0820083682008 	2.76866929182e-19 	0.27896378273 	0.000782338148129 	356.576990905 	-143.865761395 	37.2348318345 	-5.94853008723 	6.3733548174e-19
0.336 	0.0834728033473 	-6.90409880123e-19 	0.276152657477 	0.00077948914963 	354.273895419 	-144.802841037 	37.3049903858 	-5.87897797325 	-7.74912546728e-19
0.336 	0.0849372384937 	3.13439784875e-19 	0.270020717102 	0.000771936711964 	349.796444341 	-146.638824806 	37.4402086577 	-5.73862423053 	-3.38209467691e-19
0.336 	0.0864016736402 	-1.26962574673e-19 	0.266767014635 	0.00076744085106 	347.60596112 	-147.536772894 	37.5056546382 	-5.66789447392 	-1.03060428571e-18
0.336 	0.0878661087866 	-3.08329187071e-19 	0.263432136681 	0.000762598918473 	345.439955788 	-148.420750327 	37.5699723111 	-5.59685307071 	1.38698587254e-18
0.336 	0.0893305439331 	-1.40972391249e-18 	0.260046930291 	0.000757501727468 	343.295494732 	-149.290325968 	37.6333418331 	-5.52553598522 	1.15277183303e-18
0.336 	0.0907949790795 	2.95853721076e-20 	0.253234528217 	0.000746850384665 	339.06995754 	-150.984638167 	37.7575969341 	-5.38217382709 	-6.54731555419e-19
0.336 	0.0922594142259 	-2.71788147278e-19 	0.249852750819 	0.000741420651571 	336.991895613 	-151.80859842 	37.8185307486 	-5.31016190488 	8.19697132851e-19
0.336 	0.0937238493724 	-1.04276190561e-18 	0.246510840512 	0.000735984691121 	334.94017401 	-152.616605028 	37.8786608305 	-5.23794601084 	-1.81852313086e-19
0.336 	0.0951882845188 	-7.57508418202e-19 	0.243221553114 	0.000730576439935 	332.917323663 	-153.408311778 	37.9379768414 	-5.16553719436 	-4.67661434753e-19
0.336 	0.0966527196653 	-7.42639338833e-19 	0.239994177697 	0.0007252209636 	330.925593361 	-154.18338895 	37.9964730093 	-5.09294626649 	5.89362645283e-19
0.336 	0.0981171548117 	-1.65014327091e-18 	0.233748677109 	0.000714734919411 	327.042475134 	-155.682423403 	38.111003362 	-4.94726031958 	2.05755313789e-20
0.336 	0.0995815899582 	-1.38933508619e-18 	0.230737369147 	0.000709625672266 	325.15363827 	-156.40581249 	38.1670411535 	-4.87418563869 	-6.99895802064e-19
0.336 	0.101046025105 	-3.30555278107e-19 	0.227802673877 	0.000704614478769 	323.301153668 	-157.111436587 	38.2222637242 	-4.80096942092 	1.30845636871e-18
0.336 	0.102510460251 	-7.91580200721e-19 	0.224945257357 	0.00069970544839 	321.48564496 	-157.79906085 	38.2766731213 	-4.7276208674 	-8.62372781263e-19
0.336 	0.103974895397 	-5.56407817728e-19 	0.222165252254 	0.000694901437539 	319.707573265 	-158.46847106 	38.3302711825 	-4.65414875852 	2.61960781358e-19
0.336 	0.105439330544 	-5.86382283021e-20 	0.219462427234 	0.00069020443007 	317.967282841 	-159.119474367 	38.3830596159 	-4.58056144109 	1.10438900666e-19
0.336 	0.10690376569 	5.78127298178e-19 	0.216836298087 	0.000685615817193 	316.265017011 	-159.751899926 	38.4350400837 	-4.50686682569 	-6.8528398204e-19
0.336 	0.108368200837 	3.80848771071e-19 	0.214286200613 	0.000681136555175 	314.600940127 	-160.365599444 	38.4862143271 	-4.43307238215 	1.33215368197e-18
0.336 	0.109832635983 	-3.48421455552e-19 	0.21181133785 	0.000676767274571 	312.975147897 	-160.960447723 	38.5365843517 	-4.35918511914 	-4.17027746906e-19
0.336 	0.11129707113 	-7.59628619064e-22 	0.209410811415 	0.000672508337874 	311.387680451 	-161.536343243 	38.5861526511 	-4.28521155303 	-3.13116090918e-19
0.336 	0.112761506276 	-7.25487710174e-20 	0.207083642533 	0.000668359891902 	309.838524187 	-162.093208718 	38.6349224119 	-4.21115767242 	5.14675181513e-19
0.336 	0.114225941423 	-2.06690925778e-19 	0.204828787099 	0.000664321895073 	308.327617406 	-162.630991796 	38.6828976478 	-4.13702891109 	-5.19381076623e-19
0.336 	0.115690376569 	-1.41376709484e-18 	0.202645146053 	0.000660394134656 	306.854854425 	-163.149665664 	38.7300832268 	-4.0628301297 	-9.07513917183e-19
0.336 	0.117154811715 	-9.72498671611e-19 	0.200531572639 	0.00065657624065 	305.420087148 	-163.649229494 	38.7764847827 	-3.98856560756 	5.93518514132e-19
0.336 	0.118619246862 	-1.31691544234e-18 	0.198486877028 	0.00065286769516 	304.023125205 	-164.12970879 	38.8221085326 	-3.91423904841 	1.85632232845e-19
0.336 	0.120083682008 	5.68472605021e-20 	0.196509828822 	0.000649267836157 	302.663735795 	-164.591155647 	38.8669610427 	-3.83985360437 	5.49716662815e-19
0.336 	0.121548117155 	-1.56261571483e-18 	0.194599158109 	0.000645775859701 	301.341642282 	-165.033649172 	38.9110489955 	-3.76541191298 	-6.93359287095e-19
0.336 	0.123012552301 	5.99339590038e-20 	0.192753556045 	0.000642390820754 	300.056522941 	-165.457295802 	38.9543790033 	-3.69091614416 	-5.00941009072e-19
0.336 	0.124476987448 	5.63586109031e-19 	0.190971676164 	0.000639111635259 	298.808010414 	-165.862229623 	38.9969575034 	-3.61636804609 	1.27769712951e-18
0.336 	0.125941422594 	4.8610502739e-19 	0.189252137513 	0.000635937085788 	297.595692627 	-166.248612582 	39.0387907431 	-3.54176898808 	-6.33515119809e-19
0.336 	0.127405857741 	-6.12855286845e-19 	0.189252137513 	0.000635937085788 	297.595692627 	-166.248612582 	39.0387907431 	-3.54176898808 	-6.33515119809e-19
0.336 	0.128870292887 	-9.79707413964e-19 	0.187593530338 	0.000632865831637 	296.419115964 	-166.616634687 	39.0798848417 	-3.46711999077 	1.63304381954e-19
0.336 	0.130334728033 	-9.43444190421e-19 	0.18599442428 	0.000629896423251 	295.277790783 	-166.966514195 	39.1202458926 	-3.39242174272 	-2.25057500576e-19
0.336 	0.13179916318 	-5.42901198269e-19 	0.184453377979 	0.000627027319539 	294.171198338 	-167.29849781 	39.1598800618 	-3.31767459925 	-8.03987745253e-19
0.336 	0.133263598326 	1.16101418557e-19 	0.18296894802 	0.000624256904737 	293.098797356 	-167.612860804 	39.198793636 	-3.24287856703 	2.92783090067e-19
0.336 	0.134728033473 	-7.15989282923e-19 	0.181539694681 	0.000621583500234 	292.060028319 	-167.909907083 	39.2369929952 	-3.16803328194 	9.41298751377e-19
0.336 	0.136192468619 	-1.52337625105e-20 	0.181539694681 	0.000621583500234 	292.060028319 	-167.909907083 	39.2369929952 	-3.16803328194 	9.41298751377e-19
0.336 	0.137656903766 	5.95082822326e-19 	0.180164182606 	0.000619005367635 	291.054313947 	-168.189969276 	39.2744845064 	-3.09313799049 	-1.77955567773e-19
0.336 	0.139121338912 	2.2609460061e-19 	0.178840976349 	0.000616520702606 	290.081055823 	-168.453408908 	39.3112743689 	-3.01819154814 	-2.10800395465e-19
0.336 	0.140585774059 	-1.06508568261e-18 	0.177568633195 	0.000614127623629 	289.139628903 	-168.700616611 	39.347368471 	-2.94319244484 	7.76082291451e-19
0.336 	0.142050209205 	-1.17275178939e-18 	0.176345697473 	0.000611824163284 	288.229377092 	-168.932012178 	39.3827723257 	-2.86813886017 	-1.15926065811e-18
0.336 	0.143514644351 	-1.36042544302e-18 	0.176345697473 	0.000611824163284 	288.229377092 	-168.932012178 	39.3827723257 	-2.86813886017 	-1.15926065811e-18
0.336 	0.144979079498 	-3.68262399211e-19 	0.175170700469 	0.000609608269826 	287.349613086 	-169.148044438 	39.417491134 	-2.79302873347 	-3.24968633804e-19
0.336 	0.146443514644 	3.09872947497e-19 	0.174042167928 	0.00060747782299 	286.499624088 	-169.349191133 	39.4515299677 	-2.71785981676 	1.02046798566e-18
0.336 	0.147907949791 	7.03101976025e-19 	0.172958633754 	0.000605430661735 	285.678682441 	-169.535959004 	39.4848939997 	-2.64262968082 	-8.6280496138e-19
0.336 	0.149372384937 	7.42947378004e-19 	0.172958633754 	0.000605430661735 	285.678682441 	-169.535959004 	39.4848939997 	-2.64262968082 	-8.6280496138e-19
0.336 	0.150836820084 	2.47143482544e-19 	0.171918655753 	0.00060346461642 	284.886058064 	-169.708883972 	39.5175886712 	-2.56733566621 	1.05819287888e-18
0.336 	0.15230125523 	2.54475953552e-19 	0.170920828645 	0.000601577536368 	284.121028982 	-169.868531166 	39.549619705 	-2.49197480034 	-7.38933901636e-19
0.336 	0.153765690377 	-3.70084746523e-19 	0.169963791097 	0.00059976730653 	283.382887407 	-170.015494856 	39.5809929504 	-2.41654371119 	4.84019062724e-19
0.336 	0.155230125523 	-2.39859384762e-19 	0.169963791097 	0.00059976730653 	283.382887407 	-170.015494856 	39.5809929504 	-2.41654371119 	4.84019062724e-19
0.336 	0.156694560669 	-2.02140665159e-19 	0.169046226286 	0.00059803185198 	282.670940898 	-170.15039846 	39.611714119 	-2.34103856784 	-1.64497180343e-21
0.336 	0.158158995816 	-2.41096682978e-19 	0.168166857723 	0.000596369133184 	281.984509871 	-170.273894668 	39.6417885061 	-2.26545506746 	3.43285873774e-19
0.336 	0.159623430962 	1.67112366687e-20 	0.168166857723 	0.000596369133184 	281.984509871 	-170.273894668 	39.6417885061 	-2.26545506746 	3.43285873774e-19
0.336 	0.161087866109 	1.02252886458e-18 	0.167324442782 	0.000594777136507 	281.322923346 	-170.386665541 	39.671220773 	-2.18978847312 	-7.96326797192e-19
0.336 	0.162552301255 	3.36589631238e-19 	0.166517765738 	0.000593253863279 	280.685514322 	-170.489422585 	39.7000148187 	-2.11403368786 	3.68910926777e-19
0.336 	0.164016736402 	6.57493692483e-19 	0.165745630869 	0.000591797318497 	280.071615211 	-170.582906825 	39.728173731 	-2.038185347 	7.15000258616e-20
0.336 	0.165481171548 	3.37741437961e-19 	0.165745630869 	0.000591797318497 	280.071615211 	-170.582906825 	39.728173731 	-2.038185347 	7.15000258616e-20
0.336 	0.166945606695 	1.06703540354e-18 	0.165006855506 	0.000590405499022 	279.480553245 	-170.667888909 	39.7556997878 	-1.96223791671 	3.02601964375e-19
0.336 	0.168410041841 	4.68428896108e-19 	0.164300263417 	0.000589076382111 	278.911646106 	-170.745169215 	39.782594505 	-1.88618579434 	-6.92039878818e-19
0.336 	0.169874476987 	-7.6957630399e-19 	0.164300263417 	0.000589076382111 	278.911646106 	-170.745169215 	39.782594505 	-1.88618579434 	-6.92039878818e-19
0.336 	0.171338912134 	-3.86168872386e-19 	0.163624680333 	0.00058780791794 	278.364199153 	-170.815577977 	39.8088587564 	-1.8100234041 	8.11132144042e-19
0.336 	0.17280334728 	-2.80620369849e-19 	0.163624680333 	0.00058780791794 	278.364199153 	-170.815577977 	39.8088587564 	-1.8100234041 	8.11132144042e-19
0.336 	0.174267782427 	-5.13234698267e-19 	0.162978934732 	0.000586598032373 	277.83750667 	-170.879975431 	39.8344930107 	-1.73374527352 	-8.48976661809e-19
0.336 	0.175732217573 	1.56057400371e-19 	0.162361866616 	0.000585444645259 	277.330859425 	-170.939251971 	39.8594976994 	-1.65734605921 	-4.28481815328e-20
0.336 	0.17719665272 	1.91726071358e-19 	0.162361866616 	0.000585444645259 	277.330859425 	-170.939251971 	39.8594976994 	-1.65734605921 	-4.28481815328e-20
0.336 	0.178661087866 	1.60386195357e-18 	0.16177234386 	0.000584345691212 	276.843564167 	-170.994328368 	39.8838736468 	-1.58082049101 	7.50613037716e-19
0.336 	0.180125523013 	-6.71809254698e-19 	0.161209281803 	0.000583299186837 	276.374946924 	-171.046156003 	39.9076223918 	-1.50416321242 	8.54983889985e-20
0.336 	0.181589958159 	7.6278698849e-19 	0.161209281803 	0.000583299186837 	276.374946924 	-171.046156003 	39.9076223918 	-1.50416321242 	8.54983889985e-20
0.336 	0.183054393305 	7.92241430286e-19 	0.160671657985 	0.000582303248547 	275.924371685 	-171.095717199 	39.9307462078 	-1.42736855462 	-8.01160660851e-19
0.336 	0.184518828452 	3.24755483993e-19 	0.160671657985 	0.000582303248547 	275.924371685 	-171.095717199 	39.9307462078 	-1.42736855462 	-8.01160660851e-19
0.336 	0.185983263598 	8.75720708434e-19 	0.160158515974 	0.000581356103961 	275.491243461 	-171.144025629 	39.9532477525 	-1.35043031389 	-7.51161246365e-20
0.336 	0.187447698745 	8.75011569304e-19 	0.159668958246 	0.000580456081479 	275.075002813 	-171.192126738 	39.9751295019 	-1.27334161571 	2.88599983951e-19
0.336 	0.188912133891 	2.08388362167e-19 	0.159668958246 	0.000580456081479 	275.075002813 	-171.192126738 	39.9751295019 	-1.27334161571 	2.88599983951e-19
0.336 	0.190376569038 	-5.63518693586e-19 	0.159202134871 	0.000579601590472 	274.675117336 	-171.241098475 	39.9963932907 	-1.19609493466 	9.7856900316e-20
0.336 	0.191841004184 	-1.82254867198e-20 	0.159202134871 	0.000579601590472 	274.675117336 	-171.241098475 	39.9963932907 	-1.19609493466 	9.7856900316e-20
0.336 	0.193305439331 	7.36725536909e-19 	0.15875723599 	0.000578791107588 	274.291076537 	-171.292051622 	40.0170402406 	-1.11868214712 	3.76826832267e-20
0.336 	0.194769874477 	-1.04762689637e-18 	0.158333493173 	0.000578023179854 	273.92239393 	-171.346130868 	40.0370710522 	-1.04109465426 	-2.05903733742e-20
0.336 	0.196234309623 	8.48701043067e-19 	0.158333493173 	0.000578023179854 	273.92239393 	-171.346130868 	40.0370710522 	-1.04109465426 	-2.05903733742e-20
0.336 	0.19769874477 	6.74169008101e-19 	0.157930186136 	0.000577296438419 	273.568613325 	-171.404515062 	40.0564864605 	-0.963323296804 	-1.23827967496e-19
0.336 	0.199163179916 	-6.9488168747e-19 	0.157930186136 	0.000577296438419 	273.568613325 	-171.404515062 	40.0564864605 	-0.963323296804 	-1.23827967496e-19
0.336 	0.200627615063 	-4.08343146098e-19 	0.157546650087 	0.000576609613946 	273.229315426 	-171.468418748 	40.0752874092 	-0.885358332805 	7.93757189432e-21
0.336 	0.202092050209 	-1.42781918245e-18 	0.157546650087 	0.000576609613946 	273.229315426 	-171.468418748 	40.0752874092 	-0.885358332805 	7.93757189432e-21
0.336 	0.203556485356 	1.20927990196e-18 	0.157182277208 	0.000575961540759 	272.904119607 	-171.539091991 	40.0934749646 	-0.807189174487 	3.31787623746e-19
0.336 	0.205020920502 	-2.41211930586e-19 	0.157182277208 	0.000575961540759 	272.904119607 	-171.539091991 	40.0934749646 	-0.807189174487 	3.31787623746e-19
0.336 	0.206485355649 	-1.94755770514e-19 	0.156836513953 	0.000575351153044 	272.592682092 	-171.61782234 	40.111049838 	-0.728804378921 	1.19762067885e-20
0.336 	0.207949790795 	6.05589262317e-19 	0.156508858971 	0.000574777482932 	272.29469424 	-171.705937321 	40.1280121648 	-0.65019176906 	-1.276422349e-19
0.336 	0.209414225941 	-2.37832612564e-19 	0.156508858971 	0.000574777482932 	272.29469424 	-171.705937321 	40.1280121648 	-0.65019176906 	-1.276422349e-19
0.336 	0.210878661088 	6.89906184689e-20 	0.156198858372 	0.000574239653187 	272.009878636 	-171.804797216 	40.1443614204 	-0.571337527479 	3.86130368775e-20
0.336 	0.212343096234 	6.35835662119e-19 	0.156198858372 	0.000574239653187 	272.009878636 	-171.804797216 	40.1443614204 	-0.571337527479 	3.86130368775e-20
0.336 	0.213807531381 	3.65057573396e-19 	0.155906127674 	0.000573736923771 	271.738006069 	-171.915823842 	40.1600964941 	-0.492229128874 	1.16938473969e-19
0.336 	0.215271966527 	1.28698970824e-18 	0.155906127674 	0.000573736923771 	271.738006069 	-171.915823842 	40.1600964941 	-0.492229128874 	1.16938473969e-19
0.336 	0.216736401674 	-5.5943566319e-19 	0.155630316669 	0.000573268621092 	271.47886862 	-172.04043014 	40.1752164344 	-0.412847756142 	-2.49052659565e-19
0.336 	0.21820083682 	4.4920459851e-19 	0.155630316669 	0.000573268621092 	271.47886862 	-172.04043014 	40.1752164344 	-0.412847756142 	-2.49052659565e-19
0.336 	0.219665271967 	1.88604997458e-19 	0.155371186779 	0.000572834296503 	271.232340185 	-172.180180557 	40.1897177859 	-0.3331845672 	3.369178299e-20
0.336 	0.221129707113 	-1.27672221534e-20 	0.155371186779 	0.000572834296503 	271.232340185 	-172.180180557 	40.1897177859 	-0.3331845672 	3.369178299e-20
0.336 	0.222594142259 	-2.64732485716e-19 	0.155128458753 	0.000572433415569 	270.998258545 	-172.336500046 	40.2035990862 	-0.253210991549 	1.00777593377e-19
0.336 	0.224058577406 	-1.14850727664e-18 	0.155128458753 	0.000572433415569 	270.998258545 	-172.336500046 	40.2035990862 	-0.253210991549 	1.00777593377e-19
0.336 	0.225523012552 	4.04611846959e-19 	0.154902007298 	0.00057206575577 	270.77657723 	-172.511104927 	40.2168493929 	-0.172923725637 	-2.93042719847e-19
0.336 	0.226987447699 	1.69628227768e-20 	0.154902007298 	0.00057206575577 	270.77657723 	-172.511104927 	40.2168493929 	-0.172923725637 	-2.93042719847e-19
0.336 	0.228451882845 	-8.9977223075e-19 	0.154691642185 	0.000571730959771 	270.567195184 	-172.705597855 	40.2294693896 	-0.0922965437235 	1.26747244224e-19
0.336 	0.229916317992 	2.22291988679e-19 	0.154691642185 	0.000571730959771 	270.567195184 	-172.705597855 	40.2294693896 	-0.0922965437235 	1.26747244224e-19
0.336 	0.231380753138 	8.40382140731e-19 	0.154497199541 	0.000571428717925 	270.370029882 	-172.921359792 	40.2414370994 	-0.0112966309127 	1.01545592558e-19
0.336 	0.232845188285 	-3.5044337026e-19 	0.154497199541 	0.000571428717925 	270.370029882 	-172.921359792 	40.2414370994 	-0.0112966309127 	1.01545592558e-19
0.336 	0.234309623431 	2.62146231864e-20 	0.154318854173 	0.000571159414857 	270.185258544 	-173.161166676 	40.2527617618 	0.0700284823212 	1.37481937826e-19
0.336 	0.235774058577 	2.9362055877e-19 	0.154318854173 	0.000571159414857 	270.185258544 	-173.161166676 	40.2527617618 	0.0700284823212 	1.37481937826e-19
0.336 	0.237238493724 	3.39615755995e-19 	0.154156074528 	0.000570921975551 	270.012508064 	-173.424584275 	40.2634084665 	0.151845110555 	-1.75063658091e-19
0.336 	0.23870292887 	7.35825574459e-19 	0.154156074528 	0.000570921975551 	270.012508064 	-173.424584275 	40.2634084665 	0.151845110555 	-1.75063658091e-19
0.336 	0.240167364017 	7.37144252535e-19 	0.154156074528 	0.000570921975551 	270.012508064 	-173.424584275 	40.2634084665 	0.151845110555 	-1.75063658091e-19
0.336 	0.241631799163 	5.30484512944e-19 	0.154009806898 	0.000570718364212 	269.852551724 	-173.717367281 	40.2733933622 	0.233909293338 	-9.92050387391e-20
0.336 	0.24309623431 	1.4898823445e-19 	0.154009806898 	0.000570718364212 	269.852551724 	-173.717367281 	40.2733933622 	0.233909293338 	-9.92050387391e-20
0.336 	0.244560669456 	1.03408322949e-18 	0.15387881083 	0.000570546040843 	269.704458211 	-174.035378531 	40.2826692881 	0.316647801152 	9.88986169206e-20
0.336 	0.246025104603 	-9.42010175924e-19 	0.15387881083 	0.000570546040843 	269.704458211 	-174.035378531 	40.2826692881 	0.316647801152 	9.88986169206e-20
0.336 	0.247489539749 	-4.31503417568e-20 	0.153765291514 	0.000570409549453 	269.569981185 	-174.389541262 	40.29125287 	0.39946821277 	-2.02945163898e-20
0.336 	0.248953974895 	-3.48109868307e-19 	0.153765291514 	0.000570409549453 	269.569981185 	-174.389541262 	40.29125287 	0.39946821277 	-2.02945163898e-20
0.336 	0.250418410042 	5.78557037566e-19 	0.15366662007 	0.000570303468145 	269.447107818 	-174.768759202 	40.2990967412 	0.483290115978 	-8.87300440962e-20
0.336 	0.251882845188 	-3.76554528428e-19 	0.15366662007 	0.000570303468145 	269.447107818 	-174.768759202 	40.2990967412 	0.483290115978 	-8.87300440962e-20
0.336 	0.253347280335 	-1.37141639982e-18 	0.15358764556 	0.000570237747003 	269.339668178 	-175.19462447 	40.306207502 	0.566772498815 	8.8417067481e-20
0.336 	0.254811715481 	-1.38330061394e-20 	0.15358764556 	0.000570237747003 	269.339668178 	-175.19462447 	40.306207502 	0.566772498815 	8.8417067481e-20
0.336 	0.256276150628 	5.47278238698e-19 	0.15358764556 	0.000570237747003 	269.339668178 	-175.19462447 	40.306207502 	0.566772498815 	8.8417067481e-20
0.336 	0.257740585774 	2.02451614069e-19 	0.153522168221 	0.000570199547604 	269.242879735 	-175.640423458 	40.3125497718 	0.651963277518 	8.37681308552e-20
0.336 	0.259205020921 	-8.30005973456e-20 	0.153522168221 	0.000570199547604 	269.242879735 	-175.640423458 	40.3125497718 	0.651963277518 	8.37681308552e-20
0.336 	0.260669456067 	-2.51111310026e-19 	0.153480313485 	0.000570209631604 	269.164715883 	-176.151060185 	40.3181053536 	0.735845622508 	-9.09672153709e-20
0.336 	0.262133891213 	5.62985279708e-20 	0.153480313485 	0.000570209631604 	269.164715883 	-176.151060185 	40.3181053536 	0.735845622508 	-9.09672153709e-20
0.336 	0.26359832636 	2.28558819222e-19 	0.153447878947 	0.000570238559617 	269.094182354 	-176.666322319 	40.3227961502 	0.822882811987 	1.03075415148e-19
0.336 	0.265062761506 	1.32400243791e-18 	0.153447878947 	0.000570238559617 	269.094182354 	-176.666322319 	40.3227961502 	0.822882811987 	1.03075415148e-19
0.336 	0.266527196653 	2.75167008309e-19 	0.153447878947 	0.000570238559617 	269.094182354 	-176.666322319 	40.3227961502 	0.822882811987 	1.03075415148e-19
0.336 	0.267991631799 	-3.05429655356e-19 	0.153445952101 	0.000570329507108 	269.047892821 	-177.279553527 	40.3266298784 	0.90659286486 	2.30362946887e-20
0.336 	0.269456066946 	7.35952024458e-19 	0.153445952101 	0.000570329507108 	269.047892821 	-177.279553527 	40.3266298784 	0.90659286486 	2.30362946887e-20
0.336 	0.270920502092 	-1.75914911588e-19 	0.153445976989 	0.000570423108986 	269.003787841 	-177.863296748 	40.3293555825 	0.996174832624 	-1.09967801518e-19
0.336 	0.272384937238 	1.13250556125e-18 	0.153445976989 	0.000570423108986 	269.003787841 	-177.863296748 	40.3293555825 	0.996174832624 	-1.09967801518e-19
0.336 	0.273849372385 	-1.22822555647e-18 	0.153445976989 	0.000570423108986 	269.003787841 	-177.863296748 	40.3293555825 	0.996174832624 	-1.09967801518e-19
0.336 	0.275313807531 	-4.14844162218e-19 	0.153489577162 	0.000570604206352 	268.994822423 	-178.599637084 	40.3312558267 	1.07879855601 	8.03090019449e-20
0.336 	0.276778242678 	-1.2398669222e-18 	0.153489577162 	0.000570604206352 	268.994822423 	-178.599637084 	40.3312558267 	1.07879855601 	8.03090019449e-20
0.336 	0.278242677824 	1.45353352534e-18 	0.153522727538 	0.000570759928564 	268.979512848 	-179.253700803 	40.331841276 	1.17173099121 	1.24744785037e-19
0.336 	0.279707112971 	-4.9686729813e-19 	0.153522727538 	0.000570759928564 	268.979512848 	-179.253700803 	40.331841276 	1.17173099121 	1.24744785037e-19
0.336 	0.281171548117 	-8.46782035448e-19 	0.153522727538 	0.000570759928564 	268.979512848 	-179.253700803 	40.331841276 	1.17173099121 	1.24744785037e-19
0.336 	0.282635983264 	5.57485856902e-19 	0.153618967647 	0.000571038685532 	269.016743592 	-180.134472214 	40.3316824467 	1.2517935353 	6.48717167907e-20
0.336 	0.28410041841 	1.52073577515e-19 	0.153618967647 	0.000571038685532 	269.016743592 	-180.134472214 	40.3316824467 	1.2517935353 	6.48717167907e-20
0.336 	0.285564853556 	7.21561295963e-19 	0.153673110964 	0.000571218904775 	269.026654544 	-180.841215563 	40.3298986868 	1.3501530203 	-9.39695029082e-21
0.336 	0.287029288703 	-1.19229121859e-18 	0.153673110964 	0.000571218904775 	269.026654544 	-180.841215563 	40.3298986868 	1.3501530203 	-9.39695029082e-21
0.336 	0.288493723849 	-3.15808861382e-19 	0.153673110964 	0.000571218904775 	269.026654544 	-180.841215563 	40.3298986868 	1.3501530203 	-9.39695029082e-21
0.336 	0.289958158996 	9.81493994762e-19 	0.15379823206 	0.000571523345513 	269.102274241 	-181.924887243 	40.3280904551 	1.42427525508 	-4.84861064973e-20
0.336 	0.291422594142 	1.14690837346e-19 	0.15379823206 	0.000571523345513 	269.102274241 	-181.924887243 	40.3280904551 	1.42427525508 	-4.84861064973e-20
0.336 	0.292887029289 	8.38747687963e-19 	0.15379823206 	0.000571523345513 	269.102274241 	-181.924887243 	40.3280904551 	1.42427525508 	-4.84861064973e-20
0.336 	0.294351464435 	-6.31649857751e-20 	0.153775161079 	0.000571487342146 	269.078857463 	-182.652014297 	40.3225403976 	1.53164888565 	-2.09435411374e-20
0.336 	0.295815899582 	2.9474475233e-19 	0.153775161079 	0.000571487342146 	269.078857463 	-182.652014297 	40.3225403976 	1.53164888565 	-2.09435411374e-20
0.336 	0.297280334728 	-3.99942958441e-19 	0.153840513109 	0.000571565536975 	269.156383925 	-183.987521484 	40.3155134261 	1.59477311648 	-3.86555963736e-21
0.336 	0.298744769874 	6.92826803893e-19 	0.153840513109 	0.000571565536975 	269.156383925 	-183.987521484 	40.3155134261 	1.59477311648 	-3.86555963736e-21
0.336 	0.300209205021 	-6.24528428695e-19 	0.153828447519 	0.00057163766368 	269.101315908 	-185.240461855 	40.3446622577 	1.58690464921 	1.1491239611e-20
0.336 	0.301673640167 	5.74989587549e-19 	0.153708979471 	0.000571211438658 	269.092964651 	-185.943149157 	40.330543303 	1.70806784985 	1.97214406754e-20
0.336 	0.303138075314 	1.72301366494e-19 	0.153708979471 	0.000571211438658 	269.092964651 	-185.943149157 	40.330543303 	1.70806784985 	1.97214406754e-20
0.336 	0.30460251046 	5.88063493938e-19 	0.153708979471 	0.000571211438658 	269.092964651 	-185.943149157 	40.330543303 	1.70806784985 	1.97214406754e-20
0.336 	0.306066945607 	-5.81281899456e-19 	0.153823691186 	0.000570993123966 	269.396748805 	-187.643871858 	40.3234223257 	1.75074692704 	4.21315844366e-20
0.336 	0.307531380753 	3.09365748928e-19 	0.153823691186 	0.000570993123966 	269.396748805 	-187.643871858 	40.3234223257 	1.75074692704 	4.21315844366e-20
0.336 	0.3089958159 	3.0028922308e-19 	0.153642551465 	0.000569615656349 	269.730211507 	-188.265802478 	40.3199163691 	1.8974066783 	-4.52808539625e-20
0.336 	0.310460251046 	6.94280714391e-19 	0.153642551465 	0.000569615656349 	269.730211507 	-188.265802478 	40.3199163691 	1.8974066783 	-4.52808539625e-20
0.336 	0.311924686192 	1.34181143806e-19 	0.153642551465 	0.000569615656349 	269.730211507 	-188.265802478 	40.3199163691 	1.8974066783 	-4.52808539625e-20
0.336 	0.313389121339 	1.81565342022e-19 	0.153526576748 	0.000567287764448 	270.632624868 	-190.441213653 	40.3134819046 	1.90654467147 	-6.58738903194e-21
0.336 	0.314853556485 	1.9597614284e-19 	0.153526576748 	0.000567287764448 	270.632624868 	-190.441213653 	40.3134819046 	1.90654467147 	-6.58738903194e-21
0.336 	0.316317991632 	-1.1039113903e-19 	0.153526576748 	0.000567287764448 	270.632624868 	-190.441213653 	40.3134819046 	1.90654467147 	-6.58738903194e-21
0.336 	0.317782426778 	-7.66752346127e-19 	0.153638341705 	0.000564003005963 	272.406955425 	-190.844250228 	40.2659534597 	2.08818681282 	-3.72231403218e-20
0.336 	0.319246861925 	-4.93169335269e-19 	0.153638341705 	0.000564003005963 	272.406955425 	-190.844250228 	40.2659534597 	2.08818681282 	-3.72231403218e-20
0.336 	0.320711297071 	2.6953831454e-19 	0.153638341705 	0.000564003005963 	272.406955425 	-190.844250228 	40.2659534597 	2.08818681282 	-3.72231403218e-20
0.336 	0.322175732218 	-3.5899037154e-19 	0.153155325263 	0.000560954867695 	273.026109734 	-193.540531424 	40.2414114898 	2.05194625351 	8.22865441125e-20
0.336 	0.323640167364 	7.54122952054e-19 	0.153155325263 	0.000560954867695 	273.026109734 	-193.540531424 	40.2414114898 	2.05194625351 	8.22865441125e-20
0.336 	0.32510460251 	-6.68920764543e-19 	0.153155325263 	0.000560954867695 	273.026109734 	-193.540531424 	40.2414114898 	2.05194625351 	8.22865441125e-20
0.336 	0.326569037657 	6.0680187695e-19 	0.153671253126 	0.000560992580074 	273.927425396 	-193.727587581 	40.501606655 	2.3039937455 	-1.89574612262e-19
0.336 	0.328033472803 	-8.78224399952e-19 	0.153671253126 	0.000560992580074 	273.927425396 	-193.727587581 	40.501606655 	2.3039937455 	-1.89574612262e-19
0.336 	0.32949790795 	2.3142837437e-19 	0.153671253126 	0.000560992580074 	273.927425396 	-193.727587581 	40.501606655 	2.3039937455 	-1.89574612262e-19
0.336 	0.330962343096 	-1.13073083168e-18 	0.154306159223 	0.000561590844017 	274.766159148 	-196.932577746 	39.8667263716 	2.1306528238 	-5.4172868804e-20
0.336 	0.332426778243 	-1.25685910087e-20 	0.154306159223 	0.000561590844017 	274.766159148 	-196.932577746 	39.8667263716 	2.1306528238 	-5.4172868804e-20
0.336 	0.333891213389 	4.37889481144e-19 	0.154306159223 	0.000561590844017 	274.766159148 	-196.932577746 	39.8667263716 	2.1306528238 	-5.4172868804e-20
