-0.89 	0 	0 	4.65210811765 	3.52403513344e-05 	126313.298285 	11.5217134406 	14.7391653845 	0.000697837079527 	0
-0.89 	0.00146443514644 	-2.25789687032e-18 	5.83247723576 	0.000613215236627 	9511.30514604 	11.5297768076 	26.0528728314 	0.00852900836815 	0
-0.89 	0.00292887029289 	-6.93673600023e-19 	4.98155009821 	0.000841220369633 	5820.7078466 	11.5382868431 	28.8939232491 	0.0183010734749 	0
-0.89 	0.00439330543933 	-3.50512268337e-19 	3.4125457877 	0.000683552422589 	4384.0831164 	11.5484527944 	31.6123036025 	0.035900765339 	0
-0.89 	0.00585774058577 	-1.11686650579e-18 	1.61170433588 	0.000478977487217 	3344.54965324 	11.554599996 	33.613691167 	0.0551980615477 	0
-0.89 	0.00732217573222 	-1.04111083049e-18 	0.326044066456 	0.00019797217573 	1646.91864023 	11.5584287831 	34.808846792 	0.0699556884953 	0
-0.89 	0.00878661087866 	-2.28251491979e-18 	0.143969554874 	0.000304949591235 	472.109355159 	11.5604727057 	34.9571757718 	0.0717423942787 	0
-0.89 	0.0102510460251 	-3.68607159608e-18 	0.131824502898 	0.000488015546638 	270.12357251 	11.5626934824 	34.9542710018 	0.0714223046274 	0
-0.89 	0.0117154811715 	-8.67145947621e-19 	0.130454127461 	0.000533877505626 	244.352170837 	11.5651541098 	34.9405868155 	0.0708993328146 	0
-0.89 	0.013179916318 	-2.04556651961e-18 	0.130173312107 	0.000539864740312 	241.122085565 	11.5678565663 	34.9246568354 	0.070292057019 	0
-0.89 	0.0146443514644 	-2.71752295282e-18 	0.130031090988 	0.00054146409241 	240.14720978 	11.5708074686 	34.9091490516 	0.069639351011 	0
-0.89 	0.0161087866109 	-1.50899363373e-18 	0.129960458738 	0.000542771075316 	239.438806981 	11.573196554 	34.8984159059 	0.0691294821684 	0
-0.89 	0.0175732217573 	-4.26720396054e-18 	0.129917476108 	0.000544321835766 	238.677685831 	11.5757485467 	34.8885719724 	0.0686043547989 	0
-0.89 	0.0190376569038 	3.62338203121e-20 	0.129893127348 	0.000546471869521 	237.69407831 	11.5794254318 	34.8767757188 	0.067880548391 	0
-0.89 	0.0205020920502 	9.21902927374e-19 	0.129890028641 	0.000547945474731 	237.049185787 	11.5824055608 	34.8688133922 	0.0673191605206 	0
-0.89 	0.0219665271967 	-1.80974658986e-19 	0.129893001853 	0.00054920858942 	236.509414374 	11.5855918054 	34.8614880541 	0.0667408384516 	0
-0.89 	0.0234309623431 	1.60624158766e-19 	0.129897832203 	0.000550241155058 	236.074366682 	11.5889990598 	34.8546879445 	0.066144447465 	0
-0.89 	0.0248953974895 	-1.71282364216e-18 	0.129900797258 	0.000550807899732 	235.83684497 	11.5914011572 	34.8503965626 	0.0657362143301 	0
-0.89 	0.026359832636 	-3.53292423416e-18 	0.129903876643 	0.000551497730407 	235.547436518 	11.595212649 	34.8442618602 	0.0651070069671 	0
-0.89 	0.0278242677824 	-1.71445794376e-18 	0.129904938745 	0.000552026709143 	235.323647557 	11.5992900503 	34.8384356352 	0.0644565587967 	0
-0.89 	0.0292887029289 	-8.84493182381e-19 	0.129904577812 	0.000552307100669 	235.203526543 	11.6021653856 	34.8347005269 	0.0640106115532 	0
-0.89 	0.0307531380753 	-6.45968704434e-19 	0.129903495372 	0.000552540400659 	235.102257169 	11.6051732904 	34.831072906 	0.0635544819359 	0
-0.89 	0.0322175732218 	-1.16469493174e-18 	0.129900819991 	0.000552819011419 	234.978930369 	11.6099474283 	34.8258152096 	0.0628506123858 	0
-0.89 	0.0336820083682 	-2.67559517133e-18 	0.129898521735 	0.000552966590669 	234.912061465 	11.6133146534 	34.8224221541 	0.0623678709979 	0
-0.89 	0.0351464435146 	1.43569946674e-18 	0.129895935508 	0.000553089767939 	234.855068811 	11.6168375347 	34.8191112384 	0.0618740345103 	0
-0.89 	0.0366108786611 	8.99046265216e-19 	0.129891691486 	0.0005532378135 	234.784550724 	11.6224297261 	34.8142862328 	0.0611119194833 	0
-0.89 	0.0380753138075 	9.6815184287e-20 	0.12988870723 	0.000553316857381 	234.745617267 	11.6263743136 	34.8111562159 	0.0605892338744 	0
-0.89 	0.039539748954 	1.2313142948e-18 	0.129885651838 	0.000553383267421 	234.711924781 	11.6305014883 	34.8080900836 	0.0600545689334 	0
-0.89 	0.0410041841004 	8.32555961452e-19 	0.129882559057 	0.000553439160915 	234.68263222 	11.6348197229 	34.8050836685 	0.0595076771377 	0
-0.89 	0.0424686192469 	9.64340352238e-19 	0.12987945493 	0.000553486279747 	234.657045138 	11.6393378586 	34.8021331889 	0.0589483139606 	0
-0.89 	0.0439330543933 	-9.759192552e-19 	0.129876359471 	0.000553526060115 	234.634588738 	11.6440651176 	34.7992352004 	0.0583762382245 	0
-0.89 	0.0453974895397 	-8.45461904171e-19 	0.129874819922 	0.000553543577736 	234.624382155 	11.6465101575 	34.7978048952 	0.0580853587923 	0
-0.89 	0.0468619246862 	3.08129207353e-19 	0.129871764909 	0.000553574510929 	234.605752875 	11.6515692566 	34.7949798156 	0.0574937703493 	0
-0.89 	0.0483263598326 	-9.89547571334e-19 	0.129868749996 	0.000553600703471 	234.589206953 	11.6568622815 	34.7921998148 	0.0568888839034 	0
-0.89 	0.0497907949791 	-1.6744716327e-18 	0.129865782527 	0.00055362290065 	234.574441149 	11.6623998835 	34.7894623153 	0.05627047372 	0
-0.89 	0.0512552301255 	2.82108355214e-19 	0.129864318299 	0.00055363269938 	234.567644657 	11.6652638481 	34.7881087476 	0.0559561282597 	0
-0.89 	0.052719665272 	-9.01840417141e-19 	0.129861431345 	0.00055365003603 	234.55508515 	11.6711892413 	34.785430552 	0.0553170222072 	0
-0.89 	0.0541841004184 	5.63979185025e-19 	0.129858602042 	0.00055366474521 	234.543743601 	11.6773877661 	34.7827891474 	0.0546638554189 	0
-0.89 	0.0556485355649 	5.5099049399e-19 	0.12985720961 	0.000553671241679 	234.53847669 	11.6805932534 	34.7814815986 	0.0543319359233 	0
-0.89 	0.0571129707113 	-8.75488978191e-19 	0.129854469878 	0.000553682736727 	234.52865922 	11.6872245346 	34.7788915849 	0.0536573029359 	0
-0.89 	0.0585774058577 	-1.38322618172e-18 	0.12985312271 	0.000553687812016 	234.524076369 	11.6906535607 	34.7776086508 	0.0533145425624 	0
-0.89 	0.0600418410042 	-8.9777010175e-19 	0.12985047381 	0.000553696786949 	234.515490916 	11.6977466891 	34.7750657996 	0.0526180218997 	0
-0.89 	0.0615062761506 	-4.42138696007e-19 	0.129849171998 	0.000553700746043 	234.511462962 	11.7014142048 	34.773805448 	0.0522642189391 	0
-0.89 	0.0629707112971 	-1.69475632965e-18 	0.129846613254 	0.000553707738612 	234.503880295 	11.7089999029 	34.771305845 	0.0515454270822 	0
-0.89 	0.0644351464435 	-5.41885295875e-19 	0.1298453561 	0.000553710818362 	234.500305565 	11.712921683 	34.7700661888 	0.0511804005108 	0
-0.89 	0.06589958159 	-1.04336957094e-18 	0.129842885551 	0.000553716247071 	234.493544732 	11.7210323321 	34.7676061877 	0.0504389989751 	0
-0.89 	0.0673640167364 	-1.17309624996e-19 	0.129841671844 	0.000553718632197 	234.490342738 	11.7252249849 	34.7663854637 	0.0500625922208 	0
-0.89 	0.0688284518828 	-2.2529826151e-19 	0.12984047229 	0.000553720819615 	234.487250056 	11.7295117641 	34.765170678 	0.0496823621065 	0
-0.89 	0.0702928870293 	2.29149467907e-18 	0.129838114921 	0.000553724659213 	234.481366795 	11.7383756091 	34.7627582046 	0.0489103807489 	0
-0.89 	0.0717573221757 	-1.5831509622e-18 	0.129836956728 	0.000553726337582 	234.478564439 	11.7429567056 	34.7615601675 	0.0485186071361 	0
-0.89 	0.0732217573222 	-6.58979130504e-19 	0.12983581194 	0.0005537278708 	234.47584777 	11.7476399893 	34.7603673692 	0.0481229655531 	0
-0.89 	0.0746861924686 	-4.39025887166e-19 	0.129833561783 	0.000553730543875 	234.470652232 	11.7573215116 	34.7579968262 	0.0473200490343 	0
-0.89 	0.0761506276151 	-5.33902090517e-19 	0.129832456015 	0.000553731702811 	234.468164556 	11.7623240209 	34.7568187576 	0.0469127632081 	0
-0.89 	0.0776150627615 	-1.20108021675e-18 	0.129831362852 	0.00055373275488 	234.465744906 	11.7674372578 	34.7556452799 	0.0465015877788 	0
-0.89 	0.0790794979079 	2.69097929144e-19 	0.129830282095 	0.000553733707923 	234.463389599 	11.7726634291 	34.7544762385 	0.0460865214684 	0
-0.89 	0.0805439330544 	-1.07531276474e-18 	0.129829213543 	0.000553734569197 	234.461095198 	11.7780047695 	34.7533114814 	0.045667564808 	0
-0.89 	0.0820083682008 	1.56786068897e-19 	0.129827112263 	0.000553736042815 	234.456676512 	11.7890420293 	34.7509942265 	0.0448179921038 	0
-0.89 	0.0834728033473 	1.06948912706e-18 	0.129826079144 	0.000553736667141 	234.454546444 	11.7947425488 	34.7498414383 	0.0443873869241 	0
-0.89 	0.0849372384937 	1.80559574287e-18 	0.129825057447 	0.000553737223738 	234.452465686 	11.8005674358 	34.7486923537 	0.0439529133017 	0
-0.89 	0.0864016736402 	-9.1051403452e-19 	0.129824046984 	0.000553737717554 	234.4504318 	11.8065190498 	34.7475468342 	0.0435145821072 	0
-0.89 	0.0878661087866 	-1.25745872972e-18 	0.129823047568 	0.000553738153174 	234.448442506 	11.8125997726 	34.7464047436 	0.0430724065575 	0
-0.89 	0.0893305439331 	-4.72496356836e-19 	0.129822059014 	0.000553738534851 	234.446495671 	11.8188120059 	34.7452659484 	0.042626402315 	0
-0.89 	0.0907949790795 	-1.0492919126e-18 	0.129821081143 	0.000553738866529 	234.4445893 	11.8251581706 	34.7441303175 	0.04217658759 	0
-0.89 	0.0922594142259 	-7.19694452163e-19 	0.129820113777 	0.000553739151867 	234.442721522 	11.831640705 	34.7429977225 	0.0417229832456 	0
-0.89 	0.0937238493724 	-7.71736156442e-19 	0.129819156743 	0.000553739394258 	234.440890587 	11.8382620627 	34.7418680374 	0.0412656129056 	0
-0.89 	0.0951882845188 	-2.13210380979e-19 	0.129817272997 	0.000553739762581 	234.437332786 	11.8519311285 	34.7396169062 	0.0403396832048 	0
-0.89 	0.0966527196653 	-3.91642294974e-19 	0.129816345956 	0.000553739894151 	234.435602937 	11.8589838034 	34.7384952212 	0.0398711859063 	0
-0.89 	0.0981171548117 	-2.55138973734e-19 	0.12981542859 	0.000553739994088 	234.433903955 	11.8661852307 	34.7373759683 	0.0393990469727 	0
-0.89 	0.0995815899582 	-1.16016763506e-19 	0.129814520746 	0.000553740064733 	234.432234569 	11.8735379092 	34.7362590347 	0.0389233055496 	0
-0.89 	0.101046025105 	-1.47812901871e-19 	0.129813622271 	0.000553740108262 	234.430593584 	11.8810443394 	34.7351443105 	0.0384440042509 	0
-0.89 	0.102510460251 	-4.54674477192e-19 	0.129812733021 	0.000553740126697 	234.428979881 	11.8887070199 	34.7340316885 	0.0379611892859 	0
-0.89 	0.103974895397 	-6.04995312918e-20 	0.129812733021 	0.000553740126697 	234.428979881 	11.8887070199 	34.7340316885 	0.0379611892859 	0
-0.89 	0.105439330544 	-3.16371243998e-19 	0.129811852851 	0.000553740121917 	234.427392405 	11.8965284443 	34.7329210644 	0.0374749105893 	0
-0.89 	0.10690376569 	-4.50812313387e-19 	0.129810981623 	0.000553740095667 	234.425830166 	11.9045110979 	34.7318123368 	0.0369852219542 	0
-0.89 	0.108368200837 	2.64761120454e-19 	0.129810119202 	0.000553740049572 	234.424292234 	11.9126574533 	34.7307054076 	0.0364921811675 	0
-0.89 	0.109832635983 	1.1928381801e-18 	0.129809265458 	0.00055373998514 	234.422777732 	11.9209699672 	34.7296001817 	0.035995850147 	0
-0.89 	0.11129707113 	3.64507720322e-19 	0.129808420262 	0.000553739903775 	234.421285837 	11.9294510754 	34.7284965675 	0.0354962950812 	0
-0.89 	0.112761506276 	-4.85938363641e-19 	0.129807583492 	0.000553739806783 	234.419815773 	11.9381031883 	34.7273944766 	0.0349935865708 	0
-0.89 	0.114225941423 	3.18549915287e-19 	0.129806755029 	0.000553739695378 	234.418366812 	11.9469286865 	34.7262938242 	0.0344877997731 	0
-0.89 	0.115690376569 	-4.58316845581e-19 	0.129805934758 	0.000553739570689 	234.416938267 	11.9559299148 	34.7251945294 	0.0339790145461 	0
-0.89 	0.117154811715 	-1.59319874551e-18 	0.129805122566 	0.000553739433767 	234.41552949 	11.965109177 	34.724096515 	0.0334673155958 	0
-0.89 	0.118619246862 	1.24632381945e-18 	0.129804318347 	0.000553739285592 	234.414139876 	11.9744687302 	34.7229997078 	0.0329527926239 	0
-0.89 	0.120083682008 	3.16802824733e-19 	0.129804318347 	0.000553739285592 	234.414139876 	11.9744687302 	34.7229997078 	0.0329527926239 	0
-0.89 	0.121548117155 	1.65014520585e-19 	0.129803521997 	0.000553739127072 	234.412768849 	11.9840107778 	34.7219040389 	0.0324355404766 	0
-0.89 	0.123012552301 	-6.42063476479e-19 	0.129802733416 	0.000553738959057 	234.411415872 	11.9937374633 	34.7208094439 	0.031915659293 	0
-0.89 	0.124476987448 	-7.85463811112e-19 	0.129801952508 	0.000553738782334 	234.410080437 	12.003650863 	34.7197158628 	0.0313932546557 	0
-0.89 	0.125941422594 	4.84628012866e-19 	0.129801179181 	0.000553738597639 	234.408762067 	12.0137529785 	34.7186232409 	0.030868437739 	0
-0.89 	0.127405857741 	-9.1485084321e-19 	0.129801179181 	0.000553738597639 	234.408762067 	12.0137529785 	34.7186232409 	0.030868437739 	0
-0.89 	0.128870292887 	-2.0361421806e-19 	0.129800413348 	0.000553738405658 	234.407460313 	12.0240457285 	34.717531528 	0.0303413254576 	0
-0.89 	0.130334728033 	-1.36587894696e-18 	0.129799654924 	0.000553738207027 	234.406174753 	12.0345309402 	34.7164406798 	0.0298120406141 	0
-0.89 	0.13179916318 	7.59838466035e-19 	0.129798903829 	0.000553738002342 	234.404904991 	12.0452103408 	34.7153506574 	0.0292807120448 	0
-0.89 	0.133263598326 	-2.69050930658e-19 	0.129798159987 	0.000553737792157 	234.403650654 	12.0560855475 	34.7142614278 	0.0287474747624 	0
-0.89 	0.134728033473 	-2.81676774479e-19 	0.129798159987 	0.000553737792157 	234.403650654 	12.0560855475 	34.7142614278 	0.0287474747624 	0
-0.89 	0.136192468619 	1.52004094515e-19 	0.129797423326 	0.00055373757699 	234.402411394 	12.0671580574 	34.7131729644 	0.0282124700972 	0
-0.89 	0.137656903766 	-5.83341070137e-19 	0.129796693778 	0.000553737357324 	234.401186882 	12.0784292373 	34.7120852471 	0.0276758458329 	0
-0.89 	0.139121338912 	-6.21729188038e-19 	0.129795971279 	0.000553737133609 	234.399976814 	12.0899003121 	34.7109982627 	0.0271377563402 	0
-0.89 	0.140585774059 	-1.23143787758e-18 	0.129795971279 	0.000553737133609 	234.399976814 	12.0899003121 	34.7109982627 	0.0271377563402 	0
-0.89 	0.142050209205 	-5.46222104565e-19 	0.129795255769 	0.000553736906267 	234.398780902 	12.101572353 	34.7099120054 	0.0265983627029 	0
-0.89 	0.143514644351 	8.31842422975e-20 	0.129794547194 	0.00055373667569 	234.397598881 	12.1134462652 	34.708826477 	0.0260578328395 	0
-0.89 	0.144979079498 	5.05696986213e-19 	0.129793845501 	0.000553736442249 	234.396430501 	12.1255227745 	34.7077416875 	0.0255163416167 	0
-0.89 	0.146443514644 	-5.67906148015e-19 	0.129793845501 	0.000553736442249 	234.396430501 	12.1255227745 	34.7077416875 	0.0255163416167 	0
-0.89 	0.147907949791 	-3.0345410048e-19 	0.129793150645 	0.000553736206286 	234.395275532 	12.1378024138 	34.7066576553 	0.0249740709553 	0
-0.89 	0.149372384937 	1.85972304553e-19 	0.129792462582 	0.000553735968126 	234.394133762 	12.1502855083 	34.705574408 	0.0244312099261 	0
-0.89 	0.150836820084 	3.77518146392e-19 	0.129792462582 	0.000553735968126 	234.394133762 	12.1502855083 	34.705574408 	0.0244312099261 	0
-0.89 	0.15230125523 	7.63494119797e-19 	0.129791781274 	0.00055373572807 	234.393004993 	12.1629721604 	34.7044919826 	0.0238879548364 	0
-0.89 	0.153765690377 	-2.26482227792e-19 	0.12979110669 	0.000553735486404 	234.391889045 	12.1758622336 	34.7034104261 	0.0233445093022 	0
-0.89 	0.155230125523 	6.16042624339e-19 	0.12979110669 	0.000553735486404 	234.391889045 	12.1758622336 	34.7034104261 	0.0233445093022 	0
-0.89 	0.156694560669 	3.99202189842e-19 	0.129790438798 	0.000553735243393 	234.390785753 	12.1889553355 	34.702329796 	0.0228010843103 	0
-0.89 	0.158158995816 	3.78009461381e-19 	0.129789777577 	0.000553734999291 	234.389694968 	12.2022508005 	34.701250161 	0.0222578982618 	0
-0.89 	0.159623430962 	-1.03867618191e-19 	0.129789777577 	0.000553734999291 	234.389694968 	12.2022508005 	34.701250161 	0.0222578982618 	0
-0.89 	0.161087866109 	2.64761120454e-19 	0.129789123007 	0.000553734754332 	234.388616556 	12.2157476714 	34.7001716016 	0.0217151770021 	0
-0.89 	0.162552301255 	2.6419706679e-19 	0.129788475073 	0.000553734508733 	234.387550398 	12.2294446796 	34.6990942103 	0.0211731538301 	0
-0.89 	0.164016736402 	-4.94180400286e-19 	0.129788475073 	0.000553734508733 	234.387550398 	12.2294446796 	34.6990942103 	0.0211731538301 	0
-0.89 	0.165481171548 	-5.22574946466e-20 	0.129787833764 	0.000553734262666 	234.386496402 	12.2433402254 	34.6980180929 	0.0206320694879 	0
-0.89 	0.166945606695 	5.41796245891e-19 	0.129787199065 	0.000553734016124 	234.385454542 	12.2574323569 	34.6969433687 	0.0200921721282 	0
-0.89 	0.168410041841 	2.73434737834e-19 	0.129787199065 	0.000553734016124 	234.385454542 	12.2574323569 	34.6969433687 	0.0200921721282 	0
-0.89 	0.169874476987 	-4.29983666685e-19 	0.129786570924 	0.000553733768325 	234.384425058 	12.2717187476 	34.6958701713 	0.0195537172571 	0
-0.89 	0.171338912134 	-6.2848843169e-19 	0.129785949173 	0.000553733515491 	234.383409244 	12.2861966743 	34.6947986496 	0.0190169676473 	0
-0.89 	0.17280334728 	-7.15357643473e-19 	0.129785949173 	0.000553733515491 	234.383409244 	12.2861966743 	34.6947986496 	0.0190169676473 	0
-0.89 	0.174267782427 	-5.53370919751e-19 	0.129785333356 	0.000553733244133 	234.382411984 	12.3008629923 	34.6937289682 	0.0184821932278 	0
-0.89 	0.175732217573 	-5.80916574085e-19 	0.129785333356 	0.000553733244133 	234.382411984 	12.3008629923 	34.6937289682 	0.0184821932278 	0
-0.89 	0.17719665272 	-7.04389204793e-19 	0.129784722726 	0.000553732910317 	234.381450529 	12.3157141117 	34.6926613086 	0.0179496709321 	0
-0.89 	0.178661087866 	-9.45768532071e-19 	0.129784117845 	0.000553732550569 	234.380510432 	12.3307459708 	34.6915958696 	0.0174196845194 	0
-0.89 	0.180125523013 	3.38486868183e-19 	0.129784117845 	0.000553732550569 	234.380510432 	12.3307459708 	34.6915958696 	0.0174196845194 	0
-0.89 	0.181589958159 	7.52002215045e-19 	0.129783519239 	0.000553732180699 	234.37958595 	12.3459540098 	34.6905328686 	0.0168925243566 	0
-0.89 	0.183054393305 	1.38993668445e-19 	0.129783519239 	0.000553732180699 	234.37958595 	12.3459540098 	34.6905328686 	0.0168925243566 	0
-0.89 	0.184518828452 	3.71587444677e-19 	0.129782927162 	0.000553731805747 	234.378675408 	12.3613331434 	34.6894725423 	0.0163684871514 	0
-0.89 	0.185983263598 	2.04045798795e-19 	0.129782927162 	0.000553731805747 	234.378675408 	12.3613331434 	34.6894725423 	0.0163684871514 	0
-0.89 	0.187447698745 	7.32704878233e-19 	0.129782341713 	0.00055373142651 	234.377778649 	12.376877732 	34.6884151474 	0.0158478756503 	0
-0.89 	0.188912133891 	-1.2349674597e-19 	0.129781762931 	0.000553731042414 	234.376895985 	12.3925815523 	34.6873609623 	0.0153309982814 	0
-0.89 	0.190376569038 	-8.49798712861e-19 	0.129781762931 	0.000553731042414 	234.376895985 	12.3925815523 	34.6873609623 	0.0153309982814 	0
-0.89 	0.191841004184 	8.57685066405e-19 	0.129781190844 	0.000553730652445 	234.376027895 	12.4084377671 	34.6863102873 	0.0148181687489 	0
-0.89 	0.193305439331 	8.50230293596e-19 	0.129781190844 	0.000553730652445 	234.376027895 	12.4084377671 	34.6863102873 	0.0148181687489 	0
-0.89 	0.194769874477 	6.36419506885e-19 	0.129780625475 	0.000553730255363 	234.375174948 	12.4244388939 	34.6852634462 	0.0143097055697 	0
-0.89 	0.196234309623 	-7.32704878233e-19 	0.129780625475 	0.000553730255363 	234.375174948 	12.4244388939 	34.6852634462 	0.0143097055697 	0
-0.89 	0.19769874477 	-1.19502892626e-18 	0.12978006685 	0.000553729849728 	234.3743378 	12.4405767729 	34.684220787 	0.0138059315502 	0
-0.89 	0.199163179916 	1.10176519761e-18 	0.12978006685 	0.000553729849728 	234.3743378 	12.4405767729 	34.684220787 	0.0138059315502 	0
-0.89 	0.200627615063 	2.20824037396e-20 	0.129779514997 	0.000553729433867 	234.373517208 	12.4568425344 	34.6831826833 	0.0133071731987 	0
-0.89 	0.202092050209 	-3.15601947473e-19 	0.129778969942 	0.000553729005837 	234.372714043 	12.4732265648 	34.6821495354 	0.0128137600688 	0
-0.89 	0.203556485356 	-9.62987319534e-19 	0.129778969942 	0.000553729005837 	234.372714043 	12.4732265648 	34.6821495354 	0.0128137600688 	0
-0.89 	0.205020920502 	-5.69601913898e-19 	0.129778431711 	0.000553728563363 	234.371929312 	12.4897184728 	34.6811217712 	0.0123260240282 	0
-0.89 	0.206485355649 	-7.19694452163e-19 	0.129778431711 	0.000553728563363 	234.371929312 	12.4897184728 	34.6811217712 	0.0123260240282 	0
-0.89 	0.207949790795 	-3.52387857937e-19 	0.129777900325 	0.000553728103774 	234.371164187 	12.5063070546 	34.6800998478 	0.0118442984509 	0
-0.89 	0.209414225941 	-8.65203834315e-20 	0.129777900325 	0.000553728103774 	234.371164187 	12.5063070546 	34.6800998478 	0.0118442984509 	0
-0.89 	0.210878661088 	-1.15056873706e-19 	0.129777375799 	0.000553727623911 	234.370420032 	12.5229802584 	34.6790842525 	0.0113689173232 	0
-0.89 	0.212343096234 	-4.59485930767e-19 	0.129777375799 	0.000553727623911 	234.370420032 	12.5229802584 	34.6790842525 	0.0113689173232 	0
-0.89 	0.213807531381 	2.63753970185e-19 	0.129776858142 	0.000553727120033 	234.369698444 	12.5397251489 	34.678075504 	0.0109002142638 	0
-0.89 	0.215271966527 	8.69519641662e-20 	0.129776858142 	0.000553727120033 	234.369698444 	12.5397251489 	34.678075504 	0.0109002142638 	0
-0.89 	0.216736401674 	-2.2216139727e-19 	0.129776347347 	0.000553726587669 	234.369001303 	12.5565278715 	34.6770741537 	0.0104385214472 	0
-0.89 	0.21820083682 	3.38486868183e-19 	0.129776347347 	0.000553726587669 	234.369001303 	12.5565278715 	34.6770741537 	0.0104385214472 	0
-0.89 	0.219665271967 	-9.48367743211e-19 	0.129775843391 	0.000553726021462 	234.368330837 	12.5733736162 	34.6760807872 	0.00998416843041 	0
-0.89 	0.221129707113 	2.64761120454e-19 	0.129775843391 	0.000553726021462 	234.368330837 	12.5733736162 	34.6760807872 	0.00998416843041 	0
-0.89 	0.222594142259 	-4.92455820053e-19 	0.129775346227 	0.000553725414949 	234.367689695 	12.590246582 	34.6750960253 	0.00953748087288 	0
-0.89 	0.224058577406 	-2.38308687579e-19 	0.129775346227 	0.000553725414949 	234.367689695 	12.590246582 	34.6750960253 	0.00953748087288 	0
-0.89 	0.225523012552 	-5.14476332669e-20 	0.129774855774 	0.00055372476029 	234.36708105 	12.6071299407 	34.6741205256 	0.009098779148 	0
-0.89 	0.226987447699 	-1.07574434547e-18 	0.129774855774 	0.00055372476029 	234.36708105 	12.6071299407 	34.6741205256 	0.009098779148 	0
-0.89 	0.228451882845 	-1.45821856882e-19 	0.12977437191 	0.000553724047911 	234.366508733 	12.6240058026 	34.6731549836 	0.00866837683727 	0
-0.89 	0.229916317992 	6.80663173954e-19 	0.12977437191 	0.000553724047911 	234.366508733 	12.6240058026 	34.6731549836 	0.00866837683727 	0
-0.89 	0.231380753138 	-6.89336791333e-19 	0.12977437191 	0.000553724047911 	234.366508733 	12.6240058026 	34.6731549836 	0.00866837683727 	0
-0.89 	0.232845188285 	2.76799831598e-19 	0.129773894455 	0.000553723266053 	234.365977395 	12.640855181 	34.6722001341 	0.00824657910568 	0
-0.89 	0.234309623431 	-1.21214852951e-19 	0.129773894455 	0.000553723266053 	234.365977395 	12.640855181 	34.6722001341 	0.00824657910568 	0
-0.89 	0.235774058577 	-3.9725416406e-19 	0.129773423151 	0.000553722400165 	234.365492731 	12.6576579595 	34.6712567526 	0.00783368094839 	0
-0.89 	0.237238493724 	5.6833772875e-19 	0.129773423151 	0.000553722400165 	234.365492731 	12.6576579595 	34.6712567526 	0.00783368094839 	0
-0.89 	0.23870292887 	4.61774120505e-19 	0.129772957642 	0.000553721432115 	234.365061773 	12.6743928592 	34.6703256564 	0.00742996530822 	0
-0.89 	0.240167364017 	4.94611981021e-19 	0.129772957642 	0.000553721432115 	234.365061773 	12.6743928592 	34.6703256564 	0.00742996530822 	0
-0.89 	0.241631799163 	6.5259764211e-20 	0.129772497437 	0.000553720339123 	234.364693271 	12.6910374084 	34.669407706 	0.00703570105688 	0
-0.89 	0.24309623431 	-5.67906148015e-19 	0.129772497437 	0.000553720339123 	234.364693271 	12.6910374084 	34.669407706 	0.00703570105688 	0
-0.89 	0.244560669456 	3.64710822987e-19 	0.129772041864 	0.000553719092337 	234.364398229 	12.7075679132 	34.6685038064 	0.00665114083112 	0
-0.89 	0.246025104603 	2.73003157099e-19 	0.129772041864 	0.000553719092337 	234.364398229 	12.7075679132 	34.6685038064 	0.00665114083112 	0
-0.89 	0.247489539749 	5.2930645054e-19 	0.129772041864 	0.000553719092337 	234.364398229 	12.7075679132 	34.6685038064 	0.00665114083112 	0
-0.89 	0.248953974895 	4.10450294198e-19 	0.129771590011 	0.000553717654881 	234.364190607 	12.7239594312 	34.6676149085 	0.00627651873626 	0
-0.89 	0.250418410042 	1.73688137965e-19 	0.129771590011 	0.000553717654881 	234.364190607 	12.7239594312 	34.6676149085 	0.00627651873626 	0
-0.89 	0.251882845188 	4.98182323539e-19 	0.129771140641 	0.00055371597916 	234.364088315 	12.7401857475 	34.6667420096 	0.00591204787491 	0
-0.89 	0.253347280335 	1.47667285825e-19 	0.129771140641 	0.00055371597916 	234.364088315 	12.7401857475 	34.6667420096 	0.00591204787491 	0
-0.89 	0.254811715481 	-8.43331869676e-19 	0.12977069207 	0.000553714003105 	234.364114583 	12.7562193541 	34.6658861554 	0.00555791777514 	0
-0.89 	0.256276150628 	-5.7267453744e-19 	0.12977069207 	0.000553714003105 	234.364114583 	12.7562193541 	34.6658861554 	0.00555791777514 	0
-0.89 	0.257740585774 	9.58650510845e-19 	0.12977069207 	0.000553714003105 	234.364114583 	12.7562193541 	34.6658861554 	0.00555791777514 	0
-0.89 	0.259205020921 	3.05489246806e-19 	0.129770241996 	0.000553711644839 	234.364299912 	12.772031432 	34.6650484405 	0.0052142915712 	0
-0.89 	0.260669456067 	-1.27946357025e-20 	0.129770241996 	0.000553711644839 	234.364299912 	12.772031432 	34.6650484405 	0.0052142915712 	0
-0.89 	0.262133891213 	-4.32806800067e-19 	0.129769787258 	0.000553708795015 	234.364684878 	12.7875918385 	34.6642300094 	0.0048813031924 	0
-0.89 	0.26359832636 	1.65014520585e-19 	0.129769787258 	0.000553708795015 	234.364684878 	12.7875918385 	34.6642300094 	0.0048813031924 	0
-0.89 	0.265062761506 	-6.4027680386e-19 	0.129769323476 	0.000553705305611 	234.365324227 	12.8028690984 	34.6634320576 	0.00455905412036 	0
-0.89 	0.266527196653 	6.90334292501e-20 	0.129769323476 	0.000553705305611 	234.365324227 	12.8028690984 	34.6634320576 	0.00455905412036 	0
-0.89 	0.267991631799 	5.8134815482e-19 	0.129769323476 	0.000553705305611 	234.365324227 	12.8028690984 	34.6634320576 	0.00455905412036 	0
-0.89 	0.269456066946 	3.53289418389e-19 	0.129768844513 	0.000553700973262 	234.366292962 	12.8178304009 	34.6626558323 	0.00424761043899 	0
-0.89 	0.270920502092 	3.99202189842e-19 	0.129768844513 	0.000553700973262 	234.366292962 	12.8178304009 	34.6626558323 	0.00424761043899 	0
-0.89 	0.272384937238 	-5.4369300302e-19 	0.129768341667 	0.000553695513966 	234.36769559 	12.8324416013 	34.6619026331 	0.00394699902988 	0
-0.89 	0.273849372385 	1.47235705091e-19 	0.129768341667 	0.000553695513966 	234.36769559 	12.8324416013 	34.6619026331 	0.00394699902988 	0
-0.89 	0.275313807531 	4.03538998532e-19 	0.129768341667 	0.000553695513966 	234.36769559 	12.8324416013 	34.6619026331 	0.00394699902988 	0
-0.89 	0.276778242678 	-2.89699922034e-19 	0.129767802404 	0.000553688523873 	234.36968044 	12.8466672307 	34.6611738122 	0.00365720467397 	0
-0.89 	0.278242677824 	1.21646433686e-19 	0.129767802404 	0.000553688523873 	234.36968044 	12.8466672307 	34.6611738122 	0.00365720467397 	0
-0.89 	0.279707112971 	1.44154118437e-20 	0.129767208348 	0.000553679417043 	234.372462392 	12.8604705109 	34.6604707755 	0.00337816548163 	0
-0.89 	0.281171548117 	1.69538211987e-19 	0.129767208348 	0.000553679417043 	234.372462392 	12.8604705109 	34.6604707755 	0.00337816548163 	0
-0.89 	0.282635983264 	-4.59485930767e-19 	0.129767208348 	0.000553679417043 	234.372462392 	12.8604705109 	34.6604707755 	0.00337816548163 	0
-0.89 	0.28410041841 	-1.66840968653e-18 	0.129766531995 	0.000553667323952 	234.376359921 	12.8738133794 	34.6597949823 	0.00310977028794 	0
-0.89 	0.285564853556 	3.99202189842e-19 	0.129766531995 	0.000553667323952 	234.376359921 	12.8738133794 	34.6597949823 	0.00310977028794 	0
-0.89 	0.287029288703 	-4.58328881976e-19 	0.129765731169 	0.000553650921034 	234.381857302 	12.8866565203 	34.6591479452 	0.00285185318585 	0
-0.89 	0.288493723849 	-5.93929553978e-19 	0.129765731169 	0.000553650921034 	234.381857302 	12.8866565203 	34.6591479452 	0.00285185318585 	0
-0.89 	0.289958158996 	2.86445163904e-19 	0.129765731169 	0.000553650921034 	234.381857302 	12.8866565203 	34.6591479452 	0.00285185318585 	0
-0.89 	0.291422594142 	-2.2716162637e-19 	0.12976473935 	0.000553628134534 	234.389712617 	12.8989594063 	34.6585312306 	0.00260419121708 	0
-0.89 	0.292887029289 	-3.49102598869e-20 	0.12976473935 	0.000553628134534 	234.389712617 	12.8989594063 	34.6585312306 	0.00260419121708 	0
-0.89 	0.294351464435 	-8.10767434652e-19 	0.12976473935 	0.000553628134534 	234.389712617 	12.8989594063 	34.6585312306 	0.00260419121708 	0
-0.89 	0.295815899582 	1.80763270288e-19 	0.129763448128 	0.000553595605891 	234.401152659 	12.9106803526 	34.6579464579 	0.00236649850854 	0
-0.89 	0.297280334728 	4.29559850672e-19 	0.129763448128 	0.000553595605891 	234.401152659 	12.9106803526 	34.6579464579 	0.00236649850854 	0
-0.89 	0.298744769874 	3.03902648527e-19 	0.129761673855 	0.000553547683119 	234.418240401 	12.9217765719 	34.6573952992 	0.00213842306334 	0
-0.89 	0.300209205021 	-7.17820102612e-19 	0.129761673855 	0.000553547683119 	234.418240401 	12.9217765719 	34.6573952992 	0.00213842306334 	0
-0.89 	0.301673640167 	-2.42645496269e-19 	0.129761673855 	0.000553547683119 	234.418240401 	12.9217765719 	34.6573952992 	0.00213842306334 	0
-0.89 	0.303138075314 	2.31494569721e-19 	0.129759090874 	0.00055347441845 	234.444604029 	12.9322042657 	34.6568794783 	0.00191954318677 	0
-0.89 	0.30460251046 	-3.80358001302e-20 	0.129759090874 	0.00055347441845 	234.444604029 	12.9322042657 	34.6568794783 	0.00191954318677 	0
-0.89 	0.306066945607 	6.09311120265e-20 	0.129759090874 	0.00055347441845 	234.444604029 	12.9322042657 	34.6568794783 	0.00191954318677 	0
-0.89 	0.307531380753 	-8.78678251388e-19 	0.129755089248 	0.000553357351587 	234.486970989 	12.941918678 	34.6564007705 	0.00170935861853 	0
-0.89 	0.3089958159 	4.81601554951e-19 	0.129755089248 	0.000553357351587 	234.486970989 	12.941918678 	34.6564007705 	0.00170935861853 	0
-0.89 	0.310460251046 	-2.1228783544e-19 	0.129755089248 	0.000553357351587 	234.486970989 	12.941918678 	34.6564007705 	0.00170935861853 	0
-0.89 	0.311924686192 	-3.55214966592e-19 	0.129748449854 	0.000553160016233 	234.558619651 	12.9508742559 	34.6559609999 	0.00150729758661 	0
-0.89 	0.313389121339 	-6.11274234914e-19 	0.129748449854 	0.000553160016233 	234.558619651 	12.9508742559 	34.6559609999 	0.00150729758661 	0
-0.89 	0.314853556485 	4.46907085431e-19 	0.129748449854 	0.000553160016233 	234.558619651 	12.9508742559 	34.6559609999 	0.00150729758661 	0
-0.89 	0.316317991632 	8.30367322692e-19 	0.129736549502 	0.000552805045519 	234.68770872 	12.9590246637 	34.6555620418 	0.00131268906369 	0
-0.89 	0.317782426778 	-1.9927740937e-19 	0.129736549502 	0.000552805045519 	234.68770872 	12.9590246637 	34.6555620418 	0.00131268906369 	0
-0.89 	0.319246861925 	-6.33049365122e-19 	0.12971334256 	0.000552116272833 	234.938452175 	12.9663230806 	34.6552058169 	0.00112480109094 	0
-0.89 	0.320711297071 	4.66225557433e-19 	0.12971334256 	0.000552116272833 	234.938452175 	12.9663230806 	34.6552058169 	0.00112480109094 	0
-0.89 	0.322175732218 	1.69351329275e-19 	0.12971334256 	0.000552116272833 	234.938452175 	12.9663230806 	34.6552058169 	0.00112480109094 	0
-0.89 	0.323640167364 	3.66458278397e-19 	0.129664612776 	0.00055067819127 	235.46349725 	12.9727221005 	34.6548942924 	0.000942764177408 	0
-0.89 	0.32510460251 	-1.42330167976e-19 	0.129664612776 	0.00055067819127 	235.46349725 	12.9727221005 	34.6548942924 	0.000942764177408 	0
-0.89 	0.326569037657 	-4.1210183226e-21 	0.129664612776 	0.00055067819127 	235.46349725 	12.9727221005 	34.6548942924 	0.000942764177408 	0
-0.89 	0.328033472803 	-1.05991972735e-18 	0.129561249295 	0.000547603449413 	236.596846558 	12.9781742757 	34.6546294431 	0.000765685691685 	0
-0.89 	0.32949790795 	-3.4918339588e-19 	0.129561249295 	0.000547603449413 	236.596846558 	12.9781742757 	34.6546294431 	0.000765685691685 	0
-0.89 	0.330962343096 	-1.9927740937e-19 	0.129561249295 	0.000547603449413 	236.596846558 	12.9781742757 	34.6546294431 	0.000765685691685 	0
-0.89 	0.332426778243 	3.96003541604e-19 	0.129378981082 	0.000542087548343 	238.668055515 	12.9826316839 	34.6544131998 	0.00059246754832 	0
-0.89 	0.333891213389 	-2.15116221992e-19 	0.129378981082 	0.000542087548343 	238.668055515 	12.9826316839 	34.6544131998 	0.00059246754832 	0
-0.89 	0.335355648536 	-2.0795102675e-19 	0.129378981082 	0.000542087548343 	238.668055515 	12.9826316839 	34.6544131998 	0.00059246754832 	0
-0.89 	0.336820083682 	-5.39396950529e-19 	0.129242468099 	0.000538482711091 	240.012289042 	12.9860466676 	34.6542476973 	0.000422079122438 	0
-0.89 	0.338284518828 	4.54962212672e-19 	0.129242468099 	0.000538482711091 	240.012289042 	12.9860466676 	34.6542476973 	0.000422079122438 	0
-0.89 	0.339748953975 	-3.55402522208e-19 	0.129242468099 	0.000538482711091 	240.012289042 	12.9860466676 	34.6542476973 	0.000422079122438 	0
-0.89 	0.341213389121 	2.62456223426e-19 	0.129217790513 	0.000538041100272 	240.163419575 	12.9883705027 	34.6541353395 	0.000253156669572 	0
-0.89 	0.342677824268 	4.20660312259e-19 	0.129217790513 	0.000538041100272 	240.163419575 	12.9883705027 	34.6541353395 	0.000253156669572 	0
-0.89 	0.344142259414 	4.35838772668e-20 	0.129217790513 	0.000538041100272 	240.163419575 	12.9883705027 	34.6541353395 	0.000253156669572 	0
-0.89 	0.345606694561 	-4.25085844464e-19 	0.129215181477 	0.000538006677415 	240.173936312 	12.9895548102 	34.6540776247 	8.44765573354e-05 	0
-0.89 	0.347071129707 	1.84984775538e-19 	0.129215181477 	0.000538006677415 	240.173936312 	12.9895548102 	34.6540776247 	8.44765573354e-05 	0
-0.89 	0.348535564854 	2.56087503074e-19 	0.129215181477 	0.000538006677415 	240.173936312 	12.9895548102 	34.6540776247 	8.44765573354e-05 	0
-0.89 	0.35 	6.03032198269e-19 	0.129215181477 	0.000538006677415 	240.173936312 	12.9895548102 	34.6540776247 	8.44765573354e-05 	0
