0.42 	0 	0 	2.77647061708 	3.01473014499e-05 	92096.8207287 	-27.8262299344 	-4.83407166104 	-0.0106655423814 	3.87953924198e-20
0.42 	0.00146443514644 	-4.19434242394e-20 	18.8624682375 	0.00282056879647 	6687.46965546 	-29.2298547884 	-3.57701634458 	-0.276095234746 	-1.56036467772e-20
0.42 	0.00292887029289 	-8.82273611754e-20 	26.2757205875 	0.00578000495098 	4545.96852605 	-30.8421942793 	-2.20476456974 	-0.596997564035 	5.81915532339e-22
0.42 	0.00439330543933 	-1.90935690334e-19 	31.9920600576 	0.00784073128116 	4080.2393183 	-32.2386364098 	-0.706423942179 	-0.945689164489 	-1.11263151251e-21
0.42 	0.00585774058577 	0 	35.926859706 	0.00886910906539 	4050.78564726 	-33.2237466149 	0.659878728183 	-1.24682697158 	1.71865959925e-21
0.42 	0.00732217573222 	6.93889390391e-19 	39.3695836247 	0.00945686672002 	4163.06846551 	-34.1388442489 	2.22172307977 	-1.57069728139 	-3.42214215081e-21
0.42 	0.00878661087866 	0 	42.265565461 	0.00970083935094 	4356.89778297 	-35.0105932875 	4.01477012241 	-1.92035067402 	3.968931923e-21
0.42 	0.0102510460251 	0 	44.4947683042 	0.00920085357684 	4601.17494251 	-35.7858665258 	6.09523441529 	-2.30162973733 	-4.84940765617e-21
0.42 	0.0117154811715 	-9.23936709259e-19 	45.6816777389 	0.00835008114656 	4842.52722277 	-36.5172425042 	8.63947689304 	-2.73742554389 	-4.29788449988e-21
0.42 	0.013179916318 	1.56125112838e-18 	45.4545733136 	0.00786906860716 	4960.56052402 	-37.0613172005 	10.810152156 	-3.09067644502 	-3.22457110782e-22
0.42 	0.0146443514644 	9.83389526697e-19 	43.3280721477 	0.00718405671305 	4996.03944421 	-37.7606744496 	14.0080712785 	-3.58223843066 	-2.58704122251e-21
0.42 	0.0161087866109 	2.36384424502e-18 	39.1415066691 	0.00660002286054 	4878.8496163 	-33.2477743866 	16.9677933065 	-4.00572101206 	1.81813420843e-21
0.42 	0.0175732217573 	2.64903144091e-18 	34.9252632809 	0.00617610210394 	4760.02932467 	-34.0236823318 	19.5520210931 	-4.35135889395 	-1.45919680735e-21
0.42 	0.0190376569038 	2.01668718891e-18 	31.2385751751 	0.00594037018704 	4685.13609618 	-39.7739253961 	21.7859391644 	-4.64603331785 	-2.64907244658e-21
0.42 	0.0205020920502 	1.76086057608e-18 	25.7181220614 	0.00553811305894 	4511.23130961 	-40.7403092226 	24.3333124364 	-4.96747056115 	-3.71084458171e-22
0.42 	0.0219665271967 	1.11022302463e-18 	21.6996574868 	0.0049790191098 	4358.21936174 	-41.324177485 	26.0218675616 	-5.17019900087 	-4.57289611767e-22
0.42 	0.0234309623431 	-1.02197906774e-18 	15.0913385872 	0.00379127277283 	3980.54676924 	-42.1739944161 	28.582538677 	-5.44750410684 	1.84892029632e-22
0.42 	0.0248953974895 	-1.52655665886e-18 	10.7511027537 	0.00301702917288 	3563.47325054 	-42.7937057842 	30.1838499498 	-5.60060893858 	3.19824949248e-22
0.42 	0.026359832636 	-8.95927837786e-19 	5.65514858911 	0.00211041327462 	2679.64036103 	-43.8011853747 	32.1348517762 	-5.7515697676 	1.41312272608e-22
0.42 	0.0278242677824 	-1.52655665886e-18 	3.67567170878 	0.00177635038528 	2069.22673547 	-44.520192031 	33.0420952996 	-5.79429607252 	1.42327933393e-22
0.42 	0.0292887029289 	-1.53024973564e-18 	2.2843416323 	0.00158472202924 	1441.47780504 	-45.6634045472 	33.9888807621 	-5.803256421 	3.6977882613e-22
0.42 	0.0307531380753 	-1.5435510916e-18 	1.83225893703 	0.00151373698316 	1210.42093667 	-46.4706795436 	34.488015154 	-5.79137352762 	-2.29930459631e-21
0.42 	0.0322175732218 	-1.07967732192e-18 	1.50425765059 	0.00142360531858 	1056.65357593 	-47.3161107493 	34.9326453743 	-5.77098409745 	1.5159551816e-21
0.42 	0.0336820083682 	-1.4224732503e-18 	1.22627030065 	0.0013061699745 	938.829038019 	-48.1996191941 	35.3275862057 	-5.7422301006 	-4.02656202636e-21
0.42 	0.0351464435146 	-1.97758476261e-18 	0.978631671634 	0.0011684641901 	837.536725494 	-49.1198782167 	35.6631197123 	-5.7035255128 	2.14841665745e-21
0.42 	0.0366108786611 	-8.67361737988e-19 	0.762234694654 	0.00102280972636 	745.236063963 	-50.0745523798 	35.9250281972 	-5.65286577213 	-3.16540829718e-22
0.42 	0.0380753138075 	-1.21430643318e-18 	0.582580554019 	0.000882274461112 	660.316692478 	-51.0605938027 	36.1039678449 	-5.58920356445 	-2.2175013193e-22
0.42 	0.039539748954 	6.99210532023e-19 	0.441814899313 	0.000757087492307 	583.571785034 	-52.0746713632 	36.2055532973 	-5.51392240235 	1.62082299253e-20
0.42 	0.0410041841004 	1.21171455672e-18 	0.336999521653 	0.00065297430608 	516.099207143 	-53.1138517125 	36.2539419216 	-5.4311638134 	-5.18661620838e-21
0.42 	0.0424686192469 	1.4802863372e-18 	0.253420880053 	0.000563032673282 	450.099775872 	-51.2670992609 	36.2019177816 	-5.30511774658 	-2.2943351486e-21
0.42 	0.0439330543933 	1.56206810969e-19 	0.227874359155 	0.00053397480051 	426.751148065 	-51.8465979867 	36.2166164667 	-5.26302777646 	3.50425819644e-20
0.42 	0.0453974895397 	0 	0.195616379528 	0.000496834128991 	393.725728797 	-55.8125524932 	36.3252990852 	-5.21922867981 	1.35754105634e-20
0.42 	0.0468619246862 	1.09452213041e-18 	0.172219235448 	0.000473884585411 	363.420209795 	-56.9324796836 	36.3612259892 	-5.13583006004 	-2.31452315757e-21
0.42 	0.0483263598326 	8.67361737988e-19 	0.164865508912 	0.000469014941294 	351.514406892 	-57.5013804051 	36.3799688363 	-5.094238119 	3.68037918269e-21
0.42 	0.0497907949791 	2.06736125547e-19 	0.155453536957 	0.000470747089156 	330.227293037 	-56.0447127962 	36.3485720121 	-4.97319283557 	-5.11379226674e-20
0.42 	0.0512552301255 	8.49564964491e-19 	0.15229893476 	0.000478186395348 	318.492822551 	-59.8373171788 	36.4563879537 	-4.92799633437 	3.68116218069e-22
0.42 	0.052719665272 	-2.56739074445e-18 	0.151566851264 	0.000484879545444 	312.586605658 	-60.4363673861 	36.4758005303 	-4.8864368736 	-9.05984175212e-21
0.42 	0.0541841004184 	4.19843321373e-19 	0.151417873901 	0.000500893853258 	302.295332467 	-61.6522967295 	36.5150243626 	-4.80328141697 	-1.07992361071e-20
0.42 	0.0556485355649 	0 	0.151750458007 	0.000509776359522 	297.680453738 	-62.2690477856 	36.5348282925 	-4.76167236535 	1.50125262911e-20
0.42 	0.0571129707113 	-1.93365610013e-19 	0.152836794182 	0.00052860038028 	289.134854767 	-63.5197191646 	36.5747971574 	-4.67835863291 	-2.53862238265e-20
0.42 	0.0585774058577 	0 	0.153496255218 	0.000538373395373 	285.111145048 	-64.1534503808 	36.5949539413 	-4.63664080877 	2.55733741083e-20
0.42 	0.0600418410042 	8.67361737988e-19 	0.154192580798 	0.00054831293317 	281.212737235 	-64.7926392857 	36.6152209745 	-4.59487360598 	-2.56595801689e-20
0.42 	0.0615062761506 	-7.85735002735e-19 	0.155838582405 	0.000571397946199 	272.732136056 	-63.8332538725 	36.5965336419 	-4.47714417392 	7.59857620789e-20
0.42 	0.0629707112971 	-5.36978632439e-19 	0.156541811666 	0.000581604464225 	269.15510677 	-64.5137714202 	36.6178140174 	-4.43552015916 	-1.52491499185e-20
0.42 	0.0644351464435 	8.67361737988e-19 	0.157028340141 	0.000589083889159 	266.563630463 	-67.4016046534 	36.6973466565 	-4.42718145973 	1.25983100466e-20
0.42 	0.06589958159 	9.29977019307e-19 	0.158533046969 	0.00061243142839 	258.858444587 	-66.5810082113 	36.6821782914 	-4.31018093298 	-4.42348325097e-20
0.42 	0.0673640167364 	2.42861286637e-19 	0.15896780439 	0.000620074342556 	256.36894398 	-69.4094352751 	36.760030817 	-4.30057852916 	2.05346422672e-21
0.42 	0.0688284518828 	2.77555756156e-19 	0.15955065764 	0.000630374299326 	253.104636104 	-70.0876649792 	36.7811335044 	-4.25818443963 	2.31248761589e-20
0.42 	0.0702928870293 	-1.58297205558e-19 	0.160598798431 	0.00065080724261 	246.768609683 	-71.4565805964 	36.8236499993 	-4.17306715061 	2.12422317202e-20
0.42 	0.0717573221757 	1.22993306394e-20 	0.161057667306 	0.000660898454932 	243.695027736 	-72.1469199816 	36.8450609836 	-4.13033034868 	-4.65545603017e-22
0.42 	0.0732217573222 	0 	0.161469049229 	0.000670877416483 	240.683387548 	-72.8409386354 	36.8665699588 	-4.08746542997 	-1.02491632423e-20
0.42 	0.0746861924686 	6.86050334991e-19 	0.161937693038 	0.00068299568679 	237.099144504 	-71.5361221052 	36.8354334584 	-4.0141701495 	1.00569857604e-19
0.42 	0.0761506276151 	7.20642133916e-19 	0.162233917301 	0.000692610926134 	234.235284458 	-72.2566662556 	36.8576557798 	-3.9713774743 	-5.89110871838e-20
0.42 	0.0776150627615 	2.11200734369e-18 	0.162580972005 	0.000709199811898 	229.245650206 	-75.6499182431 	36.9534940337 	-3.91458018393 	-1.13033360997e-20
0.42 	0.0790794979079 	-5.520340582e-19 	0.162710138931 	0.000718254048276 	226.535637803 	-76.3593596226 	36.9754211158 	-3.87096607327 	-3.58342070884e-20
0.42 	0.0805439330544 	-4.89150420238e-19 	0.162772801344 	0.000727040199859 	223.884183261 	-77.0712446138 	36.9974160115 	-3.82718031775 	3.54684743748e-20
0.42 	0.0820083682008 	3.57683253109e-19 	0.162764748158 	0.000735524623463 	221.290685541 	-77.7853443688 	37.0194739401 	-3.78321575702 	-3.61152959295e-21
0.42 	0.0834728033473 	3.88101479188e-19 	0.162681153192 	0.000743669908494 	218.754519087 	-78.5014236695 	37.0415908372 	-3.73906534097 	-4.15583857131e-20
0.42 	0.0849372384937 	-1.97758476261e-18 	0.162516420274 	0.000751434052781 	216.275027293 	-79.2192410578 	37.0637636235 	-3.69472216465 	3.35567363133e-20
0.42 	0.0864016736402 	1.11022302463e-18 	0.162264018649 	0.000758769546956 	213.851516972 	-79.9385490289 	37.0859904233 	-3.65017948699 	-1.16729944257e-20
0.42 	0.0878661087866 	-5.20417042793e-19 	0.161916325974 	0.000765622371864 	211.483274163 	-80.6590941932 	37.1082706884 	-3.60543074419 	-1.50533333103e-21
0.42 	0.0893305439331 	1.11022302463e-18 	0.161464505923 	0.000771931106021 	209.169580891 	-81.3806174971 	37.130605245 	-3.56046954557 	1.17312210023e-20
0.42 	0.0907949790795 	-7.6327832943e-19 	0.160898484037 	0.000777626368104 	206.909758512 	-82.1028544756 	37.1529964746 	-3.51528967206 	4.81696170207e-21
0.42 	0.0922594142259 	-5.55111512313e-19 	0.160207093191 	0.000782630958587 	204.703240312 	-82.8255354568 	37.1754492074 	-3.4698851605 	3.80837368185e-21
0.42 	0.0937238493724 	-5.55111512313e-19 	0.159378477253 	0.000786861128508 	202.549689493 	-83.5483858162 	37.197973186 	-3.42425057995 	4.88140405376e-21
0.42 	0.0951882845188 	-5.55111512313e-19 	0.158400810561 	0.000790229376124 	200.449154823 	-84.2711262261 	37.2205873647 	-3.37838153578 	-1.25230268097e-20
0.42 	0.0966527196653 	-5.55111512313e-19 	0.157263267161 	0.000792649263756 	198.402085704 	-84.9934726934 	37.2433239923 	-3.33227514547 	3.68103414238e-21
0.42 	0.0981171548117 	-8.67361737988e-19 	0.155957051323 	0.000794042487264 	196.408950181 	-85.7151363776 	37.2662270684 	-3.28592987033 	1.61777140494e-20
0.42 	0.0995815899582 	-4.3865587269e-19 	0.154476602173 	0.000794346011281 	194.470167886 	-86.4358232346 	37.2893386458 	-3.23934397902 	-1.06139261163e-20
0.42 	0.101046025105 	9.9083184038e-19 	0.152820716843 	0.00079352000496 	192.585840166 	-87.1552332945 	37.3126708641 	-3.19251252364 	-1.16788810023e-20
0.42 	0.102510460251 	-3.52940066569e-19 	0.15099348572 	0.000791555401268 	190.755423408 	-87.8730597018 	37.3361724211 	-3.14542402394 	-1.87611243878e-20
0.42 	0.103974895397 	-6.62316518886e-19 	0.149005028844 	0.00078847967958 	188.977639757 	-88.5889876315 	37.3597098588 	-3.09805917802 	2.62225001367e-20
0.42 	0.105439330544 	-1.22972820534e-18 	0.146871851133 	0.000784359582103 	187.250662176 	-89.3026932814 	37.3830844374 	-3.05039350733 	-1.11360131805e-20
0.42 	0.10690376569 	-1.56125112838e-18 	0.146871851133 	0.000784359582103 	187.250662176 	-89.3026932814 	37.3830844374 	-3.05039350733 	-1.11360131805e-20
0.42 	0.108368200837 	7.08140757982e-20 	0.144392270977 	0.000779069716749 	185.339344955 	-88.3687381779 	37.3628554341 	-2.98068789487 	4.08833183965e-20
0.42 	0.109832635983 	0 	0.142266245771 	0.000773434015967 	183.941025134 	-90.7220957668 	37.428573076 	-2.95407332208 	-9.91060843584e-21
0.42 	0.11129707113 	0 	0.139851021349 	0.000766917952044 	182.354606482 	-91.4271012028 	37.4505023166 	-2.9053977713 	2.32464142618e-20
0.42 	0.112761506276 	3.10908910968e-19 	0.137400959894 	0.0007599122253 	180.811619184 	-92.1285069662 	37.4719438169 	-2.85638046627 	-1.54992298506e-20
0.42 	0.114225941423 	3.36895657599e-19 	0.134944298334 	0.000752572379737 	179.310724081 	-92.8259606145 	37.4930233186 	-2.80702820765 	-1.7035161579e-20
0.42 	0.115690376569 	-7.76737602133e-20 	0.132505879255 	0.000745039228958 	177.850875638 	-93.5191130435 	37.5138617211 	-2.75734559269 	1.13543708264e-21
0.42 	0.117154811715 	0 	0.132505879255 	0.000745039228958 	177.850875638 	-93.5191130435 	37.5138617211 	-2.75734559269 	1.13543708264e-21
0.42 	0.118619246862 	1.73472347598e-19 	0.130106349286 	0.000737433159276 	176.431379101 	-94.2076198141 	37.5345339113 	-2.70733250694 	3.62782449252e-21
0.42 	0.120083682008 	5.18326443624e-19 	0.127761987793 	0.000729851938004 	175.05192648 	-94.8911407934 	37.5550626732 	-2.65698477948 	2.56273315309e-20
0.42 	0.121548117155 	-1.77615413625e-20 	0.125312125861 	0.000722067672002 	173.546234957 	-94.0144983364 	37.5344037772 	-2.58774390842 	-1.34088630112e-19
0.42 	0.123012552301 	5.14058129865e-19 	0.123283093024 	0.000715044476691 	172.413181337 	-96.2418799389 	37.5956360021 	-2.55526083083 	-1.19882634755e-20
0.42 	0.124476987448 	0 	0.123283093024 	0.000715044476691 	172.413181337 	-96.2418799389 	37.5956360021 	-2.55526083083 	-1.19882634755e-20
0.42 	0.125941422594 	1.73472347598e-19 	0.121161101065 	0.000707908179902 	171.1536955 	-96.9084311921 	37.6156402743 	-2.50387265355 	-1.13063624537e-20
0.42 	0.127405857741 	3.48354558308e-19 	0.119120978468 	0.00070098442992 	169.933843583 	-97.5686630328 	37.6354371137 	-2.45212658323 	1.21838643643e-20
0.42 	0.128870292887 	4.00081558052e-19 	0.117162841733 	0.000694285101111 	168.753213262 	-98.2222489786 	37.6550169755 	-2.40001763061 	2.01462188167e-20
0.42 	0.130334728033 	0 	0.117162841733 	0.000694285101111 	168.753213262 	-98.2222489786 	37.6550169755 	-2.40001763061 	2.01462188167e-20
0.42 	0.13179916318 	-3.81639164715e-19 	0.115285529511 	0.000687814952336 	167.611258115 	-98.8688663767 	37.6743709976 	-2.34754082936 	-1.05946068091e-20
0.42 	0.133263598326 	-6.66523355574e-19 	0.11348710248 	0.000681574171144 	166.507340338 	-99.5081969082 	37.6934899282 	-2.29469119591 	-1.99696228411e-20
0.42 	0.134728033473 	-1.14667178547e-18 	0.11176519496 	0.000675560186185 	165.440766412 	-100.139927135 	37.7123642065 	-2.24146373596 	-1.10653746479e-20
0.42 	0.136192468619 	-6.93889390391e-20 	0.11176519496 	0.000675560186185 	165.440766412 	-100.139927135 	37.7123642065 	-2.24146373596 	-1.10653746479e-20
0.42 	0.137656903766 	5.00208760172e-19 	0.110117242323 	0.00066976886251 	164.41081168 	-100.763749 	37.7309842898 	-2.1878534489 	3.95432726347e-20
0.42 	0.139121338912 	-6.7695878289e-20 	0.108450043344 	0.000664105621661 	163.302402219 	-99.9136986571 	37.7105758408 	-2.11885592474 	6.9979878333e-21
0.42 	0.140585774059 	-5.10121725587e-20 	0.108450043344 	0.000664105621661 	163.302402219 	-99.9136986571 	37.7105758408 	-2.11885592474 	6.9979878333e-21
0.42 	0.142050209205 	1.35308431126e-18 	0.107032718855 	0.000658833996086 	162.457795881 	-101.986465887 	37.7674246542 	-2.07946424504 	-1.01433641972e-20
0.42 	0.143514644351 	-7.18228529698e-19 	0.10559099656 	0.00065367964851 	161.53324767 	-102.584777089 	37.7852268296 	-2.02467509729 	4.91919371541e-20
0.42 	0.144979079498 	3.55119298045e-19 	0.105513184992 	0.000653625684296 	161.427538004 	-101.137446011 	37.7469279578 	-2.01044896305 	1.80274835033e-19
0.42 	0.146443514644 	0 	0.10421299055 	0.000648726735117 	160.642355107 	-103.174013476 	37.8027385832 	-1.96948260437 	-4.72635207019e-20
0.42 	0.147907949791 	-1.48362015214e-19 	0.102896331242 	0.000643969859857 	159.78439001 	-103.753902875 	37.8199513554 	-1.91388136294 	-2.43541609946e-20
0.42 	0.149372384937 	0 	0.102896331242 	0.000643969859857 	159.78439001 	-103.753902875 	37.8199513554 	-1.91388136294 	-2.43541609946e-20
0.42 	0.150836820084 	2.42861286637e-19 	0.101638743372 	0.000639403729934 	158.958633823 	-104.324182051 	37.8368568078 	-1.85786579674 	2.37678348063e-20
0.42 	0.15230125523 	-6.60574506954e-19 	0.100438043314 	0.000635023164531 	158.164377182 	-104.884597247 	37.8534468345 	-1.80143011871 	4.17199782009e-20
0.42 	0.153765690377 	-3.12250225676e-19 	0.100438043314 	0.000635023164531 	158.164377182 	-104.884597247 	37.8534468345 	-1.80143011871 	4.17199782009e-20
0.42 	0.155230125523 	-1.81834343868e-20 	0.099292132448 	0.000630823086009 	157.400917389 	-105.43490473 	37.8697135643 	-1.74456829106 	-8.75073067307e-21
0.42 	0.156694560669 	-2.25800307588e-19 	0.0981990066821 	0.000626798568278 	156.667566985 	-105.974871259 	37.8856493717 	-1.68727398329 	-6.51166730401e-21
0.42 	0.158158995816 	0 	0.0981990066821 	0.000626798568278 	156.667566985 	-105.974871259 	37.8856493717 	-1.68727398329 	-6.51166730401e-21
0.42 	0.159623430962 	5.29475956667e-19 	0.0971568199317 	0.000622945077336 	155.963701242 	-106.504274601 	37.9012469345 	-1.62954053248 	-1.50383349593e-20
0.42 	0.161087866109 	-5.55111512313e-19 	0.0971568199317 	0.000622945077336 	155.963701242 	-106.504274601 	37.9012469345 	-1.62954053248 	-1.50383349593e-20
0.42 	0.162552301255 	-5.55111512313e-19 	0.0961637243047 	0.00061925790758 	155.288649733 	-107.022903829 	37.9164992294 	-1.57136087789 	-5.00777166648e-20
0.42 	0.164016736402 	-5.89650322023e-19 	0.0952179614522 	0.000615732515293 	154.641762596 	-107.530559963 	37.9313994925 	-1.51272753333 	7.27133124008e-20
0.42 	0.165481171548 	-2.28983498829e-18 	0.0952179614522 	0.000615732515293 	154.641762596 	-107.530559963 	37.9313994925 	-1.51272753333 	7.27133124008e-20
0.42 	0.166945606695 	6.5287493268e-19 	0.0943178692106 	0.00061236455434 	154.022417761 	-108.027055852 	37.9459412371 	-1.45363249709 	-5.87159048772e-20
0.42 	0.168410041841 	-5.55111512313e-19 	0.0943178692106 	0.00061236455434 	154.022417761 	-108.027055852 	37.9459412371 	-1.45363249709 	-5.87159048772e-20
0.42 	0.169874476987 	0 	0.0934618655285 	0.000609149812934 	153.430015973 	-108.512217229 	37.960118269 	-1.39406725634 	7.37199653698e-20
0.42 	0.171338912134 	-1.65269636576e-19 	0.0926484440637 	0.000606084186477 	152.863985121 	-108.985881695 	37.9739246879 	-1.3340226121 	-5.54266133792e-20
0.42 	0.17280334728 	-5.55111512313e-19 	0.0926484440637 	0.000606084186477 	152.863985121 	-108.985881695 	37.9739246879 	-1.3340226121 	-5.54266133792e-20
0.42 	0.174267782427 	-1.44912540229e-19 	0.0918761744983 	0.000603163840659 	152.323744072 	-109.447900999 	37.9873548858 	-1.27348880732 	1.50802235014e-20
0.42 	0.175732217573 	0 	0.0918761744983 	0.000603163840659 	152.323744072 	-109.447900999 	37.9873548858 	-1.27348880732 	1.50802235014e-20
0.42 	0.17719665272 	-8.27926292474e-19 	0.091143699151 	0.0006003850523 	151.80874141 	-109.898137597 	38.0004035463 	-1.21245513296 	-2.42646949568e-20
0.42 	0.178661087866 	3.12250225676e-19 	0.091143699151 	0.0006003850523 	151.80874141 	-109.898137597 	38.0004035463 	-1.21245513296 	-2.42646949568e-20
0.42 	0.180125523013 	-1.4224732503e-18 	0.0904497341473 	0.000597744263215 	151.318447894 	-110.336470704 	38.0130656392 	-1.1509103961 	2.22808006624e-20
0.42 	0.181589958159 	-3.6522240223e-19 	0.0897930636899 	0.000595238072083 	150.852352867 	-110.762786323 	38.02533641 	-1.08884194254 	-3.07927248095e-21
0.42 	0.183054393305 	1.11022302463e-18 	0.0897930636899 	0.000595238072083 	150.852352867 	-110.762786323 	38.02533641 	-1.08884194254 	-3.07927248095e-21
0.42 	0.184518828452 	5.34600094894e-19 	0.0891725468319 	0.000592863268926 	150.409970571 	-111.176993495 	38.0372113798 	-1.0262370644 	-3.81849041013e-20
0.42 	0.185983263598 	0 	0.0891725468319 	0.000592863268926 	150.409970571 	-111.176993495 	38.0372113798 	-1.0262370644 	-3.81849041013e-20
0.42 	0.187447698745 	8.30479541039e-19 	0.0885871042865 	0.000590616794095 	149.99083191 	-111.578997509 	38.0486863077 	-0.963080470878 	4.79691848059e-20
0.42 	0.188912133891 	8.67361737988e-19 	0.0885871042865 	0.000590616794095 	149.99083191 	-111.578997509 	38.0486863077 	-0.963080470878 	4.79691848059e-20
0.42 	0.190376569038 	-5.87887901428e-19 	0.0880357376472 	0.000588495813502 	149.594501146 	-111.9687427 	38.0597572267 	-0.899358176016 	-1.65697062141e-20
0.42 	0.191841004184 	-2.42861286637e-19 	0.0880357376472 	0.000588495813502 	149.594501146 	-111.9687427 	38.0597572267 	-0.899358176016 	-1.65697062141e-20
0.42 	0.193305439331 	4.16734011952e-19 	0.0875174973829 	0.000586497603251 	149.220554181 	-112.346142948 	38.0704203212 	-0.835050979083 	-5.01211107642e-21
0.42 	0.194769874477 	0 	0.0875174973829 	0.000586497603251 	149.220554181 	-112.346142948 	38.0704203212 	-0.835050979083 	-5.01211107642e-21
0.42 	0.196234309623 	-9.78915235954e-20 	0.0870315324638 	0.000584619734855 	148.868618822 	-112.711191521 	38.0806720989 	-0.77014466504 	-3.12689328866e-20
0.42 	0.19769874477 	0 	0.0870315324638 	0.000584619734855 	148.868618822 	-112.711191521 	38.0806720989 	-0.77014466504 	-3.12689328866e-20
0.42 	0.199163179916 	-2.62676155019e-19 	0.0865770122886 	0.000582859788533 	148.538317434 	-113.063786046 	38.0905090088 	-0.704613506715 	-1.40416640208e-20
0.42 	0.200627615063 	0 	0.0865770122886 	0.000582859788533 	148.538317434 	-113.063786046 	38.0905090088 	-0.704613506715 	-1.40416640208e-20
0.42 	0.202092050209 	-1.25399483232e-19 	0.0861532488727 	0.000581215810467 	148.229362177 	-113.4040019 	38.099928035 	-0.638446055235 	9.59509994045e-20
0.42 	0.203556485356 	0 	0.0861532488727 	0.000581215810467 	148.229362177 	-113.4040019 	38.099928035 	-0.638446055235 	9.59509994045e-20
0.42 	0.205020920502 	-2.23899030033e-19 	0.0857595091184 	0.00057968561879 	147.941412273 	-113.731664281 	38.1089255849 	-0.571604400061 	-4.3351250953e-20
0.42 	0.206485355649 	-1.73472347598e-19 	0.0857595091184 	0.00057968561879 	147.941412273 	-113.731664281 	38.1089255849 	-0.571604400061 	-4.3351250953e-20
0.42 	0.207949790795 	-1.13070535112e-18 	0.0853953057821 	0.000578267893387 	147.674298986 	-114.047008345 	38.1174992653 	-0.504087304144 	-5.62235835154e-20
0.42 	0.209414225941 	7.49872779158e-19 	0.085387348996 	0.0005784168327 	147.62251748 	-112.770126046 	38.0835839241 	-0.498193275931 	-3.3061929848e-19
0.42 	0.210878661088 	-4.60644065068e-19 	0.0850599560714 	0.000576960531125 	147.427686094 	-114.349663041 	38.1256448301 	-0.435832289698 	5.74570275807e-20
0.42 	0.212343096234 	-5.55111512313e-19 	0.0850599560714 	0.000576960531125 	147.427686094 	-114.349663041 	38.1256448301 	-0.435832289698 	5.74570275807e-20
0.42 	0.213807531381 	-5.03619172289e-19 	0.0847532558166 	0.000575763172946 	147.20159225 	-114.640197519 	38.1333610267 	-0.366865577473 	4.61780606644e-20
0.42 	0.215271966527 	9.1566850483e-20 	0.0847473734283 	0.000575918599957 	147.151652047 	-113.369444141 	38.0996080021 	-0.361494360812 	-1.76241415137e-19
0.42 	0.216736401674 	-6.30283272309e-20 	0.0844695576406 	0.000574831934706 	146.946529134 	-113.649496427 	38.1069541385 	-0.29195621868 	1.44667861533e-20
0.42 	0.21820083682 	-1.4224732503e-18 	0.0844744675353 	0.000574673412167 	146.995607847 	-114.91777851 	38.1406416926 	-0.297073291051 	-3.86813976508e-20
0.42 	0.219665271967 	7.57845292947e-21 	0.0842238432809 	0.000573692514438 	146.810078851 	-115.183684756 	38.1474880857 	-0.226547168572 	-1.02220221163e-20
0.42 	0.221129707113 	0 	0.0842238432809 	0.000573692514438 	146.810078851 	-115.183684756 	38.1474880857 	-0.226547168572 	-1.02220221163e-20
0.42 	0.222594142259 	-6.48356048315e-19 	0.0839972970213 	0.000572981424791 	146.596893699 	-114.171209078 	38.1202944557 	-0.150438113841 	-1.1375303554e-19
0.42 	0.224058577406 	9.6548122325e-19 	0.0839972970213 	0.000572981424791 	146.596893699 	-114.171209078 	38.1202944557 	-0.150438113841 	-1.1375303554e-19
0.42 	0.225523012552 	-9.6345908403e-21 	0.0838050923617 	0.000572050847916 	146.499376178 	-115.677689929 	38.1598529318 	-0.0828649333903 	5.80427369319e-20
0.42 	0.226987447699 	-2.05919320773e-20 	0.0838050923617 	0.000572050847916 	146.499376178 	-115.677689929 	38.1598529318 	-0.0828649333903 	5.80427369319e-20
0.42 	0.228451882845 	0 	0.0838050923617 	0.000572050847916 	146.499376178 	-115.677689929 	38.1598529318 	-0.0828649333903 	5.80427369319e-20
0.42 	0.229916317992 	2.13631678446e-19 	0.0836362519357 	0.000571387779659 	146.373889875 	-115.90456956 	38.1653578884 	-0.00949914295296 	-1.01718698162e-19
0.42 	0.231380753138 	0 	0.0836362519357 	0.000571387779659 	146.373889875 	-115.90456956 	38.1653578884 	-0.00949914295296 	-1.01718698162e-19
0.42 	0.232845188285 	-4.04090325444e-19 	0.0834964322749 	0.000570837601596 	146.270028536 	-116.122516198 	38.1704235925 	0.0644831574 	1.11253206201e-19
0.42 	0.234309623431 	0 	0.0834964322749 	0.000570837601596 	146.270028536 	-116.122516198 	38.1704235925 	0.0644831574 	1.11253206201e-19
0.42 	0.235774058577 	-8.98306795627e-19 	0.0833821316691 	0.000570387123675 	146.185157778 	-116.323224772 	38.1750098629 	0.139989255413 	-7.73649364614e-20
0.42 	0.237238493724 	1.11022302463e-18 	0.0833821316691 	0.000570387123675 	146.185157778 	-116.323224772 	38.1750098629 	0.139989255413 	-7.73649364614e-20
0.42 	0.23870292887 	5.52383361145e-19 	0.0832988769785 	0.000570057194734 	146.123718371 	-116.518535185 	38.1791605535 	0.215833541006 	-7.76505920734e-21
0.42 	0.240167364017 	-1.18875389833e-18 	0.0832988769785 	0.000570057194734 	146.123718371 	-116.518535185 	38.1791605535 	0.215833541006 	-7.76505920734e-21
0.42 	0.241631799163 	4.26798768209e-19 	0.0833000996933 	0.000570236423534 	146.079935015 	-115.252011244 	38.1455364313 	0.219333909108 	1.17826124694e-19
0.42 	0.24309623431 	2.52049247267e-19 	0.0832395502559 	0.000569820731711 	146.080241773 	-116.691732582 	38.1827992717 	0.293835072086 	-5.35606838639e-20
0.42 	0.244560669456 	0 	0.0832395502559 	0.000569820731711 	146.080241773 	-116.691732582 	38.1827992717 	0.293835072086 	-5.35606838639e-20
0.42 	0.246025104603 	-8.24945987213e-19 	0.0832152950617 	0.000569719587178 	146.06360205 	-116.866182339 	38.186019576 	0.371553478267 	6.54408162799e-20
0.42 	0.247489539749 	1.97758476261e-18 	0.0832152950617 	0.000569719587178 	146.06360205 	-116.866182339 	38.186019576 	0.371553478267 	6.54408162799e-20
0.42 	0.248953974895 	0 	0.0832152950617 	0.000569719587178 	146.06360205 	-116.866182339 	38.186019576 	0.371553478267 	6.54408162799e-20
0.42 	0.250418410042 	-1.54311952369e-18 	0.0832117237535 	0.000569698840553 	146.062652458 	-117.009398078 	38.1886730573 	0.452562270216 	4.18687390838e-20
0.42 	0.251882845188 	0 	0.0832117237535 	0.000569698840553 	146.062652458 	-117.009398078 	38.1886730573 	0.452562270216 	4.18687390838e-20
0.42 	0.253347280335 	7.23958593009e-19 	0.083250593566 	0.000569839961177 	146.09469191 	-117.165942717 	38.1909305941 	0.532034961939 	-5.00996966438e-20
0.42 	0.254811715481 	0 	0.083250593566 	0.000569839961177 	146.09469191 	-117.165942717 	38.1909305941 	0.532034961939 	-5.00996966438e-20
0.42 	0.256276150628 	0 	0.083250593566 	0.000569839961177 	146.09469191 	-117.165942717 	38.1909305941 	0.532034961939 	-5.00996966438e-20
0.42 	0.257740585774 	3.86392864155e-20 	0.0833036144934 	0.000570034840514 	146.137759612 	-117.274938252 	38.1925349686 	0.616807073439 	-6.98884044061e-21
0.42 	0.259205020921 	0 	0.0833036144934 	0.000570034840514 	146.137759612 	-117.274938252 	38.1925349686 	0.616807073439 	-6.98884044061e-21
0.42 	0.260669456067 	-6.30177253095e-19 	0.0834123122067 	0.000570438610431 	146.22487097 	-117.418331985 	38.1937991487 	0.697681170288 	-4.03367637887e-20
0.42 	0.262133891213 	1.11022302463e-18 	0.0834123122067 	0.000570438610431 	146.22487097 	-117.418331985 	38.1937991487 	0.697681170288 	-4.03367637887e-20
0.42 	0.26359832636 	-1.14491749414e-18 	0.0834123122067 	0.000570438610431 	146.22487097 	-117.418331985 	38.1937991487 	0.697681170288 	-4.03367637887e-20
0.42 	0.265062761506 	3.04307760472e-19 	0.083522350775 	0.000570843480327 	146.313926065 	-117.486318382 	38.19429995 	0.787345435854 	1.4255400055e-19
0.42 	0.266527196653 	2.77555756156e-19 	0.083522350775 	0.000570843480327 	146.313926065 	-117.486318382 	38.19429995 	0.787345435854 	1.4255400055e-19
0.42 	0.267991631799 	-3.07079012407e-20 	0.0837109708645 	0.000571536750311 	146.466470999 	-117.62379955 	38.194529709 	0.868897645813 	-9.92408426204e-20
0.42 	0.269456066946 	0 	0.0837109708645 	0.000571536750311 	146.466470999 	-117.62379955 	38.194529709 	0.868897645813 	-9.92408426204e-20
0.42 	0.270920502092 	-8.67361737988e-19 	0.0837109708645 	0.000571536750311 	146.466470999 	-117.62379955 	38.194529709 	0.868897645813 	-9.92408426204e-20
0.42 	0.272384937238 	1.12006044183e-19 	0.0838768278067 	0.000572130553913 	146.604349712 	-117.640640249 	38.1938525908 	0.965123917483 	6.39605300307e-20
0.42 	0.273849372385 	0 	0.0838768278067 	0.000572130553913 	146.604349712 	-117.640640249 	38.1938525908 	0.965123917483 	6.39605300307e-20
0.42 	0.275313807531 	3.70751989263e-19 	0.0841599256794 	0.000573141415209 	146.839721308 	-117.782437071 	38.1929605639 	1.04608506947 	-3.8137539096e-20
0.42 	0.276778242678 	4.05676890218e-19 	0.0841599256794 	0.000573141415209 	146.839721308 	-117.782437071 	38.1929605639 	1.04608506947 	-3.8137539096e-20
0.42 	0.278242677824 	0 	0.0841599256794 	0.000573141415209 	146.839721308 	-117.782437071 	38.1929605639 	1.04608506947 	-3.8137539096e-20
0.42 	0.279707112971 	1.07448114096e-18 	0.0843759169365 	0.000573861772364 	147.031778383 	-117.734236522 	38.1910443313 	1.15127596784 	1.05165310069e-20
0.42 	0.281171548117 	-5.55111512313e-19 	0.0843759169365 	0.000573861772364 	147.031778383 	-117.734236522 	38.1910443313 	1.15127596784 	1.05165310069e-20
0.42 	0.282635983264 	0 	0.0843759169365 	0.000573861772364 	147.031778383 	-117.734236522 	38.1910443313 	1.15127596784 	1.05165310069e-20
0.42 	0.28410041841 	-1.26638343751e-19 	0.0847694926583 	0.000575179436058 	147.379213067 	-117.893366909 	38.1888740054 	1.22965235927 	5.4602568203e-20
0.42 	0.285564853556 	0 	0.0847694926583 	0.000575179436058 	147.379213067 	-117.893366909 	38.1888740054 	1.22965235927 	5.4602568203e-20
0.42 	0.287029288703 	-1.74154944897e-19 	0.0850074713952 	0.000575804511692 	147.632520533 	-117.763142069 	38.1856991378 	1.34711275051 	-2.11695744122e-20
0.42 	0.288493723849 	3.58187631017e-19 	0.0850074713952 	0.000575804511692 	147.632520533 	-117.763142069 	38.1856991378 	1.34711275051 	-2.11695744122e-20
0.42 	0.289958158996 	0 	0.0850074713952 	0.000575804511692 	147.632520533 	-117.763142069 	38.1856991378 	1.34711275051 	-2.11695744122e-20
0.42 	0.291422594142 	-2.59586781899e-19 	0.0854844254479 	0.000577114550912 	148.123843547 	-117.953614754 	38.181881942 	1.42007069894 	-6.08956348289e-20
0.42 	0.292887029289 	-6.67350824542e-19 	0.0854844254479 	0.000577114550912 	148.123843547 	-117.953614754 	38.181881942 	1.42007069894 	-6.08956348289e-20
0.42 	0.294351464435 	0 	0.0854844254479 	0.000577114550912 	148.123843547 	-117.953614754 	38.181881942 	1.42007069894 	-6.08956348289e-20
0.42 	0.295815899582 	3.34637900556e-19 	0.0855793985498 	0.000576669872591 	148.402756269 	-117.724102476 	38.1774563254 	1.55405661183 	-2.96696138884e-20
0.42 	0.297280334728 	2.16781743583e-19 	0.0855793985498 	0.000576669872591 	148.402756269 	-117.724102476 	38.1774563254 	1.55405661183 	-2.96696138884e-20
0.42 	0.298744769874 	0 	0.0855793985498 	0.000576669872591 	148.402756269 	-117.724102476 	38.1774563254 	1.55405661183 	-2.96696138884e-20
0.42 	0.300209205021 	-2.6506116058e-19 	0.0858707074101 	0.000576323200317 	148.997485027 	-117.956466647 	38.1713312445 	1.61799362755 	4.98191898414e-20
0.42 	0.301673640167 	-5.55111512313e-19 	0.0858707074101 	0.000576323200317 	148.997485027 	-117.956466647 	38.1713312445 	1.61799362755 	4.98191898414e-20
0.42 	0.303138075314 	0 	0.0858707074101 	0.000576323200317 	148.997485027 	-117.956466647 	38.1713312445 	1.61799362755 	4.98191898414e-20
0.42 	0.30460251046 	-1.55569153253e-18 	0.0851488856049 	0.000571288791595 	149.047008899 	-117.615370374 	38.1660190402 	1.77349414233 	-2.89062797135e-20
0.42 	0.306066945607 	1.04083408559e-19 	0.0851488856049 	0.000571288791595 	149.047008899 	-117.615370374 	38.1660190402 	1.77349414233 	-2.89062797135e-20
0.42 	0.307531380753 	1.04083408559e-19 	0.0851488856049 	0.000571288791595 	149.047008899 	-117.615370374 	38.1660190402 	1.77349414233 	-2.89062797135e-20
0.42 	0.3089958159 	8.68868545685e-19 	0.0844959328327 	0.00054568941336 	149.626530204 	-117.882887362 	38.1567593164 	1.82448118844 	3.79249236217e-20
0.42 	0.310460251046 	0 	0.0844959328327 	0.00054568941336 	149.626530204 	-117.882887362 	38.1567593164 	1.82448118844 	3.79249236217e-20
0.42 	0.311924686192 	0 	0.0844959328327 	0.00054568941336 	149.626530204 	-117.882887362 	38.1567593164 	1.82448118844 	3.79249236217e-20
0.42 	0.313389121339 	-1.55863268809e-19 	0.0828887332708 	0.000552852799322 	149.929119238 	-117.437562585 	38.1521297193 	2.0066297454 	-6.96534310203e-20
0.42 	0.314853556485 	-1.38777878078e-19 	0.0828887332708 	0.000552852799322 	149.929119238 	-117.437562585 	38.1521297193 	2.0066297454 	-6.96534310203e-20
0.42 	0.316317991632 	-8.67361737988e-19 	0.0828887332708 	0.000552852799322 	149.929119238 	-117.437562585 	38.1521297193 	2.0066297454 	-6.96534310203e-20
0.42 	0.317782426778 	-7.9622102606e-19 	0.082238688307 	0.000541865503835 	151.769558544 	-117.719514754 	38.1395021805 	2.04150626953 	7.45634149474e-20
0.42 	0.319246861925 	0 	0.082238688307 	0.000541865503835 	151.769558544 	-117.719514754 	38.1395021805 	2.04150626953 	7.45634149474e-20
0.42 	0.320711297071 	0 	0.082238688307 	0.000541865503835 	151.769558544 	-117.719514754 	38.1395021805 	2.04150626953 	7.45634149474e-20
0.42 	0.322175732218 	-4.62470246389e-19 	0.0811052676444 	0.000529327349339 	153.223270526 	-117.220641828 	38.1323946182 	2.25376287615 	2.13835142963e-20
0.42 	0.323640167364 	-5.55111512313e-19 	0.0811052676444 	0.000529327349339 	153.223270526 	-117.220641828 	38.1323946182 	2.25376287615 	2.13835142963e-20
0.42 	0.32510460251 	0 	0.0811052676444 	0.000529327349339 	153.223270526 	-117.220641828 	38.1323946182 	2.25376287615 	2.13835142963e-20
0.42 	0.326569037657 	-6.81237685983e-19 	0.0803452804425 	0.000520238790164 	154.43923437 	-117.42480306 	38.0778125431 	2.27084501377 	-5.77281778577e-20
0.42 	0.328033472803 	8.67361737988e-19 	0.0803452804425 	0.000520238790164 	154.43923437 	-117.42480306 	38.0778125431 	2.27084501377 	-5.77281778577e-20
0.42 	0.32949790795 	-5.55111512313e-19 	0.0803452804425 	0.000520238790164 	154.43923437 	-117.42480306 	38.0778125431 	2.27084501377 	-5.77281778577e-20
0.42 	0.330962343096 	-1.34202220113e-19 	0.0789791161718 	0.000512070959778 	154.234710373 	-116.988141976 	38.2100377947 	2.51806119976 	7.93276725254e-20
0.42 	0.332426778243 	-6.53220640089e-20 	0.0789791161718 	0.000512070959778 	154.234710373 	-116.988141976 	38.2100377947 	2.51806119976 	7.93276725254e-20
0.42 	0.333891213389 	0 	0.0789791161718 	0.000512070959778 	154.234710373 	-116.988141976 	38.2100377947 	2.51806119976 	7.93276725254e-20
0.42 	0.335355648536 	1.12652708605e-18 	0.0790823321264 	0.00051071131319 	154.847425706 	-116.890074934 	37.6697225165 	2.50199399627 	-2.50671547144e-20
0.42 	0.336820083682 	-7.84270007512e-19 	0.0790451818874 	0.000510701931819 	154.777526699 	-115.222895316 	37.6229412897 	2.50109512063 	-2.76745073046e-20
0.42 	0.338284518828 	-8.67361737988e-19 	0.0790823321264 	0.00051071131319 	154.847425706 	-116.890074934 	37.6697225165 	2.50199399627 	-2.50671547144e-20
