0.504 	0 	0 	2.37522508784 	1.53066071959e-05 	154199.464108 	-12.0336934774 	8.74882409501 	-0.000286178781114 	-1.20582503163e-22
0.504 	0.00146443514644 	-1.10096294943e-18 	2.06541666712 	0.000279956546675 	6964.4531845 	-12.0549312697 	20.0425961167 	-0.0208438217573 	-3.08073329686e-22
0.504 	0.00292887029289 	-1.92693241704e-18 	0.708889912205 	0.000251785876024 	2815.44748815 	-12.1096521155 	22.0232776192 	-0.0542154925648 	-2.17426503979e-21
0.504 	0.00439330543933 	-6.03782825242e-19 	0.315260032935 	0.000185240300844 	1701.89765132 	-12.1372665311 	22.9607186995 	-0.0533788513481 	1.58948653787e-22
0.504 	0.00585774058577 	2.79695557117e-18 	0.259930300609 	0.000250832446835 	1036.27064158 	-12.1913486471 	23.4023907053 	-0.040050268404 	2.0801533589e-21
0.504 	0.00732217573222 	2.99675097615e-19 	0.381220288377 	0.000339586811847 	1116.71051693 	-12.3083541202 	23.7820900395 	-0.0691622354702 	2.9591999308e-21
0.504 	0.00878661087866 	1.97407404995e-18 	0.583475940473 	0.00031282649177 	1366.50606617 	-12.426866228 	24.4917622574 	-0.139990145822 	5.63777120431e-21
0.504 	0.0102510460251 	-3.57795804981e-19 	0.7115963717 	0.000379849968753 	1418.62124403 	-12.5719383283 	25.4717871494 	-0.246262841702 	3.88680540592e-21
0.504 	0.0117154811715 	3.24720472561e-20 	0.709947793277 	0.00044695519253 	1303.83490098 	-12.766626948 	26.4332605432 	-0.360285457467 	4.88618307164e-21
0.504 	0.013179916318 	-4.00542815545e-19 	0.688309862887 	0.000466466110897 	1201.57311435 	-12.9342714288 	27.1743442656 	-0.454383183468 	-4.24890932783e-21
0.504 	0.0146443514644 	5.77094914341e-19 	0.677088278738 	0.000469160169722 	1115.98929166 	-13.0908203235 	27.941452169 	-0.555418805837 	8.66409646474e-24
0.504 	0.0161087866109 	2.13702315949e-18 	0.670558927191 	0.000492316739221 	1040.74711673 	-13.2378063497 	28.7438170442 	-0.661634188116 	7.19051227003e-21
0.504 	0.0175732217573 	-1.27957459694e-18 	0.643995478842 	0.000554105541581 	958.916867648 	-13.3968045058 	29.5261169812 	-0.761200073469 	5.3777075019e-21
0.504 	0.0190376569038 	-6.47754201461e-19 	0.600414352535 	0.000619791023512 	884.649537401 	-13.5380373568 	30.0576521115 	-0.823692295495 	-7.62119266214e-22
0.504 	0.0205020920502 	-1.10059907906e-18 	0.523146236046 	0.00067373047528 	776.49186914 	-13.7597619571 	30.6621864507 	-0.886853923862 	2.2092626143e-21
0.504 	0.0219665271967 	-4.38163422834e-19 	0.462591187991 	0.000665858412383 	694.729058593 	-13.9269163964 	31.0576966226 	-0.921081681835 	-5.47998827754e-21
0.504 	0.0234309623431 	1.7449264662e-18 	0.404919301771 	0.000659507803141 	613.971964916 	-14.0927937281 	31.4108620782 	-0.944489564388 	-1.15498849797e-20
0.504 	0.0248953974895 	-2.63109905796e-19 	0.355962664516 	0.000658072459475 	540.917127576 	-14.2633541483 	31.7205350315 	-0.957971341932 	-1.53305055528e-20
0.504 	0.026359832636 	2.74744944721e-18 	0.319823501132 	0.000661464668143 	483.508064052 	-14.4456745499 	31.9890272888 	-0.963505752608 	-7.93375064781e-22
0.504 	0.0278242677824 	5.74857558902e-19 	0.296365976461 	0.000665949880974 	445.027448654 	-14.6446357075 	32.2235442772 	-0.963617655791 	-6.41704240024e-21
0.504 	0.0292887029289 	-1.59760855734e-18 	0.282008810796 	0.000668748346194 	421.696460859 	-14.8641488303 	32.4327465193 	-0.960604671123 	-7.79816765338e-21
0.504 	0.0307531380753 	-6.07644170009e-19 	0.27266867623 	0.00066995521813 	406.995376483 	-15.1074036224 	32.6230616245 	-0.956019390005 	-1.46427283389e-21
0.504 	0.0322175732218 	-1.02553823106e-18 	0.267837986722 	0.000670358232108 	399.544562732 	-15.2843398164 	32.7412266281 	-0.952524648784 	3.27910000817e-21
0.504 	0.0336820083682 	-7.77608513352e-19 	0.261719548066 	0.000670870273843 	390.119458665 	-15.5743345307 	32.9066574748 	-0.946977162276 	4.10150527485e-21
0.504 	0.0351464435146 	8.06276523991e-19 	0.2582146934 	0.000671364427046 	384.611818854 	-15.7855014472 	33.0094852896 	-0.943206413489 	-1.63940701461e-20
0.504 	0.0366108786611 	-5.182444103e-19 	0.253761572854 	0.00067264784716 	377.257689778 	-16.1314879838 	33.1531978087 	-0.937606374347 	9.4616609909e-21
0.504 	0.0380753138075 	-6.15586018281e-19 	0.251312300274 	0.000674000105073 	372.866856225 	-16.3830715738 	33.2424141376 	-0.933979155598 	4.53185215584e-21
0.504 	0.039539748954 	-3.03974790056e-19 	0.249251415311 	0.000675816206624 	368.815386295 	-16.6525234664 	33.3267166315 	-0.930472284653 	1.36894728706e-20
0.504 	0.0410041841004 	2.03412316911e-18 	0.247547797676 	0.000678123984614 	365.04799018 	-16.940783301 	33.4064097575 	-0.927100561424 	7.22887521806e-21
0.504 	0.0424686192469 	4.97973910545e-19 	0.246168694937 	0.00068093291909 	361.516807362 	-17.2487621497 	33.4817828966 	-0.923866269335 	7.32795771884e-21
0.504 	0.0439330543933 	3.05104711372e-18 	0.244638875036 	0.000686073797409 	356.578076528 	-17.7496166335 	33.5873249813 	-0.919250173591 	-1.43509680586e-20
0.504 	0.0453974895397 	4.75398807998e-19 	0.243938575709 	0.000690102865029 	353.481470764 	-18.1106612817 	33.6530383426 	-0.916299804608 	-1.06905101637e-20
0.504 	0.0468619246862 	-6.7513280183e-20 	0.243479114404 	0.000694623075756 	350.519760863 	-18.4943455594 	33.7153608371 	-0.913422557219 	-4.28993577272e-21
0.504 	0.0483263598326 	-6.14857740527e-19 	0.243343867829 	0.000697087137482 	349.086727819 	-18.6949148815 	33.7453800712 	-0.912006395589 	-6.76556563231e-21
0.504 	0.0497907949791 	9.69636863639e-19 	0.243289686914 	0.000702511054845 	346.314389269 	-19.1139680202 	33.8035775072 	-0.909225884285 	-9.9528561081e-21
0.504 	0.0512552301255 	-4.79675013025e-20 	0.243579785593 	0.000708773041151 	343.664010129 	-19.5575046671 	33.860321729 	-0.906558904901 	-6.13790221135e-21
0.504 	0.052719665272 	-1.59907961416e-18 	0.244268475218 	0.000716067038852 	341.125148854 	-20.0262367462 	33.9174171946 	-0.904110704003 	1.00285882895e-20
0.504 	0.0541841004184 	-7.62407963096e-19 	0.245326847176 	0.000724367794706 	338.677187155 	-20.5208736187 	33.9771983002 	-0.902021029969 	-4.16410710364e-21
0.504 	0.0556485355649 	2.2126837739e-19 	0.245945407656 	0.000728772760624 	337.478869882 	-20.7781246554 	34.0088375591 	-0.901150046491 	1.97680881184e-20
0.504 	0.0571129707113 	4.10324813954e-19 	0.247174433965 	0.000737579179117 	335.115796329 	-21.3129105853 	34.076746511 	-0.89979323345 	2.4858654399e-22
0.504 	0.0585774058577 	3.67143737203e-19 	0.248079673867 	0.00074548514465 	332.776146711 	-21.8752563988 	34.1515060414 	-0.898921590109 	6.06957213689e-21
0.504 	0.0600418410042 	2.9095988452e-19 	0.2482998828 	0.000748774905147 	331.608179032 	-22.1669393062 	34.1914269048 	-0.898634704893 	-3.12598789708e-20
0.504 	0.0615062761506 	-1.2115354752e-18 	0.248122899723 	0.000753573957791 	329.261510643 	-22.7716316556 	34.2758084619 	-0.898263510263 	-9.59234805514e-21
0.504 	0.0629707112971 	-1.79051814029e-18 	0.247028554292 	0.00075573600532 	326.871490247 	-23.4051165779 	34.3651997115 	-0.898030848131 	1.23386065652e-20
0.504 	0.0644351464435 	-1.80975398841e-19 	0.246127655206 	0.000755815388765 	325.64520234 	-23.732775309 	34.4113283004 	-0.897920113109 	-1.92420553848e-20
0.504 	0.06589958159 	-2.35349727922e-19 	0.243639539025 	0.000754067858273 	323.100283816 	-24.4101268041 	34.5053932121 	-0.897619929176 	-4.89951111813e-20
0.504 	0.0673640167364 	-1.3779819508e-18 	0.242076561938 	0.000752312259352 	321.776707648 	-24.7598850683 	34.5528200677 	-0.89739245886 	-1.85827516091e-21
0.504 	0.0688284518828 	7.3374350611e-19 	0.238430519714 	0.000747318839322 	319.047917928 	-25.4816839451 	34.6469988775 	-0.896680613871 	-4.41072975371e-20
0.504 	0.0702928870293 	1.00282600411e-18 	0.236418054868 	0.000744238069631 	317.66455455 	-25.8537504682 	34.6931547555 	-0.896155064124 	3.1175445526e-20
0.504 	0.0717573221757 	-1.66844647521e-18 	0.232218795763 	0.000737363384136 	314.93128186 	-26.6202282056 	34.7823850699 	-0.894673832468 	8.62969226665e-21
0.504 	0.0732217573222 	-4.92583832065e-19 	0.2301068679 	0.000733742586081 	313.607077284 	-27.0146235274 	34.8251866632 	-0.893690660146 	-2.08710214758e-20
0.504 	0.0746861924686 	-2.15415083967e-18 	0.228023898665 	0.000730091693507 	312.322274987 	-27.4164364522 	34.866747336 	-0.892533306816 	4.2093616776e-21
0.504 	0.0761506276151 	8.99757461177e-19 	0.223999239448 	0.000722863056279 	309.877835784 	-28.2422285834 	34.9465500177 	-0.889676208209 	-5.8509593207e-20
0.504 	0.0776150627615 	9.88314534398e-19 	0.222064644668 	0.00071932395593 	308.712983681 	-28.6661561885 	34.9851333914 	-0.887970507225 	-1.34438122348e-20
0.504 	0.0790794979079 	2.29110046381e-19 	0.220178001138 	0.000715840485837 	307.579698961 	-29.0973990143 	35.0231032833 	-0.886076436053 	1.98073903906e-20
0.504 	0.0805439330544 	-8.36160348739e-19 	0.216525947412 	0.000709022905917 	305.386392464 	-29.9816955279 	35.0979192712 	-0.881706212293 	2.87378872581e-20
0.504 	0.0820083682008 	-1.21217886071e-18 	0.2147502858 	0.000705678008176 	304.31766799 	-30.4346730105 	35.1350344262 	-0.879217569584 	-6.20505847432e-21
0.504 	0.0834728033473 	1.74538734114e-19 	0.213003453354 	0.000702370680976 	303.263588762 	-30.8948119067 	35.1720663193 	-0.876515745367 	1.04095500215e-20
0.504 	0.0849372384937 	-5.0244314731e-19 	0.211283563333 	0.000699099496146 	302.222451165 	-31.3620621459 	35.2090556736 	-0.873591284923 	-4.2963064361e-20
0.504 	0.0864016736402 	1.43165343028e-18 	0.209589737619 	0.000695864498937 	301.193318439 	-31.8363677524 	35.246020085 	-0.870434188593 	6.48480115603e-20
0.504 	0.0878661087866 	9.89407967759e-19 	0.206279600725 	0.000689506869602 	299.16975424 	-32.8058893956 	35.3198857731 	-0.863381294944 	-3.14128552777e-20
0.504 	0.0893305439331 	9.1273023219e-19 	0.204663515847 	0.000686386479469 	298.175331201 	-33.3009610402 	35.3567832478 	-0.859465190622 	-4.07940023749e-21
0.504 	0.0907949790795 	-2.86146360352e-19 	0.20307363493 	0.000683306295375 	297.19268841 	-33.8027990325 	35.3936546689 	-0.855275910312 	-4.72339333891e-21
0.504 	0.0922594142259 	1.65860750619e-19 	0.201510086115 	0.000680267045807 	296.22203127 	-34.3113141955 	35.4304994757 	-0.850803463584 	9.67432554773e-21
0.504 	0.0937238493724 	-5.89177808263e-19 	0.199972968675 	0.000677269367645 	295.263566061 	-34.8264104814 	35.4673177615 	-0.846037869096 	1.08535853871e-20
0.504 	0.0951882845188 	4.28287798129e-19 	0.198462362511 	0.000674313864334 	294.317487758 	-35.3479848746 	35.504109741 	-0.840969136454 	1.54328563864e-21
0.504 	0.0966527196653 	-9.5133773028e-20 	0.19697833265 	0.000671401127421 	293.383976591 	-35.875927262 	35.54087538 	-0.835587262159 	3.06659238256e-20
0.504 	0.0981171548117 	-4.57766761478e-20 	0.194090181677 	0.000665706219379 	291.555307772 	-36.9504395949 	35.6143251645 	-0.823844029823 	-4.31434052636e-21
0.504 	0.0995815899582 	-4.19634890322e-19 	0.192686103562 	0.000662925093348 	290.660446399 	-37.4967532462 	35.6510066108 	-0.817462637169 	-2.75048820104e-20
0.504 	0.101046025105 	-1.67881569035e-18 	0.191308685518 	0.000660188809588 	289.77874623 	-38.0489222104 	35.6876561445 	-0.810728048886 	3.46106482955e-20
0.504 	0.102510460251 	-8.89404008118e-19 	0.189957899383 	0.00065749778035 	288.910328004 	-38.6068000178 	35.7242705697 	-0.803630277911 	-6.82478210218e-20
0.504 	0.103974895397 	-2.84793455997e-19 	0.188633699239 	0.000654852377407 	288.055301847 	-39.170232756 	35.7608458486 	-0.796159362702 	6.56281027028e-20
0.504 	0.105439330544 	3.60591771576e-19 	0.187336023742 	0.000652252936214 	287.213768372 	-39.7390590137 	35.797377128 	-0.788305370923 	-2.70740082594e-20
0.504 	0.10690376569 	2.05471451053e-19 	0.186064798681 	0.000649699759472 	286.385820478 	-40.3131098296 	35.8338588443 	-0.780058399781 	1.61339512201e-20
0.504 	0.108368200837 	1.5223929239e-18 	0.184819939193 	0.000647193119292 	285.571545315 	-40.8922086481 	35.8702848996 	-0.771408572303 	6.63427822848e-21
0.504 	0.109832635983 	2.26444101881e-18 	0.183601351004 	0.000644733257292 	284.771025734 	-41.4761712803 	35.906648887 	-0.762346031146 	-1.55151612069e-20
0.504 	0.11129707113 	-5.08683066001e-19 	0.182408930304 	0.000642320382493 	283.984340643 	-42.0648058723 	35.9429443231 	-0.752860930838 	4.87895236684e-21
0.504 	0.112761506276 	3.50137856194e-19 	0.181242562364 	0.00063995466768 	283.211564065 	-42.6579128975 	35.9791648432 	-0.742943430388 	-6.69151446094e-21
0.504 	0.114225941423 	-5.41020341512e-19 	0.180102119371 	0.000637636245371 	282.45276312 	-43.2552851583 	36.0153043144 	-0.732583687769 	-2.60306250924e-20
0.504 	0.115690376569 	1.06146410974e-18 	0.178987458194 	0.000635365204665 	281.707995464 	-43.8567078016 	36.0513568442 	-0.721771857677 	4.66620466085e-21
0.504 	0.117154811715 	1.27479079386e-18 	0.178987458194 	0.000635365204665 	281.707995464 	-43.8567078016 	36.0513568442 	-0.721771857677 	4.66620466085e-21
0.504 	0.118619246862 	1.13219872571e-18 	0.17789841876 	0.000633141589823 	280.977306845 	-44.4619583401 	36.0873166842 	-0.71049809364 	1.04264995178e-20
0.504 	0.120083682008 	-5.83126248943e-19 	0.176834823438 	0.000630965400882 	280.260729338 	-45.0708066754 	36.123178059 	-0.698752553826 	-1.05736914823e-20
0.504 	0.121548117155 	-1.80082282859e-19 	0.17579647752 	0.000628836595903 	279.558280586 	-45.6830151253 	36.1589349675 	-0.68652540905 	-2.73273736423e-20
0.504 	0.123012552301 	-9.11326227349e-19 	0.174783170531 	0.000626755093946 	278.869964073 	-46.2983384438 	36.1945810098 	-0.673806850943 	4.51838503385e-20
0.504 	0.124476987448 	6.46472025628e-19 	0.173794677924 	0.00062472077781 	278.19577017 	-46.9165238325 	36.2301092757 	-0.660587098596 	-5.75247122742e-21
0.504 	0.125941422594 	3.76421854354e-19 	0.172830762758 	0.000622733496003 	277.535677568 	-47.5373109475 	36.2655123107 	-0.646856402799 	1.82664534234e-20
0.504 	0.127405857741 	-3.29119565068e-19 	0.1718911771 	0.000620793063949 	276.889654673 	-48.1604319121 	36.3007821453 	-0.632605048089 	2.81116065735e-20
0.504 	0.128870292887 	9.59591608533e-19 	0.170975663096 	0.000618899264824 	276.257660678 	-48.785611337 	36.3359103613 	-0.617823353099 	-9.70374270857e-20
0.504 	0.130334728033 	1.20229695597e-18 	0.170975663096 	0.000618899264824 	276.257660678 	-48.785611337 	36.3359103613 	-0.617823353099 	-9.70374270857e-20
0.504 	0.13179916318 	6.29642613731e-19 	0.170083953772 	0.000617051850487 	275.639646227 	-49.412566359 	36.3708881629 	-0.602501670454 	5.49517616316e-20
0.504 	0.133263598326 	7.78546426745e-19 	0.169215773737 	0.000615250542797 	275.035553756 	-50.0410066948 	36.4057064307 	-0.586630386285 	2.04986639352e-20
0.504 	0.134728033473 	1.16411712833e-18 	0.168370839847 	0.000613495035281 	274.44531767 	-50.6706347098 	36.4403557503 	-0.570199919844 	-4.05066929144e-20
0.504 	0.136192468619 	5.00241559314e-19 	0.167548861798 	0.000611784994733 	273.868864455 	-51.3011454938 	36.4748264185 	-0.553200722889 	8.62130623281e-20
0.504 	0.137656903766 	8.3771556946e-19 	0.167548861798 	0.000611784994733 	273.868864455 	-51.3011454938 	36.4748264185 	-0.553200722889 	8.62130623281e-20
0.504 	0.139121338912 	2.36725401309e-19 	0.166749542488 	0.000610120062254 	273.306112689 	-51.932226937 	36.5091084405 	-0.535623278975 	-6.40206139186e-20
0.504 	0.140585774059 	-6.16725795695e-19 	0.165972578109 	0.000608499853592 	272.756972955 	-52.5635597929 	36.543191524 	-0.517458103454 	-5.4678861533e-20
0.504 	0.142050209205 	2.04927768592e-19 	0.165217658182 	0.000606923959287 	272.221347756 	-53.1948177316 	36.5770650752 	-0.498695744542 	5.90792361946e-20
0.504 	0.143514644351 	6.6521667537e-19 	0.164484465922 	0.000605391945514 	271.69913168 	-53.8256673904 	36.6107181921 	-0.479326785313 	4.46741593549e-20
0.504 	0.144979079498 	6.8260127416e-19 	0.164484465922 	0.000605391945514 	271.69913168 	-53.8256673904 	36.6107181921 	-0.479326785313 	4.46741593549e-20
0.504 	0.146443514644 	1.02778479026e-18 	0.163772679219 	0.000603903356247 	271.190212018 	-54.4557684418 	36.6441396533 	-0.459341845577 	-8.16154650229e-20
0.504 	0.147907949791 	-1.43269945663e-18 	0.163081972063 	0.00060245771638 	270.694469719 	-55.0847736839 	36.6773179029 	-0.438731582269 	8.69398189313e-20
0.504 	0.149372384937 	2.84258209027e-18 	0.162412015827 	0.000601054534558 	270.211780278 	-55.7123291399 	36.7102410411 	-0.417486687906 	-3.61970139759e-20
0.504 	0.150836820084 	7.61793700129e-20 	0.162412015827 	0.000601054534558 	270.211780278 	-55.7123291399 	36.7102410411 	-0.417486687906 	-3.61970139759e-20
0.504 	0.15230125523 	-1.51599274811e-18 	0.161762479795 	0.000599693304456 	269.742014115 	-56.3380741459 	36.7428968247 	-0.395597888287 	-2.3838540906e-20
0.504 	0.153765690377 	-2.65010944576e-19 	0.161133030835 	0.000598373504318 	269.285036306 	-56.9616414124 	36.7752726789 	-0.373055941191 	-3.06705190697e-20
0.504 	0.155230125523 	-1.04129786637e-19 	0.160523332725 	0.000597094595874 	268.840706035 	-57.5826570687 	36.8073557095 	-0.349851636985 	-3.39994097486e-20
0.504 	0.156694560669 	-5.60659684147e-19 	0.160523332725 	0.000597094595874 	268.840706035 	-57.5826570687 	36.8073557095 	-0.349851636985 	-3.39994097486e-20
0.504 	0.158158995816 	-2.18336295318e-19 	0.159933045946 	0.000595856023983 	268.408876488 	-58.2007407079 	36.8391327061 	-0.325975801034 	1.29670001106e-19
0.504 	0.159623430962 	-9.04816847916e-19 	0.159361828438 	0.00059465721738 	267.989395874 	-58.8155054516 	36.8705901273 	-0.301419295278 	-5.34391618766e-20
0.504 	0.161087866109 	-9.71006237684e-20 	0.159361828438 	0.00059465721738 	267.989395874 	-58.8155054516 	36.8705901273 	-0.301419295278 	-5.34391618766e-20
0.504 	0.162552301255 	1.96245333071e-18 	0.158809337168 	0.00059349759021 	267.582109495 	-59.4265580457 	36.9017140734 	-0.276173018236 	-7.32684672729e-20
0.504 	0.164016736402 	1.18501763588e-20 	0.158275229847 	0.000592376544909 	267.186861477 	-60.0334989785 	36.9324902599 	-0.250227902152 	5.49331801477e-20
0.504 	0.165481171548 	-7.50330257163e-19 	0.158275229847 	0.000592376544909 	267.186861477 	-60.0334989785 	36.9324902599 	-0.250227902152 	5.49331801477e-20
0.504 	0.166945606695 	-2.05145259264e-19 	0.157759166025 	0.000591293477366 	266.803494481 	-60.6359225846 	36.9629040058 	-0.223574908468 	-1.37260057603e-20
0.504 	0.168410041841 	-1.26760034394e-18 	0.157260807244 	0.000590247782126 	266.431847786 	-61.2334171047 	36.9929402421 	-0.196205022617 	3.42853621057e-20
0.504 	0.169874476987 	2.20018243018e-19 	0.157260807244 	0.000590247782126 	266.431847786 	-61.2334171047 	36.9929402421 	-0.196205022617 	3.42853621057e-20
0.504 	0.171338912134 	1.10678668456e-18 	0.156779816449 	0.000589238853453 	266.071756012 	-61.8255646984 	37.0225835284 	-0.1681092506 	-4.53610448342e-20
0.504 	0.17280334728 	-1.60283816256e-18 	0.15631585763 	0.000588266096014 	265.723043855 	-62.411941435 	37.0518180646 	-0.139278617178 	4.21707091658e-20
0.504 	0.174267782427 	-4.99855814858e-19 	0.15631585763 	0.000588266096014 	265.723043855 	-62.411941435 	37.0518180646 	-0.139278617178 	4.21707091658e-20
0.504 	0.175732217573 	1.16415118532e-18 	0.155868595818 	0.000587328888133 	265.385542865 	-62.992117297 	37.0806276885 	-0.109704165779 	1.58494564043e-20
0.504 	0.17719665272 	-2.12964331355e-18 	0.155437697922 	0.000586426604941 	265.059082607 	-63.5656562023 	37.1089958669 	-0.0793769576762 	1.63624606237e-20
0.504 	0.178661087866 	-1.69551324224e-19 	0.155437697922 	0.000586426604941 	265.059082607 	-63.5656562023 	37.1089958669 	-0.0793769576762 	1.63624606237e-20
0.504 	0.180125523013 	5.00572427191e-19 	0.155022833415 	0.000585558619508 	264.743491515 	-64.1321160248 	37.1369056902 	-0.0482880709913 	-5.52138003432e-20
0.504 	0.181589958159 	-7.5072133418e-19 	0.154623674745 	0.000584724305996 	264.438596376 	-64.6910485849 	37.1643398721 	-0.0164285991017 	-1.08675366484e-20
0.504 	0.183054393305 	-1.53037702502e-18 	0.154623674745 	0.000584724305996 	264.438596376 	-64.6910485849 	37.1643398721 	-0.0164285991017 	-1.08675366484e-20
0.504 	0.184518828452 	-6.74240484092e-19 	0.154239897857 	0.00058392304218 	264.144222296 	-65.2419996127 	37.1912807477 	0.016210350404 	1.00987178364e-19
0.504 	0.185983263598 	-2.24184954353e-19 	0.154239897857 	0.00058392304218 	264.144222296 	-65.2419996127 	37.1912807477 	0.016210350404 	1.00987178364e-19
0.504 	0.187447698745 	1.10018636273e-20 	0.153871183135 	0.000583154211236 	263.860193702 	-65.7845087061 	37.2177102636 	0.0496376576136 	-1.13862574837e-19
0.504 	0.188912133891 	-6.99421562406e-19 	0.153517216562 	0.000582417202559 	263.5863362 	-66.31810932 	37.243609963 	0.0838621917661 	-3.76289120278e-20
0.504 	0.190376569038 	-8.0768578363e-19 	0.153517216562 	0.000582417202559 	263.5863362 	-66.31810932 	37.243609963 	0.0838621917661 	-3.76289120278e-20
0.504 	0.191841004184 	-5.86471250497e-19 	0.153177690669 	0.000581711411908 	263.322478352 	-66.8423287269 	37.2689609752 	0.118892818927 	1.14952879808e-19
0.504 	0.193305439331 	-1.51675300061e-19 	0.153177690669 	0.000581711411908 	263.322478352 	-66.8423287269 	37.2689609752 	0.118892818927 	1.14952879808e-19
0.504 	0.194769874477 	4.72862611976e-19 	0.152852305044 	0.000581036241809 	263.068452612 	-67.3566879787 	37.2937440191 	0.15473841836 	-2.21406917025e-20
0.504 	0.196234309623 	1.0730776176e-18 	0.152540767372 	0.000580391104517 	262.824096001 	-67.8607024096 	37.3179394067 	0.191407791602 	-7.88836318925e-20
0.504 	0.19769874477 	-7.7419266443e-19 	0.152540767372 	0.000580391104517 	262.824096001 	-67.8607024096 	37.3179394067 	0.191407791602 	-7.88836318925e-20
0.504 	0.199163179916 	-3.72870324172e-19 	0.15224279202 	0.000579775420428 	262.589248622 	-68.3538783209 	37.3415270701 	0.228910115777 	4.18409354841e-20
0.504 	0.200627615063 	-9.42412110015e-19 	0.15224279202 	0.000579775420428 	262.589248622 	-68.3538783209 	37.3415270701 	0.228910115777 	4.18409354841e-20
0.504 	0.202092050209 	6.69503853814e-19 	0.151958107582 	0.000579188635039 	262.363759212 	-68.8357242719 	37.3644865135 	0.267253459882 	-6.30019110918e-22
0.504 	0.203556485356 	1.33848615659e-18 	0.151958107582 	0.000579188635039 	262.363759212 	-68.8357242719 	37.3644865135 	0.267253459882 	-6.30019110918e-22
0.504 	0.205020920502 	-9.19331529914e-19 	0.151686440099 	0.000578630184107 	262.147472195 	-69.3057169801 	37.3867969767 	0.306448899868 	2.15738005976e-20
0.504 	0.206485355649 	-5.29376349028e-19 	0.151427553453 	0.000578099578851 	261.940259072 	-69.7633841628 	37.4084371949 	0.346500987907 	-3.56046353442e-21
0.504 	0.207949790795 	-4.20830953775e-19 	0.151427553453 	0.000578099578851 	261.940259072 	-69.7633841628 	37.4084371949 	0.346500987907 	-3.56046353442e-21
0.504 	0.209414225941 	4.17238636621e-19 	0.15118117261 	0.000577596244323 	261.741959191 	-70.2081304212 	37.4293858023 	0.387426928693 	-6.03062980463e-20
0.504 	0.210878661088 	8.5295241057e-19 	0.15118117261 	0.000577596244323 	261.741959191 	-70.2081304212 	37.4293858023 	0.387426928693 	-6.03062980463e-20
0.504 	0.212343096234 	5.25210855104e-19 	0.150947119231 	0.000577119805105 	261.552485109 	-70.6395549922 	37.4496205567 	0.429222756076 	4.44821020896e-20
0.504 	0.213807531381 	1.26028067936e-19 	0.150947119231 	0.000577119805105 	261.552485109 	-70.6395549922 	37.4496205567 	0.429222756076 	4.44821020896e-20
0.504 	0.215271966527 	-7.17545383989e-21 	0.15072510068 	0.000576669641962 	261.371658419 	-71.0569344223 	37.4691192189 	0.471916894049 	3.07841054614e-20
0.504 	0.216736401674 	5.46852984404e-19 	0.15072510068 	0.000576669641962 	261.371658419 	-71.0569344223 	37.4691192189 	0.471916894049 	3.07841054614e-20
0.504 	0.21820083682 	-1.69378695958e-19 	0.150515021197 	0.000576245546064 	261.199452604 	-71.4599892825 	37.4878583929 	0.515492188358 	-4.47939590453e-20
0.504 	0.219665271967 	-4.86723035424e-19 	0.150515021197 	0.000576245546064 	261.199452604 	-71.4599892825 	37.4878583929 	0.515492188358 	-4.47939590453e-20
0.504 	0.221129707113 	2.20811118072e-19 	0.150316551953 	0.000575846815653 	261.03565717 	-71.8478056801 	37.5058153494 	0.559994269485 	8.51024975775e-20
0.504 	0.222594142259 	3.7325247906e-19 	0.150316551953 	0.000575846815653 	261.03565717 	-71.8478056801 	37.5058153494 	0.559994269485 	8.51024975775e-20
0.504 	0.224058577406 	9.55290067794e-19 	0.150129731496 	0.000575473516526 	260.880348418 	-72.2203254414 	37.5229658941 	0.60538268839 	-7.77218256343e-20
0.504 	0.225523012552 	-4.29466310814e-19 	0.150129731496 	0.000575473516526 	260.880348418 	-72.2203254414 	37.5229658941 	0.60538268839 	-7.77218256343e-20
0.504 	0.226987447699 	8.19813507113e-19 	0.149954125015 	0.000575124715674 	260.733230425 	-72.5762682898 	37.5392872582 	0.65173808786 	-2.34552151111e-20
0.504 	0.228451882845 	-1.29899541235e-18 	0.149954125015 	0.000575124715674 	260.733230425 	-72.5762682898 	37.5392872582 	0.65173808786 	-2.34552151111e-20
0.504 	0.229916317992 	-4.80460860315e-19 	0.149790024704 	0.000574801004624 	260.594577078 	-72.9160519314 	37.5547539484 	0.698970235399 	6.98339735626e-20
0.504 	0.231380753138 	-4.65977395162e-19 	0.149790024704 	0.000574801004624 	260.594577078 	-72.9160519314 	37.5547539484 	0.698970235399 	6.98339735626e-20
0.504 	0.232845188285 	4.19890128636e-19 	0.149636730106 	0.000574500881537 	260.463882502 	-73.2376984234 	37.569343374 	0.747230878901 	-3.54766198156e-20
0.504 	0.234309623431 	8.55221865365e-19 	0.149636730106 	0.000574500881537 	260.463882502 	-73.2376984234 	37.569343374 	0.747230878901 	-3.54766198156e-20
0.504 	0.235774058577 	3.810755439e-19 	0.14949502208 	0.000574225958111 	260.341804421 	-73.5425186676 	37.5830283495 	0.796332464785 	8.17674392358e-20
0.504 	0.237238493724 	6.24587690584e-20 	0.14949502208 	0.000574225958111 	260.341804421 	-73.5425186676 	37.5830283495 	0.796332464785 	8.17674392358e-20
0.504 	0.23870292887 	7.90931686448e-19 	0.149363633942 	0.000573973525253 	260.227392676 	-73.8272512242 	37.595786305 	0.846563805944 	-6.67672803211e-20
0.504 	0.240167364017 	4.51650573332e-19 	0.149363633942 	0.000573973525253 	260.227392676 	-73.8272512242 	37.595786305 	0.846563805944 	-6.67672803211e-20
0.504 	0.241631799163 	7.64806078828e-19 	0.14924427217 	0.000573747131755 	260.12203619 	-74.0949393794 	37.6075898698 	0.897547597846 	-6.91545684087e-20
0.504 	0.24309623431 	-1.63010625637e-19 	0.14924427217 	0.000573747131755 	260.12203619 	-74.0949393794 	37.6075898698 	0.897547597846 	-6.91545684087e-20
0.504 	0.244560669456 	-2.17662835194e-19 	0.149134525116 	0.000573541630225 	260.023888864 	-74.3398723683 	37.6184153338 	0.949837938446 	3.48343418224e-20
0.504 	0.246025104603 	-2.95094344604e-20 	0.149134525116 	0.000573541630225 	260.023888864 	-74.3398723683 	37.6184153338 	0.949837938446 	3.48343418224e-20
0.504 	0.247489539749 	8.35977434209e-19 	0.149037854378 	0.000573364248945 	259.935729603 	-74.5683587087 	37.6282360326 	1.00269483908 	1.31275345611e-20
0.504 	0.248953974895 	5.83217681347e-19 	0.149037854378 	0.000573364248945 	259.935729603 	-74.5683587087 	37.6282360326 	1.00269483908 	1.31275345611e-20
0.504 	0.250418410042 	5.25722391132e-19 	0.148949576465 	0.000573205005408 	259.853935433 	-74.7701900058 	37.637026894 	1.05717218422 	4.72347147535e-20
0.504 	0.251882845188 	9.46533510156e-19 	0.148949576465 	0.000573205005408 	259.853935433 	-74.7701900058 	37.637026894 	1.05717218422 	4.72347147535e-20
0.504 	0.253347280335 	-1.09942966363e-20 	0.148876523654 	0.000573078207954 	259.783955466 	-74.957653006 	37.6447643717 	1.11185165549 	1.94488710046e-20
0.504 	0.254811715481 	4.37766078071e-19 	0.148876523654 	0.000573078207954 	259.783955466 	-74.957653006 	37.6447643717 	1.11185165549 	1.94488710046e-20
0.504 	0.256276150628 	-7.16638959599e-19 	0.148876523654 	0.000573078207954 	259.783955466 	-74.957653006 	37.6447643717 	1.11185165549 	1.94488710046e-20
0.504 	0.257740585774 	-4.32837790397e-19 	0.148809575006 	0.000572964440348 	259.718691994 	-75.1125461619 	37.6514183924 	1.1687083597 	-1.29426766785e-19
0.504 	0.259205020921 	4.84554404024e-19 	0.148809575006 	0.000572964440348 	259.718691994 	-75.1125461619 	37.6514183924 	1.1687083597 	-1.29426766785e-19
0.504 	0.260669456067 	-5.64100186748e-20 	0.148761847975 	0.000572891140352 	259.66861328 	-75.2576103702 	37.6569695963 	1.22509131222 	2.98488327393e-20
0.504 	0.262133891213 	-8.17141984359e-20 	0.148761847975 	0.000572891140352 	259.66861328 	-75.2576103702 	37.6569695963 	1.22509131222 	2.98488327393e-20
0.504 	0.26359832636 	-2.28339800027e-19 	0.148715912874 	0.000572820970891 	259.620231156 	-75.3608448612 	37.6613778983 	1.28462152329 	5.53461150082e-20
0.504 	0.265062761506 	-1.33996565872e-18 	0.148715912874 	0.000572820970891 	259.620231156 	-75.3608448612 	37.6613778983 	1.28462152329 	5.53461150082e-20
0.504 	0.266527196653 	7.5171154948e-19 	0.148696393662 	0.000572805588234 	259.593126737 	-75.4626620022 	37.6646357778 	1.34248866619 	7.25140768684e-20
0.504 	0.267991631799 	-5.03078839488e-19 	0.148696393662 	0.000572805588234 	259.593126737 	-75.4626620022 	37.6646357778 	1.34248866619 	7.25140768684e-20
0.504 	0.269456066946 	-8.82191551184e-19 	0.148696393662 	0.000572805588234 	259.593126737 	-75.4626620022 	37.6646357778 	1.34248866619 	7.25140768684e-20
0.504 	0.270920502092 	3.69737904634e-19 	0.148671170119 	0.000572777606482 	259.561771335 	-75.508600649 	37.6666968065 	1.4051286524 	1.94168034832e-20
0.504 	0.272384937238 	-4.18331379779e-19 	0.148671170119 	0.000572777606482 	259.561771335 	-75.508600649 	37.6666968065 	1.4051286524 	1.94168034832e-20
0.504 	0.273849372385 	-5.28626823982e-19 	0.148684698792 	0.000572830190122 	259.561561797 	-75.567133934 	37.6675587234 	1.46411161463 	-1.09674208713e-20
0.504 	0.275313807531 	1.8605753255e-19 	0.148684698792 	0.000572830190122 	259.561561797 	-75.567133934 	37.6675587234 	1.46411161463 	-1.09674208713e-20
0.504 	0.276778242678 	-5.67123749208e-19 	0.148678433341 	0.000572834906204 	259.548487236 	-75.5491008036 	37.6671796963 	1.53049145198 	-9.81296992504e-20
0.504 	0.278242677824 	5.14162817702e-19 	0.148678433341 	0.000572834906204 	259.548487236 	-75.5491008036 	37.6671796963 	1.53049145198 	-9.81296992504e-20
0.504 	0.279707112971 	7.05370124303e-19 	0.148678433341 	0.000572834906204 	259.548487236 	-75.5491008036 	37.6671796963 	1.53049145198 	-9.81296992504e-20
0.504 	0.281171548117 	1.14448261956e-19 	0.148730644915 	0.000572954057381 	259.585638672 	-75.5645373366 	37.6655285958 	1.59004390031 	-5.40347799518e-20
0.504 	0.282635983264 	3.51382261651e-19 	0.148730644915 	0.000572954057381 	259.585638672 	-75.5645373366 	37.6655285958 	1.59004390031 	-5.40347799518e-20
0.504 	0.28410041841 	-3.60608045645e-19 	0.14873835573 	0.000572968057348 	259.592753597 	-75.4750336761 	37.6626347176 	1.66103630249 	5.31062246837e-20
0.504 	0.285564853556 	6.60090458453e-19 	0.14873835573 	0.000572968057348 	259.592753597 	-75.4750336761 	37.6626347176 	1.66103630249 	5.31062246837e-20
0.504 	0.287029288703 	-8.49014635439e-19 	0.14873835573 	0.000572968057348 	259.592753597 	-75.4750336761 	37.6626347176 	1.66103630249 	5.31062246837e-20
0.504 	0.288493723849 	-2.41827965032e-19 	0.148840492261 	0.000573170653373 	259.6791922 	-75.4478108891 	37.65832682 	1.72038391397 	-6.23523657511e-21
0.504 	0.289958158996 	6.65994918008e-19 	0.148840492261 	0.000573170653373 	259.6791922 	-75.4478108891 	37.65832682 	1.72038391397 	-6.23523657511e-21
0.504 	0.291422594142 	2.6347507213e-19 	0.148858595742 	0.00057316535738 	259.713176705 	-75.2797734261 	37.6528832288 	1.79712496998 	7.37962794621e-21
0.504 	0.292887029289 	1.19274063571e-19 	0.148858595742 	0.00057316535738 	259.713176705 	-75.2797734261 	37.6528832288 	1.79712496998 	7.37962794621e-21
0.504 	0.294351464435 	5.28012307059e-20 	0.148858595742 	0.00057316535738 	259.713176705 	-75.2797734261 	37.6528832288 	1.79712496998 	7.37962794621e-21
0.504 	0.295815899582 	1.02246452202e-18 	0.149018057876 	0.00057342616147 	259.873141284 	-75.2083321439 	37.6456214256 	1.85532449484 	2.33753095651e-20
0.504 	0.297280334728 	-7.62237408064e-20 	0.149018057876 	0.00057342616147 	259.873141284 	-75.2083321439 	37.6456214256 	1.85532449484 	2.33753095651e-20
0.504 	0.298744769874 	1.04466773382e-18 	0.149014572782 	0.000573286875044 	259.930201211 	-74.9581896595 	37.6376263279 	1.93906514927 	7.66712162192e-20
0.504 	0.300209205021 	-3.98999699373e-19 	0.149014572782 	0.000573286875044 	259.930201211 	-74.9581896595 	37.6376263279 	1.93906514927 	7.66712162192e-20
0.504 	0.301673640167 	-9.95857145953e-19 	0.149014572782 	0.000573286875044 	259.930201211 	-74.9581896595 	37.6376263279 	1.93906514927 	7.66712162192e-20
0.504 	0.303138075314 	1.19295393517e-18 	0.14921260522 	0.000573408488716 	260.220433001 	-74.8334428587 	37.6268675681 	1.99527722441 	-5.59065893597e-20
0.504 	0.30460251046 	-8.43582574029e-19 	0.14921260522 	0.000573408488716 	260.220433001 	-74.8334428587 	37.6268675681 	1.99527722441 	-5.59065893597e-20
0.504 	0.306066945607 	3.68354281173e-19 	0.149101088049 	0.00057262344973 	260.382434773 	-74.5076873704 	37.616672235 	2.08690732972 	3.76306469926e-21
0.504 	0.307531380753 	-1.17951654541e-18 	0.149101088049 	0.00057262344973 	260.382434773 	-74.5076873704 	37.616672235 	2.08690732972 	3.76306469926e-21
0.504 	0.3089958159 	-2.29334292588e-20 	0.149101088049 	0.00057262344973 	260.382434773 	-74.5076873704 	37.616672235 	2.08690732972 	3.76306469926e-21
0.504 	0.310460251046 	1.09632214844e-19 	0.149176712436 	0.000571750102034 	260.912436929 	-74.3061534597 	37.6014917706 	2.14083845202 	-1.21580908318e-19
0.504 	0.311924686192 	1.24961183725e-18 	0.149176712436 	0.000571750102034 	260.912436929 	-74.3061534597 	37.6014917706 	2.14083845202 	-1.21580908318e-19
0.504 	0.313389121339 	-8.12421257413e-19 	0.149176712436 	0.000571750102034 	260.912436929 	-74.3061534597 	37.6014917706 	2.14083845202 	-1.21580908318e-19
0.504 	0.314853556485 	8.64767657991e-21 	0.14846231409 	0.000568340654156 	261.220648222 	-73.9300554479 	37.5904680627 	2.24041693655 	1.21269962324e-19
0.504 	0.316317991632 	-4.54950620199e-19 	0.14846231409 	0.000568340654156 	261.220648222 	-73.9300554479 	37.5904680627 	2.24041693655 	1.21269962324e-19
0.504 	0.317782426778 	5.41317478153e-19 	0.147962618994 	0.000563653880681 	262.506165691 	-73.6021887483 	37.5710724016 	2.29371620269 	-2.77216632475e-20
0.504 	0.319246861925 	2.16410291506e-18 	0.147962618994 	0.000563653880681 	262.506165691 	-73.6021887483 	37.5710724016 	2.29371620269 	-2.77216632475e-20
0.504 	0.320711297071 	-6.58119102672e-19 	0.147962618994 	0.000563653880681 	262.506165691 	-73.6021887483 	37.5710724016 	2.29371620269 	-2.77216632475e-20
0.504 	0.322175732218 	5.59500363106e-19 	0.147175497839 	0.00055833550665 	263.596880524 	-73.2340939718 	37.573383041 	2.39840280964 	4.99496017051e-20
0.504 	0.323640167364 	-2.6308081709e-19 	0.147175497839 	0.00055833550665 	263.596880524 	-73.2340939718 	37.573383041 	2.39840280964 	4.99496017051e-20
0.504 	0.32510460251 	2.60567202978e-19 	0.147175497839 	0.00055833550665 	263.596880524 	-73.2340939718 	37.573383041 	2.39840280964 	4.99496017051e-20
0.504 	0.326569037657 	1.68189584184e-20 	0.148117449577 	0.000558541939082 	265.185904967 	-72.6899981371 	37.6588846088 	2.45947716844 	-3.51903477991e-20
0.504 	0.328033472803 	1.44062597882e-19 	0.148117449577 	0.000558541939082 	265.185904967 	-72.6899981371 	37.6588846088 	2.45947716844 	-3.51903477991e-20
0.504 	0.32949790795 	5.0560227007e-19 	0.148117449577 	0.000558541939082 	265.185904967 	-72.6899981371 	37.6588846088 	2.45947716844 	-3.51903477991e-20
0.504 	0.330962343096 	5.77177725625e-19 	0.14508300896 	0.00055322928281 	262.247522805 	-72.4285339523 	38.0098871293 	2.5771091694 	4.85401971209e-20
0.504 	0.332426778243 	1.85042520579e-19 	0.14508300896 	0.00055322928281 	262.247522805 	-72.4285339523 	38.0098871293 	2.5771091694 	4.85401971209e-20
0.504 	0.333891213389 	-5.9802322373e-19 	0.14508300896 	0.00055322928281 	262.247522805 	-72.4285339523 	38.0098871293 	2.5771091694 	4.85401971209e-20
0.504 	0.335355648536 	1.37289590834e-19 	0.143970025192 	0.000551543540274 	261.031114824 	-71.5028228504 	37.8030876672 	2.63000422266 	1.32445307176e-20
0.504 	0.336820083682 	4.69485761614e-19 	0.143970025192 	0.000551543540274 	261.031114824 	-71.5028228504 	37.8030876672 	2.63000422266 	1.32445307176e-20
