-0.89 	0 	0 	4.33760109987 	2.68597932105e-05 	158189.068563 	10.4942144551 	13.0740312046 	-0.000299261626265 	2.26175810328e-23
-0.89 	0.00146443514644 	-1.50387257901e-18 	6.06436803457 	0.000622587613233 	9706.32936344 	10.4890008254 	25.5406261632 	-0.00515488605748 	-7.59465992293e-24
-0.89 	0.00292887029289 	-1.59219514178e-18 	4.88391759376 	0.000819805288021 	5606.47178583 	10.4860440651 	28.6329352008 	-0.00976986536079 	-9.86078483074e-24
-0.89 	0.00439330543933 	2.06801915024e-18 	3.39011326116 	0.000800008545557 	3905.80106494 	10.4831255751 	30.854469933 	-0.0135490199921 	1.16591917262e-23
-0.89 	0.00585774058577 	1.33938305318e-18 	1.95327666637 	0.000668785214805 	2870.94184192 	10.4771632745 	32.5740155209 	-0.0165671249964 	-1.18686526081e-23
-0.89 	0.00732217573222 	1.96383125978e-18 	1.05844563629 	0.000448263519051 	2361.21297253 	10.4718185653 	33.6627367926 	-0.0180800192109 	-7.19052368377e-24
-0.89 	0.00878661087866 	1.18315345492e-18 	0.30573522955 	0.000166457468193 	1836.71680742 	10.4664268349 	34.5745337207 	-0.0165304148177 	5.85915548891e-23
-0.89 	0.0102510460251 	-2.74066501195e-19 	0.0406287626553 	0.000145106481704 	279.992748623 	10.461354677 	34.8631467015 	-0.0144849739676 	3.63074833347e-24
-0.89 	0.0117154811715 	-3.58175580242e-18 	0.0366472953889 	0.000219768948749 	166.753745684 	10.4562892828 	34.8540252241 	-0.0138912633606 	7.36445257199e-23
-0.89 	0.013179916318 	-8.05098118058e-19 	0.0364881248557 	0.000221541076586 	164.701397221 	10.452262643 	34.843355607 	-0.0134373724645 	5.76994865425e-23
-0.89 	0.0146443514644 	-1.0304344018e-18 	0.0364404780339 	0.000222064321436 	164.098752101 	10.4483524733 	34.8333277019 	-0.0129908745283 	-4.03898172497e-23
-0.89 	0.0161087866109 	1.00327445087e-18 	0.0364113945646 	0.000222528124555 	163.626034405 	10.4445890961 	34.8242253466 	-0.0125470649194 	-1.67220139042e-23
-0.89 	0.0175732217573 	9.16175389007e-19 	0.0363955169004 	0.000222807026114 	163.349951459 	10.4418759524 	34.8179285303 	-0.0122144251001 	3.14489571736e-23
-0.89 	0.0190376569038 	-4.72613357067e-19 	0.036379065149 	0.000223085053562 	163.072624401 	10.4384318532 	34.8101215231 	-0.01177111267 	8.99136299124e-23
-0.89 	0.0205020920502 	2.41438920771e-18 	0.0363691941948 	0.000223234841218 	162.918987002 	10.4359949249 	34.8046412092 	-0.0114381456208 	1.18580843105e-23
-0.89 	0.0219665271967 	2.1428040545e-18 	0.0363584117191 	0.000223376468304 	162.767421274 	10.4329670345 	34.7977515885 	-0.0109931375174 	1.87813400794e-23
-0.89 	0.0234309623431 	2.68751147457e-18 	0.036351680006 	0.000223450832939 	162.683125983 	10.4308811078 	34.7928510293 	-0.010658365699 	-5.62072933335e-23
-0.89 	0.0248953974895 	-6.30152660809e-19 	0.0363458409388 	0.000223505597888 	162.617139267 	10.4289706787 	34.7881468253 	-0.0103225888555 	-1.61877972803e-23
-0.89 	0.026359832636 	-3.19743617863e-18 	0.0363407205417 	0.000223545857557 	162.56494725 	10.427251758 	34.7836158559 	-0.00998573812054 	-1.03022727043e-22
-0.89 	0.0278242677824 	-2.44882249008e-18 	0.0363376408753 	0.000223566547189 	162.536127754 	10.426220432 	34.7806819834 	-0.0097605594823 	1.0541610494e-22
-0.89 	0.0292887029289 	-1.87069120209e-18 	0.0363334462643 	0.000223590518022 	162.499942242 	10.4248581971 	34.7763994305 	-0.00942188299844 	1.14460218326e-23
-0.89 	0.0307531380753 	-1.82479856585e-19 	0.0363296891953 	0.000223607971656 	162.470456335 	10.4237336469 	34.7722466564 	-0.0090821622346 	5.17177673172e-23
-0.89 	0.0322175732218 	6.73836482347e-19 	0.0363273944963 	0.000223616830554 	162.453758093 	10.4231251717 	34.7695443749 	-0.00885514118964 	-8.14074671505e-23
-0.89 	0.0336820083682 	4.27490153347e-20 	0.0363242268429 	0.000223626911694 	162.432269746 	10.4224384666 	34.7655826742 	-0.00851388968671 	1.35504078866e-22
-0.89 	0.0351464435146 	1.52915786133e-18 	0.036322278004 	0.00022363192918 	162.419910865 	10.4221397952 	34.7629987433 	-0.00828598206259 	1.83732134175e-22
-0.89 	0.0366108786611 	6.39651179815e-19 	0.0363195698911 	0.000223637483719 	162.403767414 	10.4219454669 	34.7592025989 	-0.00794365325383 	-1.40627536398e-22
-0.89 	0.0380753138075 	5.38014701194e-19 	0.0363178932547 	0.000223640138523 	162.394342512 	10.421994054 	34.7567218307 	-0.00771521624337 	-4.59068751295e-23
-0.89 	0.039539748954 	-5.52667012852e-19 	0.0363163093415 	0.00022364212605 	162.385816943 	10.422192467 	34.7542787432 	-0.0074867132223 	-1.19400021961e-22
-0.89 	0.0410041841004 	-3.27205201703e-19 	0.0363148103924 	0.000223643564565 	162.378070047 	10.4225470286 	34.7518715474 	-0.00725828335892 	-9.32708183711e-23
-0.89 	0.0424686192469 	8.65021715801e-19 	0.036313389459 	0.000223644551945 	162.370999621 	10.4230641127 	34.7494985528 	-0.00703004485101 	1.5199170628e-22
-0.89 	0.0439330543933 	-1.09516358131e-18 	0.0363120402881 	0.000223645169258 	162.364518798 	10.4237502627 	34.7471581532 	-0.00680209326999 	1.88029861504e-22
-0.89 	0.0453974895397 	-7.1347218241e-19 	0.0363107572368 	0.00022364548372 	162.358553514 	10.424612149 	34.7448488315 	-0.00657453842196 	1.4295431147e-22
-0.89 	0.0468619246862 	-2.18331957873e-21 	0.0363095352055 	0.000223645551124 	162.353040438 	10.4256566364 	34.7425692221 	-0.00634759280652 	7.38406886568e-23
-0.89 	0.0483263598326 	4.53159186442e-19 	0.0363083696087 	0.000223645417924 	162.347925326 	10.4268897696 	34.7403180911 	-0.00612131417268 	-1.64370675483e-23
-0.89 	0.0497907949791 	-2.35714507405e-18 	0.036307256272 	0.000223645122687 	162.343161504 	10.428317394 	34.7380942885 	-0.00589596932266 	4.61285116672e-23
-0.89 	0.0512552301255 	-2.94700328319e-18 	0.0363061914449 	0.000223644697627 	162.33870881 	10.4299474264 	34.7358969341 	-0.00567138705406 	-5.14090138576e-24
-0.89 	0.052719665272 	9.60135282032e-19 	0.0363051716982 	0.000223644169474 	162.334532501 	10.4317866036 	34.7337245758 	-0.00544791904501 	-8.37008750705e-23
-0.89 	0.0541841004184 	-5.33006519941e-19 	0.0363041938535 	0.000223643560282 	162.330602355 	10.4338446701 	34.7315764286 	-0.00522578442808 	2.49861224535e-23
-0.89 	0.0556485355649 	-8.3079735346e-19 	0.0363037197591 	0.000223643231251 	162.328721312 	10.4349580357 	34.7305110312 	-0.00511528027588 	5.00622696158e-23
-0.89 	0.0571129707113 	-2.4820736992e-19 	0.0363027995451 	0.000223642534294 	162.325112527 	10.4373540736 	34.7283972628 	-0.0048955945058 	-2.03620492921e-22
-0.89 	0.0585774058577 	-1.15161169975e-18 	0.0363019146195 	0.000223641796978 	162.321690802 	10.4399810672 	34.7263053963 	-0.00467750147832 	1.17988940517e-22
-0.89 	0.0600418410042 	2.44574505083e-19 	0.0363014846658 	0.00022364141687 	162.320044176 	10.4413808388 	34.7252674795 	-0.00456925834491 	-9.72599840514e-23
-0.89 	0.0615062761506 	-2.38945864664e-20 	0.0363006484484 	0.000223640640039 	162.316868893 	10.4443657303 	34.7232071078 	-0.00435425445353 	-2.81926229531e-22
-0.89 	0.0629707112971 	5.04329510463e-20 	0.0363002416883 	0.000223640245496 	162.315336436 	10.4459509087 	34.7221845123 	-0.00424766771817 	1.66030439028e-22
-0.89 	0.0644351464435 	-8.31898280533e-19 	0.0362994497129 	0.000223639448909 	162.312373287 	10.4493118649 	34.7201540438 	-0.00403631144417 	2.1841708311e-22
-0.89 	0.06589958159 	-6.60699214099e-19 	0.0362990640663 	0.000223639048508 	162.310939473 	10.4510887716 	34.7191460223 	-0.00393171392612 	3.3225628876e-23
-0.89 	0.0673640167364 	2.91139516948e-19 	0.0362983124081 	0.000223638246925 	162.308160197 	10.4548404435 	34.7171440084 	-0.0037245085585 	8.11556892175e-23
-0.89 	0.0688284518828 	-1.09427561289e-18 	0.0362979460168 	0.000223637846963 	162.306812151 	10.4568164375 	34.7161498813 	-0.00362206124307 	-4.86704921048e-23
-0.89 	0.0702928870293 	4.81341233023e-19 	0.0362972312288 	0.000223637051343 	162.304193383 	10.4609722417 	34.7141750583 	-0.00341954346655 	1.18588970521e-22
-0.89 	0.0717573221757 	1.02478221997e-18 	0.0362968824971 	0.00022363665658 	162.302920515 	10.4631538255 	34.7131942334 	-0.00331951714286 	-6.34120501256e-23
-0.89 	0.0732217573222 	1.02957516276e-18 	0.0362962015533 	0.00022363587499 	162.300442874 	10.4677281991 	34.7112454603 	-0.00312207942635 	-7.90771612298e-23
-0.89 	0.0746861924686 	6.51880445302e-19 	0.0362958690467 	0.00022363548881 	162.299236314 	10.470122456 	34.7102774018 	-0.0030247443055 	-2.46441334117e-22
-0.89 	0.0761506276151 	-2.93764316482e-19 	0.0362955416785 	0.00022363510613 	162.298050188 	10.4725890969 	34.7093134914 	-0.00292838317174 	9.84511544432e-23
-0.89 	0.0776150627615 	-1.36586503005e-18 	0.0362949017928 	0.000223634352086 	162.295736117 	10.477741408 	34.707397938 	-0.00273867706865 	1.04027327722e-22
-0.89 	0.0790794979079 	-1.61773441269e-18 	0.0362945890267 	0.00022363398113 	162.294606765 	10.4804283898 	34.7064462049 	-0.00264540163266 	-9.64439176674e-23
-0.89 	0.0805439330544 	4.17315626421e-19 	0.036294280903 	0.000223633614499 	162.293495029 	10.4831902886 	34.7054984417 	-0.00255323306429 	1.0175228557e-22
-0.89 	0.0820083682008 	1.52562690213e-18 	0.0362939772865 	0.000223633252266 	162.292400252 	10.486027811 	34.7045546079 	-0.00246217056332 	-9.37265838177e-23
-0.89 	0.0834728033473 	6.85740048802e-19 	0.0362933831948 	0.00022363254164 	162.290259408 	10.4919324725 	34.7026785763 	-0.00228349725286 	4.31404464494e-22
-0.89 	0.0849372384937 	-1.48997412376e-19 	0.0362930925174 	0.000223632193453 	162.289212286 	10.495000788 	34.7017463112 	-0.00219597818342 	-1.16874401762e-22
-0.89 	0.0864016736402 	-1.03310326015e-19 	0.0362928059405 	0.000223631850074 	162.288180009 	10.4981470902 	34.7008178406 	-0.00210971058038 	-1.90618978883e-22
-0.89 	0.0878661087866 	7.29304702844e-19 	0.0362925233964 	0.000223631511647 	162.287162168 	10.501371912 	34.6998931368 	-0.002024720513 	1.86596552306e-22
-0.89 	0.0893305439331 	5.37095661897e-19 	0.0362922447711 	0.000223631178141 	162.286158275 	10.5046758748 	34.6989721726 	-0.00194103016542 	1.0109985118e-22
-0.89 	0.0907949790795 	4.06387001633e-19 	0.0362916989882 	0.000223630526208 	162.284190819 	10.5115237619 	34.6971413607 	-0.00177769156633 	8.34384521277e-24
-0.89 	0.0922594142259 	-4.89222249089e-19 	0.0362914316694 	0.000223630207832 	162.283226498 	10.5150686178 	34.6962314732 	-0.00169809056695 	-2.31011749953e-22
-0.89 	0.0937238493724 	-2.8884377553e-19 	0.0362911679448 	0.000223629894475 	162.282274603 	10.5186946352 	34.6953252415 	-0.00161991085598 	-1.46088754698e-22
-0.89 	0.0951882845188 	-3.88999830135e-19 	0.0362909077683 	0.000223629586231 	162.281334862 	10.5224022136 	34.6944226515 	-0.00154318575447 	4.10905975859e-22
-0.89 	0.0966527196653 	-1.33532958316e-18 	0.0362906510413 	0.000223629283006 	162.280406902 	10.5261917732 	34.6935236896 	-0.00146794765304 	1.06476575331e-22
-0.89 	0.0981171548117 	-3.63936668491e-19 	0.0362903977238 	0.000223628984881 	162.279490483 	10.5300637187 	34.6926283443 	-0.00139422314669 	-4.96815944715e-22
-0.89 	0.0995815899582 	-1.94258726247e-18 	0.0362901477211 	0.000223628691747 	162.278585263 	10.5340184457 	34.6917366067 	-0.0013220352705 	-1.42798751714e-22
-0.89 	0.101046025105 	9.5434871261e-19 	0.0362899009987 	0.000223628403679 	162.277691034 	10.5380563126 	34.6908484688 	-0.00125140841519 	-4.00897481114e-22
-0.89 	0.102510460251 	1.11042159672e-18 	0.0362896574655 	0.000223628120552 	162.276807478 	10.5421776445 	34.6899639256 	-0.00118236537849 	2.98861308163e-22
-0.89 	0.103974895397 	3.64438274422e-19 	0.0362894170925 	0.000223627842434 	162.275934417 	10.5463827386 	34.6890829739 	-0.00111492907337 	9.05718353158e-23
-0.89 	0.105439330544 	1.07562267301e-18 	0.0362891797921 	0.000223627569191 	162.275071555 	10.550671902 	34.6882056112 	-0.00104912635384 	-1.83687301965e-22
-0.89 	0.10690376569 	-8.66942813341e-20 	0.0362889455396 	0.000223627300886 	162.274218738 	10.5550453866 	34.6873318382 	-0.000984983403183 	1.91728801544e-22
-0.89 	0.108368200837 	-1.5612614602e-18 	0.0362887142511 	0.000223627037375 	162.273375693 	10.5595033746 	34.6864616587 	-0.00092251956938 	1.63222029831e-22
-0.89 	0.109832635983 	-1.31845239673e-18 	0.036288485906 	0.000223626778717 	162.272542288 	10.5640460007 	34.6855950777 	-0.00086175126798 	1.07948133245e-22
-0.89 	0.11129707113 	1.50909464709e-18 	0.0362882604235 	0.000223626524763 	162.271718268 	10.5686734202 	34.6847321024 	-0.000802700535149 	6.25293783312e-23
-0.89 	0.112761506276 	1.57843136526e-18 	0.0362880377872 	0.000223626275567 	162.270903521 	10.5733857468 	34.6838727419 	-0.000745388469376 	-3.95268629603e-22
-0.89 	0.114225941423 	2.77336538612e-19 	0.0362878179193 	0.000223626030975 	162.27009781 	10.5781830439 	34.6830170074 	-0.000689830257987 	-2.84250862989e-22
-0.89 	0.115690376569 	6.06881780596e-19 	0.0362876008067 	0.00022362579104 	162.269301041 	10.5830653319 	34.6821649122 	-0.000636042155997 	-1.24706782063e-22
-0.89 	0.117154811715 	-7.72250854867e-19 	0.0362873863746 	0.000223625555603 	162.268512991 	10.5880326064 	34.681316472 	-0.00058404019153 	-3.09323985605e-22
-0.89 	0.118619246862 	-1.82976174816e-18 	0.0362871746128 	0.000223625324715 	162.267733581 	10.5930848083 	34.6804717046 	-0.000533836470184 	1.43910093024e-22
-0.89 	0.120083682008 	9.3114527577e-19 	0.0362869654493 	0.000223625098214 	162.266962604 	10.5982218534 	34.6796306296 	-0.000485443306224 	-3.31548764635e-22
-0.89 	0.121548117155 	1.72539299988e-19 	0.0362867588763 	0.000223624876147 	162.266199993 	10.6034435983 	34.678793269 	-0.000438871204543 	3.45141499065e-22
-0.89 	0.123012552301 	-6.01487961631e-19 	0.0362865548247 	0.000223624658354 	162.265445554 	10.6087498644 	34.6779596471 	-0.000394129657916 	-2.6375575435e-22
-0.89 	0.124476987448 	-6.41262903579e-19 	0.0362865548247 	0.000223624658354 	162.265445554 	10.6087498644 	34.6779596471 	-0.000394129657916 	-2.6375575435e-22
-0.89 	0.125941422594 	-8.15957052969e-19 	0.0362863532887 	0.000223624444876 	162.264699232 	10.6141404165 	34.6771297902 	-0.000351226408765 	-5.01846847407e-22
-0.89 	0.127405857741 	-5.90495210578e-19 	0.0362861542018 	0.000223624235554 	162.263960844 	10.6196149817 	34.6763037269 	-0.000310167350205 	3.3529441206e-22
-0.89 	0.128870292887 	-3.12991662562e-19 	0.0362859575597 	0.000223624030427 	162.263230344 	10.6251732281 	34.6754814881 	-0.000270956722933 	3.89276455674e-22
-0.89 	0.130334728033 	3.71069579314e-19 	0.0362857632987 	0.000223623829335 	162.262507563 	10.6308147802 	34.6746631066 	-0.000233597623241 	1.94758094856e-22
-0.89 	0.13179916318 	4.8405354103e-19 	0.0362855714158 	0.000223623632314 	162.261792461 	10.6365391926 	34.6738486179 	-0.000198090853767 	-1.2274493215e-22
-0.89 	0.133263598326 	3.82537265365e-19 	0.0362855714158 	0.000223623632314 	162.261792461 	10.6365391926 	34.6738486179 	-0.000198090853767 	-1.2274493215e-22
-0.89 	0.134728033473 	2.0721646606e-19 	0.0362853818497 	0.000223623439205 	162.261084879 	10.6423459715 	34.6730380603 	-0.000164435221132 	1.21149272542e-22
-0.89 	0.136192468619 	-8.5101705677e-19 	0.0362851945985 	0.000223623250041 	162.260384785 	10.6482345541 	34.6722314742 	-0.000132627645806 	1.00217219514e-21
-0.89 	0.137656903766 	-1.07208264596e-18 	0.0362850096034 	0.000223623064666 	162.259692029 	10.6542043264 	34.6714289022 	-0.000102663570421 	1.71598289302e-22
-0.89 	0.139121338912 	9.78975463914e-19 	0.0362848268632 	0.00022362288311 	162.259006585 	10.6602545947 	34.6706303898 	-7.45362158599e-05 	2.24255134955e-22
-0.89 	0.140585774059 	-1.37618675705e-19 	0.0362848268632 	0.00022362288311 	162.259006585 	10.6602545947 	34.6706303898 	-7.45362158599e-05 	2.24255134955e-22
-0.89 	0.142050209205 	4.49816654063e-19 	0.0362846463216 	0.000223622705217 	162.258328314 	10.6663846053 	34.6698359853 	-4.823661536e-05 	3.37921065107e-22
-0.89 	0.143514644351 	3.9772275327e-19 	0.0362844679779 	0.000223622531016 	162.257657192 	10.6725935248 	34.6690457394 	-2.37534853842e-05 	7.83008601707e-23
-0.89 	0.144979079498 	-5.24314003468e-19 	0.0362842917785 	0.000223622360355 	162.256993089 	10.6788804548 	34.6682597057 	-1.07369159729e-06 	1.09472697849e-22
-0.89 	0.146443514644 	-7.77420521013e-19 	0.036284117723 	0.000223622193256 	162.256335986 	10.68524441 	34.6674779406 	1.98183347332e-05 	-4.26202478674e-23
-0.89 	0.147907949791 	-7.12656956771e-19 	0.036284117723 	0.000223622193256 	162.256335986 	10.68524441 	34.6674779406 	1.98183347332e-05 	-4.26202478674e-23
-0.89 	0.149372384937 	1.37305354671e-19 	0.0362839457601 	0.000223622029574 	162.255685762 	10.6916843329 	34.6667005034 	3.89401636478e-05 	3.17402942668e-23
-0.89 	0.150836820084 	2.33105561338e-19 	0.0362837758896 	0.000223621869328 	162.255042401 	10.698199073 	34.6659274566 	5.63119860939e-05 	2.98756846456e-22
-0.89 	0.15230125523 	-7.34458267856e-19 	0.036283608063 	0.000223621712375 	162.254405789 	10.7047874029 	34.6651588654 	7.19559693966e-05 	-4.29380963222e-22
-0.89 	0.153765690377 	-4.35310067693e-19 	0.036283608063 	0.000223621712375 	162.254405789 	10.7047874029 	34.6651588654 	7.19559693966e-05 	-4.29380963222e-22
-0.89 	0.155230125523 	-1.06465934082e-18 	0.0362834422802 	0.000223621558733 	162.253775914 	10.7114479919 	34.6643947988 	8.58970890936e-05 	-7.19180916999e-22
-0.89 	0.156694560669 	-2.97862389864e-19 	0.036283278495 	0.000223621408263 	162.253152669 	10.718179422 	34.6636353287 	9.81624905824e-05 	2.16093183251e-22
-0.89 	0.158158995816 	5.91591828954e-19 	0.036283278495 	0.000223621408263 	162.253152669 	10.718179422 	34.6636353287 	9.81624905824e-05 	2.16093183251e-22
-0.89 	0.159623430962 	-1.91852851236e-20 	0.0362831167073 	0.000223621260979 	162.252536044 	10.7249801664 	34.6628805309 	0.000108782046358 	-6.22465336869e-22
-0.89 	0.161087866109 	-7.56324093524e-20 	0.0362829568737 	0.000223621116749 	162.251925941 	10.7318486013 	34.6621304843 	0.00011778780783 	7.3215652453e-22
-0.89 	0.162552301255 	-9.52155431367e-19 	0.0362829568737 	0.000223621116749 	162.251925941 	10.7318486013 	34.6621304843 	0.00011778780783 	7.3215652453e-22
-0.89 	0.164016736402 	2.75561048375e-19 	0.0362827989937 	0.000223620975582 	162.251322352 	10.7387829862 	34.661385272 	0.000125214726381 	3.76985695239e-22
-0.89 	0.165481171548 	4.86834989374e-19 	0.0362826430268 	0.000223620837352 	162.250725184 	10.7457814758 	34.6606449807 	0.000131099906691 	-2.76747148796e-22
-0.89 	0.166945606695 	6.91750473828e-20 	0.0362824889722 	0.000223620702066 	162.250134433 	10.7528420978 	34.6599097012 	0.000135483469847 	5.8767287608e-22
-0.89 	0.168410041841 	4.48876746087e-19 	0.0362824889722 	0.000223620702066 	162.250134433 	10.7528420978 	34.6599097012 	0.000135483469847 	5.8767287608e-22
-0.89 	0.169874476987 	9.72715732287e-19 	0.0362823367916 	0.000223620569597 	162.249550017 	10.7599627664 	34.6591795287 	0.000138407638414 	3.29960421129e-22
-0.89 	0.171338912134 	1.37268731774e-18 	0.0362823367916 	0.000223620569597 	162.249550017 	10.7599627664 	34.6591795287 	0.000138407638414 	3.29960421129e-22
-0.89 	0.17280334728 	1.88511582602e-19 	0.0362821864813 	0.000223620439854 	162.248971986 	10.7671412597 	34.6584545625 	0.000139917607668 	3.1441169449e-22
-0.89 	0.174267782427 	-3.01145175969e-19 	0.036282037987 	0.000223620311915 	162.248400766 	10.7743752281 	34.6577349066 	0.000140060860609 	3.69255739132e-22
-0.89 	0.175732217573 	-4.96292741721e-20 	0.036282037987 	0.000223620311915 	162.248400766 	10.7743752281 	34.6577349066 	0.000140060860609 	3.69255739132e-22
-0.89 	0.17719665272 	6.04688582739e-19 	0.0362818912285 	0.00022362017862 	162.247841194 	10.7816621763 	34.6570206698 	0.000138887854775 	-4.24515014807e-23
-0.89 	0.178661087866 	-2.30049259956e-19 	0.0362817462344 	0.000223620045812 	162.247289158 	10.7889994707 	34.6563119656 	0.000136451102907 	-1.22678308726e-22
-0.89 	0.180125523013 	7.08667530073e-19 	0.0362817462344 	0.000223620045812 	162.247289158 	10.7889994707 	34.6563119656 	0.000136451102907 	-1.22678308726e-22
-0.89 	0.181589958159 	1.01072721935e-18 	0.036281603032 	0.000223619915045 	162.246743653 	10.7963843193 	34.655608913 	0.00013280619384 	1.31794248765e-22
-0.89 	0.183054393305 	1.20291030642e-18 	0.0362814615969 	0.000223619786423 	162.246204494 	10.8038137797 	34.6549116362 	0.000128010731641 	-1.01527092307e-22
-0.89 	0.184518828452 	-3.74201861599e-20 	0.0362814615969 	0.000223619786423 	162.246204494 	10.8038137797 	34.6549116362 	0.000128010731641 	-1.01527092307e-22
-0.89 	0.185983263598 	2.37663689168e-19 	0.036281321927 	0.00022361965989 	162.245671713 	10.8112847397 	34.6542202651 	0.000122125259349 	-1.74492510001e-21
-0.89 	0.187447698745 	1.13040040828e-18 	0.036281321927 	0.00022361965989 	162.245671713 	10.8112847397 	34.6542202651 	0.000122125259349 	-1.74492510001e-21
-0.89 	0.188912133891 	2.57149664517e-19 	0.036281183994 	0.000223619535267 	162.245145312 	10.8187939224 	34.6535349354 	0.000115212361894 	-4.00690009902e-22
-0.89 	0.190376569038 	5.38446067175e-20 	0.0362810477946 	0.000223619412448 	162.244625355 	10.8263378716 	34.6528557889 	0.000107337374359 	3.44292978285e-22
-0.89 	0.191841004184 	1.12458347977e-18 	0.0362810477946 	0.000223619412448 	162.244625355 	10.8263378716 	34.6528557889 	0.000107337374359 	3.44292978285e-22
-0.89 	0.193305439331 	-5.9025108933e-19 	0.036280913303 	0.000223619291239 	162.244111866 	10.8339129547 	34.6521829737 	9.85673665613e-05 	3.48029483469e-22
-0.89 	0.194769874477 	-2.74464535491e-19 	0.036280913303 	0.000223619291239 	162.244111866 	10.8339129547 	34.6521829737 	9.85673665613e-05 	3.48029483469e-22
-0.89 	0.196234309623 	-4.2871815411e-19 	0.0362807805153 	0.000223619171505 	162.243604925 	10.8415153404 	34.6515166449 	8.89722966415e-05 	8.68502080934e-22
-0.89 	0.19769874477 	1.41973483136e-19 	0.0362807805153 	0.000223619171505 	162.243604925 	10.8415153404 	34.6515166449 	8.89722966415e-05 	8.68502080934e-22
-0.89 	0.199163179916 	1.93964247106e-18 	0.0362806494081 	0.000223619053031 	162.243104585 	10.8491410037 	34.6508569643 	7.86238589968e-05 	-3.61177642003e-22
-0.89 	0.200627615063 	-3.04106791134e-19 	0.0362805199771 	0.000223618935644 	162.242610952 	10.8567857133 	34.6502041011 	6.75961025885e-05 	-6.65058361002e-22
-0.89 	0.202092050209 	7.59926067069e-19 	0.0362805199771 	0.000223618935644 	162.242610952 	10.8567857133 	34.6502041011 	6.75961025885e-05 	-6.65058361002e-22
-0.89 	0.203556485356 	-2.94904602747e-19 	0.0362803922011 	0.000223618819092 	162.242124113 	10.8644450298 	34.6495582319 	5.59645311725e-05 	2.72845454518e-22
-0.89 	0.205020920502 	1.12411355926e-18 	0.0362803922011 	0.000223618819092 	162.242124113 	10.8644450298 	34.6495582319 	5.59645311725e-05 	2.72845454518e-22
-0.89 	0.206485355649 	-5.51535655287e-19 	0.0362802660751 	0.000223618703152 	162.241644209 	10.8721142881 	34.6489195414 	4.38070658639e-05 	-5.40674733528e-22
-0.89 	0.207949790795 	-7.25022761973e-19 	0.0362802660751 	0.000223618703152 	162.241644209 	10.8721142881 	34.6489195414 	4.38070658639e-05 	-5.40674733528e-22
-0.89 	0.209414225941 	-7.87711011758e-20 	0.0362801415801 	0.000223618587518 	162.241171375 	10.8797886015 	34.6482882224 	3.12028132314e-05 	1.09995920244e-21
-0.89 	0.210878661088 	-1.01982135708e-18 	0.0362801415801 	0.000223618587518 	162.241171375 	10.8797886015 	34.6482882224 	3.12028132314e-05 	1.09995920244e-21
-0.89 	0.212343096234 	-2.29231757724e-19 	0.0362800187102 	0.000223618471892 	162.240705802 	10.8874628481 	34.6476644765 	1.82326446216e-05 	6.64070797811e-23
-0.89 	0.213807531381 	-1.12407173431e-18 	0.0362798974481 	0.000223618355891 	162.240247692 	10.8951316644 	34.6470485138 	4.97842287893e-06 	1.20845723085e-21
-0.89 	0.215271966527 	4.12511500986e-19 	0.0362798974481 	0.000223618355891 	162.240247692 	10.8951316644 	34.6470485138 	4.97842287893e-06 	1.20845723085e-21
-0.89 	0.216736401674 	5.63724683689e-19 	0.036279777787 	0.000223618239109 	162.239797306 	10.9027894301 	34.6464405544 	-8.47619959308e-06 	-4.47439497429e-24
-0.89 	0.21820083682 	-6.11079774526e-19 	0.036279777787 	0.000223618239109 	162.239797306 	10.9027894301 	34.6464405544 	-8.47619959308e-06 	-4.47439497429e-24
-0.89 	0.219665271967 	5.36877360933e-19 	0.0362796597105 	0.00022361812104 	162.23935494 	10.9104302692 	34.6458408276 	-2.20470342628e-05 	-2.01550268133e-22
-0.89 	0.221129707113 	-2.98933970761e-19 	0.0362796597105 	0.00022361812104 	162.23935494 	10.9104302692 	34.6458408276 	-2.20470342628e-05 	-2.01550268133e-22
-0.89 	0.222594142259 	-8.92426592317e-19 	0.0362795432104 	0.000223618001123 	162.238920965 	10.9180480406 	34.6452495732 	-3.56489480639e-05 	-2.09821520347e-22
-0.89 	0.224058577406 	-4.13539895929e-21 	0.0362795432104 	0.000223618001123 	162.238920965 	10.9180480406 	34.6452495732 	-3.56489480639e-05 	-2.09821520347e-22
-0.89 	0.225523012552 	-2.54802222048e-19 	0.0362794282702 	0.000223617878664 	162.238495808 	10.9256363314 	34.6446670413 	-4.91966911155e-05 	1.79590297553e-23
-0.89 	0.226987447699 	4.64135523298e-19 	0.0362794282702 	0.000223617878664 	162.238495808 	10.9256363314 	34.6446670413 	-4.91966911155e-05 	1.79590297553e-23
-0.89 	0.228451882845 	-7.59548861293e-19 	0.0362793148795 	0.000223617752866 	162.238080003 	10.9331884417 	34.644093493 	-6.26042728063e-05 	9.65541264365e-22
-0.89 	0.229916317992 	9.49753683193e-19 	0.0362793148795 	0.000223617752866 	162.238080003 	10.9331884417 	34.644093493 	-6.26042728063e-05 	9.65541264365e-22
-0.89 	0.231380753138 	-1.03629479051e-18 	0.0362792030203 	0.000223617622745 	162.237674182 	10.9406973825 	34.643529201 	-7.57859623978e-05 	-4.34880842745e-22
-0.89 	0.232845188285 	5.85357342788e-19 	0.0362792030203 	0.000223617622745 	162.237674182 	10.9406973825 	34.643529201 	-7.57859623978e-05 	-4.34880842745e-22
-0.89 	0.234309623431 	4.76152353341e-19 	0.036279092678 	0.000223617487133 	162.237279129 	10.948155867 	34.6429744498 	-8.86561100056e-05 	-4.0756261406e-22
-0.89 	0.235774058577 	3.42391648677e-19 	0.036279092678 	0.000223617487133 	162.237279129 	10.948155867 	34.6429744498 	-8.86561100056e-05 	-4.0756261406e-22
-0.89 	0.237238493724 	-5.60040332761e-20 	0.0362789838308 	0.000223617344586 	162.236895791 	10.9555563057 	34.6424295361 	-0.000101130010415 	1.06858421622e-22
-0.89 	0.23870292887 	2.20856600879e-19 	0.0362789838308 	0.000223617344586 	162.236895791 	10.9555563057 	34.6424295361 	-0.000101130010415 	1.06858421622e-22
-0.89 	0.240167364017 	-3.25638425579e-19 	0.0362788764569 	0.000223617193346 	162.23652535 	10.962890796 	34.6418947696 	-0.000113123520247 	6.10590301544e-22
-0.89 	0.241631799163 	3.24835608014e-19 	0.0362788764569 	0.000223617193346 	162.23652535 	10.962890796 	34.6418947696 	-0.000113123520247 	6.10590301544e-22
-0.89 	0.24309623431 	6.03944175602e-19 	0.0362787705264 	0.000223617031215 	162.236169263 	10.9701511151 	34.6413704732 	-0.000124554221268 	3.02734072945e-22
-0.89 	0.244560669456 	-4.38547119766e-19 	0.0362787705264 	0.000223617031215 	162.236169263 	10.9701511151 	34.6413704732 	-0.000124554221268 	3.02734072945e-22
-0.89 	0.246025104603 	1.65298339703e-19 	0.0362786660046 	0.000223616855459 	162.235829362 	10.977328715 	34.6408569836 	-0.000135340757756 	4.6440856073e-22
-0.89 	0.247489539749 	-3.34568106413e-19 	0.0362786660046 	0.000223616855459 	162.235829362 	10.977328715 	34.6408569836 	-0.000135340757756 	4.6440856073e-22
-0.89 	0.248953974895 	-7.58255471786e-19 	0.0362786660046 	0.000223616855459 	162.235829362 	10.977328715 	34.6408569836 	-0.000135340757756 	4.6440856073e-22
-0.89 	0.250418410042 	1.57924543155e-19 	0.0362785628458 	0.000223616662613 	162.235507953 	10.9844147138 	34.6403546519 	-0.000145404577103 	1.57685151675e-23
-0.89 	0.251882845188 	-3.41817407294e-19 	0.0362785628458 	0.000223616662613 	162.235507953 	10.9844147138 	34.6403546519 	-0.000145404577103 	1.57685151675e-23
-0.89 	0.253347280335 	-8.26115389217e-19 	0.0362784609927 	0.000223616448269 	162.23520798 	10.9913998948 	34.639863844 	-0.000154668447162 	7.16038467066e-22
-0.89 	0.254811715481 	8.44782787748e-19 	0.0362784609927 	0.000223616448269 	162.23520798 	10.9913998948 	34.639863844 	-0.000154668447162 	7.16038467066e-22
-0.89 	0.256276150628 	1.73797659473e-19 	0.0362783603689 	0.000223616206744 	162.234933224 	10.998274691 	34.6393849413 	-0.000163059760473 	2.17453597955e-22
-0.89 	0.257740585774 	7.2324775912e-19 	0.0362783603689 	0.000223616206744 	162.234933224 	10.998274691 	34.6393849413 	-0.000163059760473 	2.17453597955e-22
-0.89 	0.259205020921 	1.08028161878e-18 	0.036278260875 	0.000223615930642 	162.234688606 	11.0050291977 	34.6389183407 	-0.000170506449437 	3.77575723524e-22
-0.89 	0.260669456067 	8.27226785704e-19 	0.036278260875 	0.000223615930642 	162.234688606 	11.0050291977 	34.6389183407 	-0.000170506449437 	3.77575723524e-22
-0.89 	0.262133891213 	-1.42870875362e-18 	0.0362781623766 	0.000223615610218 	162.234480595 	11.0116531387 	34.6384644564 	-0.000176944661745 	1.57577793268e-21
-0.89 	0.26359832636 	7.61279394381e-19 	0.0362781623766 	0.000223615610218 	162.234480595 	11.0116531387 	34.6384644564 	-0.000176944661745 	1.57577793268e-21
-0.89 	0.265062761506 	-9.31153578895e-19 	0.0362781623766 	0.000223615610218 	162.234480595 	11.0116531387 	34.6384644564 	-0.000176944661745 	1.57577793268e-21
-0.89 	0.266527196653 	2.50184728701e-19 	0.0362780646924 	0.000223615232478 	162.234317807 	11.0181359106 	34.6380237186 	-0.00018230776764 	2.01018007349e-22
-0.89 	0.267991631799 	4.97368283797e-19 	0.0362780646924 	0.000223615232478 	162.234317807 	11.0181359106 	34.6380237186 	-0.00018230776764 	2.01018007349e-22
-0.89 	0.269456066946 	1.05062751028e-18 	0.0362779675732 	0.000223614779849 	162.234211878 	11.0244665045 	34.6375965766 	-0.000186545101742 	-1.92901854897e-21
-0.89 	0.270920502092 	9.48292016072e-19 	0.0362779675732 	0.000223614779849 	162.234211878 	11.0244665045 	34.6375965766 	-0.000186545101742 	-1.92901854897e-21
-0.89 	0.272384937238 	-5.67094724676e-19 	0.0362778706721 	0.000223614228214 	162.234178754 	11.0306336231 	34.6371834959 	-0.000189593605767 	1.15217384045e-21
-0.89 	0.273849372385 	6.60075866762e-19 	0.0362778706721 	0.000223614228214 	162.234178754 	11.0306336231 	34.6371834959 	-0.000189593605767 	1.15217384045e-21
-0.89 	0.275313807531 	-8.7874647418e-19 	0.0362778706721 	0.000223614228214 	162.234178754 	11.0306336231 	34.6371834959 	-0.000189593605767 	1.15217384045e-21
-0.89 	0.276778242678 	-2.40385362648e-19 	0.0362777734993 	0.000223613543931 	162.234240652 	11.0366254947 	34.6367849637 	-0.000191423653774 	1.51496189613e-22
-0.89 	0.278242677824 	1.32710963058e-19 	0.0362777734993 	0.000223613543931 	162.234240652 	11.0366254947 	34.6367849637 	-0.000191423653774 	1.51496189613e-22
-0.89 	0.279707112971 	1.98360269596e-20 	0.0362776753515 	0.000223612679217 	162.234429096 	11.0424301576 	34.6364014829 	-0.000191969332355 	2.48608969107e-22
-0.89 	0.281171548117 	-1.09904706544e-18 	0.0362776753515 	0.000223612679217 	162.234429096 	11.0424301576 	34.6364014829 	-0.000191969332355 	2.48608969107e-22
-0.89 	0.282635983264 	2.66431987169e-19 	0.0362776753515 	0.000223612679217 	162.234429096 	11.0424301576 	34.6364014829 	-0.000191969332355 	2.48608969107e-22
-0.89 	0.28410041841 	-6.35856480488e-19 	0.0362775752003 	0.000223611564839 	162.234789718 	11.0480350306 	34.6360335821 	-0.000191236819401 	-2.3389863859e-22
-0.89 	0.285564853556 	-5.44092196363e-19 	0.0362775752003 	0.000223611564839 	162.234789718 	11.0480350306 	34.6360335821 	-0.000191236819401 	-2.3389863859e-22
-0.89 	0.287029288703 	-5.96933272569e-19 	0.0362774715099 	0.000223610098221 	162.235390077 	11.0534275596 	34.6356818023 	-0.000189141420618 	1.07356272432e-22
-0.89 	0.288493723849 	-4.2276590596e-19 	0.0362774715099 	0.000223610098221 	162.235390077 	11.0534275596 	34.6356818023 	-0.000189141420618 	1.07356272432e-22
-0.89 	0.289958158996 	-7.2995431414e-19 	0.0362773619316 	0.000223608123519 	162.236332744 	11.0585942709 	34.6353467186 	-0.000185753117826 	-6.27218279243e-22
-0.89 	0.291422594142 	1.28262194758e-19 	0.0362773619316 	0.000223608123519 	162.236332744 	11.0585942709 	34.6353467186 	-0.000185753117826 	-6.27218279243e-22
-0.89 	0.292887029289 	-8.01472677886e-20 	0.0362773619316 	0.000223608123519 	162.236332744 	11.0585942709 	34.6353467186 	-0.000185753117826 	-6.27218279243e-22
-0.89 	0.294351464435 	2.18887978111e-19 	0.0362772427736 	0.00022360539714 	162.237777968 	11.0635221631 	34.63502891 	-0.000180934326277 	8.9427580273e-22
-0.89 	0.295815899582 	-2.148600688e-19 	0.0362772427736 	0.00022360539714 	162.237777968 	11.0635221631 	34.63502891 	-0.000180934326277 	8.9427580273e-22
-0.89 	0.297280334728 	-9.12658010713e-19 	0.0362772427736 	0.00022360539714 	162.237777968 	11.0635221631 	34.63502891 	-0.000180934326277 	8.9427580273e-22
-0.89 	0.298744769874 	3.48747624224e-20 	0.0362771080457 	0.000223601525715 	162.239984409 	11.0681967192 	34.6347290043 	-0.000174871324549 	-6.95261347308e-22
-0.89 	0.300209205021 	-3.19100103751e-19 	0.0362771080457 	0.000223601525715 	162.239984409 	11.0681967192 	34.6347290043 	-0.000174871324549 	-6.95261347308e-22
-0.89 	0.301673640167 	3.82149975437e-20 	0.0362769476614 	0.00022359584967 	162.243385622 	11.0726047448 	34.6344476172 	-0.000167307292674 	-9.46131205035e-22
-0.89 	0.303138075314 	-3.3655167549e-19 	0.0362769476614 	0.00022359584967 	162.243385622 	11.0726047448 	34.6344476172 	-0.000167307292674 	-9.46131205035e-22
-0.89 	0.30460251046 	-6.69535725085e-19 	0.0362769476614 	0.00022359584967 	162.243385622 	11.0726047448 	34.6344476172 	-0.000167307292674 	-9.46131205035e-22
-0.89 	0.306066945607 	2.32772552031e-19 	0.036276743871 	0.000223587213269 	162.248741064 	11.0767304189 	34.6341854376 	-0.000158639182295 	2.96862345239e-22
-0.89 	0.307531380753 	-5.79569579713e-19 	0.036276743871 	0.000223587213269 	162.248741064 	11.0767304189 	34.6341854376 	-0.000158639182295 	2.96862345239e-22
-0.89 	0.3089958159 	6.12663217014e-19 	0.0362764637616 	0.000223573482903 	162.257452407 	11.0805607713 	34.6339431145 	-0.000148371025689 	-5.56574847206e-22
-0.89 	0.310460251046 	5.60613563781e-19 	0.0362764637616 	0.000223573482903 	162.257452407 	11.0805607713 	34.6339431145 	-0.000148371025689 	-5.56574847206e-22
-0.89 	0.311924686192 	-9.68159680616e-20 	0.0362764637616 	0.000223573482903 	162.257452407 	11.0805607713 	34.6339431145 	-0.000148371025689 	-5.56574847206e-22
-0.89 	0.313389121339 	-9.394887856e-19 	0.0362760422674 	0.000223550463907 	162.272274606 	11.0840782691 	34.6337214095 	-0.000137271135709 	-3.20167710434e-22
-0.89 	0.314853556485 	7.55906559532e-19 	0.0362760422674 	0.000223550463907 	162.272274606 	11.0840782691 	34.6337214095 	-0.000137271135709 	-3.20167710434e-22
-0.89 	0.316317991632 	-4.95645829135e-19 	0.0362760422674 	0.000223550463907 	162.272274606 	11.0840782691 	34.6337214095 	-0.000137271135709 	-3.20167710434e-22
-0.89 	0.317782426778 	8.76772015292e-19 	0.0362753402296 	0.000223509249506 	162.299056123 	11.08727079 	34.633521 	-0.000124401904524 	2.58839676289e-22
-0.89 	0.319246861925 	-3.37125834133e-19 	0.0362753402296 	0.000223509249506 	162.299056123 	11.08727079 	34.633521 	-0.000124401904524 	2.58839676289e-22
-0.89 	0.320711297071 	-7.32803339188e-19 	0.0362740293712 	0.0002234290427 	162.351451417 	11.0901184623 	34.6333427363 	-0.00011116446416 	-1.17754255891e-21
-0.89 	0.322175732218 	6.49039641729e-19 	0.0362740293712 	0.0002234290427 	162.351451417 	11.0901184623 	34.6333427363 	-0.00011116446416 	-1.17754255891e-21
-0.89 	0.323640167364 	-2.15851789773e-19 	0.0362740293712 	0.0002234290427 	162.351451417 	11.0901184623 	34.6333427363 	-0.00011116446416 	-1.17754255891e-21
-0.89 	0.32510460251 	1.51706691791e-19 	0.036271242089 	0.000223255541847 	162.465136538 	11.0926109515 	34.6331873223 	-9.58567718927e-05 	1.28902156381e-21
-0.89 	0.326569037657 	-5.68908936553e-19 	0.036271242089 	0.000223255541847 	162.465136538 	11.0926109515 	34.6331873223 	-9.58567718927e-05 	1.28902156381e-21
-0.89 	0.328033472803 	2.50702838242e-19 	0.036271242089 	0.000223255541847 	162.465136538 	11.0926109515 	34.6331873223 	-9.58567718927e-05 	1.28902156381e-21
-0.89 	0.32949790795 	-1.57885254576e-19 	0.036264474179 	0.000222832510257 	162.743192801 	11.0947252665 	34.633055725 	-8.09000296075e-05 	-8.8703060947e-22
-0.89 	0.330962343096 	-3.2019609876e-19 	0.036264474179 	0.000222832510257 	162.743192801 	11.0947252665 	34.633055725 	-8.09000296075e-05 	-8.8703060947e-22
-0.89 	0.332426778243 	-6.16502350924e-19 	0.036264474179 	0.000222832510257 	162.743192801 	11.0947252665 	34.633055725 	-8.09000296075e-05 	-8.8703060947e-22
-0.89 	0.333891213389 	-1.17740614702e-19 	0.0362472054141 	0.000221738323791 	163.468383788 	11.0964530901 	34.632948701 	-6.34096005455e-05 	-7.85361649982e-22
-0.89 	0.335355648536 	-8.75464195447e-19 	0.0362472054141 	0.000221738323791 	163.468383788 	11.0964530901 	34.632948701 	-6.34096005455e-05 	-7.85361649982e-22
-0.89 	0.336820083682 	7.19391277011e-19 	0.0362472054141 	0.000221738323791 	163.468383788 	11.0964530901 	34.632948701 	-6.34096005455e-05 	-7.85361649982e-22
-0.89 	0.338284518828 	-1.20243851773e-18 	0.03621678542 	0.000219859202946 	164.727175095 	11.0977687821 	34.6328671588 	-4.72859318223e-05 	1.99951478608e-22
-0.89 	0.339748953975 	-6.03007410094e-20 	0.03621678542 	0.000219859202946 	164.727175095 	11.0977687821 	34.6328671588 	-4.72859318223e-05 	1.99951478608e-22
-0.89 	0.341213389121 	-7.37619888776e-19 	0.03621678542 	0.000219859202946 	164.727175095 	11.0977687821 	34.6328671588 	-4.72859318223e-05 	1.99951478608e-22
-0.89 	0.342677824268 	2.65571764991e-19 	0.0362095008449 	0.000219474299041 	164.982875002 	11.0986663125 	34.6328101172 	-2.79770183439e-05 	-4.98860412492e-22
-0.89 	0.344142259414 	-7.7804549881e-20 	0.0362095008449 	0.000219474299041 	164.982875002 	11.0986663125 	34.6328101172 	-2.79770183439e-05 	-4.98860412492e-22
-0.89 	0.345606694561 	-3.38476932606e-19 	0.0362095008449 	0.000219474299041 	164.982875002 	11.0986663125 	34.6328101172 	-2.79770183439e-05 	-4.98860412492e-22
-0.89 	0.347071129707 	-7.61817016346e-19 	0.0362089531145 	0.000219456550361 	164.993722242 	11.0991193112 	34.6327419729 	-1.10022238008e-05 	-1.80147559854e-22
-0.89 	0.348535564854 	1.47552933167e-19 	0.0362089531145 	0.000219456550361 	164.993722242 	11.0991193112 	34.6327419729 	-1.10022238008e-05 	-1.80147559854e-22
-0.89 	0.35 	1.12707730431e-19 	0.0362089531145 	0.000219456550361 	164.993722242 	11.0991193112 	34.6327419729 	-1.10022238008e-05 	-1.80147559854e-22
