0.42 	0 	0 	2.2024156843 	2.49052787054e-05 	88431.6819079 	100.494613278 	1.26576191453 	-0.0714137224137 	-2.25641494765e-19
0.42 	0.00146443514644 	-4.19434242394e-20 	17.8611886391 	0.00245892397451 	7263.82304792 	98.586870975 	4.15617400053 	-0.536056790373 	5.76802623173e-20
0.42 	0.00292887029289 	-8.82273611754e-20 	24.2666153553 	0.00430196854553 	5640.81654678 	96.782615608 	6.11990516388 	-1.06152776353 	-2.2930504378e-21
0.42 	0.00439330543933 	-1.90935690334e-19 	28.4281029408 	0.00506601016611 	5611.5368917 	95.3553771687 	8.35726997556 	-1.61946691866 	4.4699598009e-21
0.42 	0.00585774058577 	0 	30.2642869785 	0.00500469962538 	5841.20497726 	94.3409559504 	10.4733052637 	-2.09031019688 	-7.56136457902e-21
0.42 	0.00732217573222 	6.93889390391e-19 	30.3734002107 	0.00450909911855 	6038.51271049 	93.2421057705 	13.0438290058 	-2.58637276755 	1.61589177655e-20
0.42 	0.00878661087866 	0 	28.2453031332 	0.00400062700496 	6006.95272667 	91.7337352172 	15.9893871306 	-3.09473124649 	-1.93672006018e-20
0.42 	0.0102510460251 	0 	23.9958405172 	0.00345856258043 	5712.28529214 	89.7019574803 	19.1634685312 	-3.59534673622 	2.26005624089e-20
0.42 	0.0117154811715 	-9.23936709259e-19 	18.4300444379 	0.00293891453622 	5251.02345921 	86.9907646051 	22.3382903446 	-4.06470701688 	1.82984650795e-20
0.42 	0.013179916318 	1.56125112838e-18 	14.0053468797 	0.00258514776816 	4822.13785198 	84.4626420791 	24.5929731745 	-4.3862317796 	1.46193786187e-21
0.42 	0.0146443514644 	9.83389526697e-19 	8.42370075771 	0.00205941626075 	4090.33419724 	80.4877740021 	27.3158160567 	-4.75821917319 	9.55939349625e-21
0.42 	0.0161087866109 	2.36384424502e-18 	4.26856942686 	0.00138780057869 	3075.78011741 	79.4489679111 	29.272167838 	-4.86228263092 	-8.42276809992e-21
0.42 	0.0175732217573 	2.64903144091e-18 	2.17551687797 	0.00101159494216 	2150.58101549 	75.6570858531 	30.4559856055 	-4.98218949787 	6.4650778413e-21
0.42 	0.0190376569038 	2.01668718891e-18 	1.35244315773 	0.000858391695773 	1575.55480137 	69.507367436 	31.1768831781 	-5.16811166629 	8.21432436993e-21
0.42 	0.0205020920502 	1.76086057608e-18 	0.90264272621 	0.000763121028568 	1182.8303669 	65.4482465033 	31.7629258117 	-5.19631666149 	1.11918682353e-21
0.42 	0.0219665271967 	1.11022302463e-18 	0.719271015949 	0.000702209749214 	1024.29653925 	62.6831978869 	32.0864364669 	-5.20289659679 	1.18117085795e-21
0.42 	0.0234309623431 	-1.02197906774e-18 	0.511462738789 	0.000598956481017 	853.923039484 	58.4646843528 	32.4895395848 	-5.19652039358 	-3.81572476248e-22
0.42 	0.0248953974895 	-1.52655665886e-18 	0.401467669803 	0.000525571656303 	763.868570515 	55.6154838233 	32.7023778769 	-5.18126542891 	-5.82436688088e-22
0.42 	0.026359832636 	-8.95927837786e-19 	0.272151769912 	0.000418913827181 	649.660508328 	51.3057023553 	32.9398804713 	-5.14268113237 	-2.02716927607e-22
0.42 	0.0278242677824 	-1.52655665886e-18 	0.207561607926 	0.000355203766418 	584.345177472 	48.4188754174 	33.0546708405 	-5.1086810308 	-1.87784529198e-22
0.42 	0.0292887029289 	-1.53024973564e-18 	0.138358889188 	0.000276102819754 	501.113640605 	44.080107546 	33.193690848 	-5.05105703367 	-4.1195319957e-22
0.42 	0.0307531380753 	-1.5435510916e-18 	0.107563285567 	0.000236029928901 	455.718840692 	41.1848592421 	33.2806742898 	-5.01097818114 	2.47706147677e-21
0.42 	0.0322175732218 	-1.07967732192e-18 	0.086535806066 	0.000206696841418 	418.660514948 	38.2879369968 	33.3692024396 	-4.97048458383 	-1.51110461701e-21
0.42 	0.0336820083682 	-1.4224732503e-18 	0.0731242957854 	0.000187721541833 	389.535985436 	35.3892959079 	33.4596248441 	-4.92954367393 	3.67669911343e-21
0.42 	0.0351464435146 	-1.97758476261e-18 	0.0652559945353 	0.000177718238012 	367.18794461 	32.4889654853 	33.5509468292 	-4.8879336253 	-1.56968948321e-21
0.42 	0.0366108786611 	-8.67361737988e-19 	0.0611159156411 	0.000174615620557 	350.002568191 	29.587118537 	33.6424007812 	-4.84549476806 	2.92565427139e-22
0.42 	0.0380753138075 	-1.21430643318e-18 	0.0592840541575 	0.000176256023605 	336.351932518 	26.6840319686 	33.7336864169 	-4.80215337436 	2.70229575882e-22
0.42 	0.039539748954 	6.99210532023e-19 	0.0587583653032 	0.000180856012873 	324.890305662 	23.7800554193 	33.8247585253 	-4.7578787623 	-8.42070166787e-21
0.42 	0.0410041841004 	1.21171455672e-18 	0.0588893727254 	0.000187162909461 	314.642323605 	20.8755972176 	33.9156471588 	-4.71265218555 	2.20807030215e-21
0.42 	0.0424686192469 	1.4802863372e-18 	0.0594550404063 	0.00019597866841 	303.375060605 	19.7069785324 	33.9646780155 	-4.57824648087 	2.10325460461e-21
0.42 	0.0439330543933 	1.56206810969e-19 	0.059666746749 	0.000199786906167 	298.651938177 	18.2467130803 	34.0101056744 	-4.55604264412 	-1.19180994018e-20
0.42 	0.0453974895397 	0 	0.0598867407734 	0.000206013206659 	290.69369748 	13.615454311 	34.1423239858 	-4.59530846358 	-3.60604722845e-21
0.42 	0.0468619246862 	1.09452213041e-18 	0.0601336990606 	0.00021394775003 	281.067218759 	10.71318713 	34.2327988924 	-4.54660163323 	5.21549728474e-22
0.42 	0.0483263598326 	8.67361737988e-19 	0.0601891258798 	0.00021792570628 	276.191032748 	9.26272896368 	34.277956439 	-4.52185110379 	-5.46563969016e-22
0.42 	0.0497907949791 	2.06736125547e-19 	0.060223268026 	0.000227331122464 	264.914312537 	8.03724717973 	34.326993333 	-4.39301851762 	8.06532836298e-21
0.42 	0.0512552301255 	8.49564964491e-19 	0.0599271489882 	0.000233766469659 	256.354767541 	3.46736130711 	34.4576647947 	-4.42007014182 	-1.32223789219e-22
0.42 	0.052719665272 	-2.56739074445e-18 	0.0597497916866 	0.00023769750137 	251.369035611 	2.02059531376 	34.5023263346 	-4.39390883539 	5.26783107351e-23
0.42 	0.0541841004184 	4.19843321373e-19 	0.0592858578129 	0.000245521204085 	241.469399899 	-0.869757311869 	34.5913593734 	-4.34070674521 	-3.42542463429e-22
0.42 	0.0556485355649 	0 	0.0590078107306 	0.000249414512888 	236.585313531 	-2.31313599457 	34.6357423175 	-4.3136600564 	6.32050089635e-22
0.42 	0.0571129707113 	-1.93365610013e-19 	0.0583804266612 	0.000257164757807 	227.015657818 	-5.19575377045 	34.7242474396 	-4.25865687545 	-2.38988504211e-21
0.42 	0.0585774058577 	0 	0.0580387483723 	0.000261021424729 	222.352431157 	-6.63476361011 	34.7683646282 	-4.2306917841 	2.98553725448e-21
0.42 	0.0600418410042 	8.67361737988e-19 	0.0576829596774 	0.000264865148685 	217.782369495 	-8.07208073375 	34.8123865352 	-4.20241167339 	-3.59408524575e-21
0.42 	0.0615062761506 	-7.85735002735e-19 	0.0569502754906 	0.0002737516456 	208.036285465 	-9.34647340701 	34.8599773708 	-4.07942193694 	1.21445709942e-20
0.42 	0.0629707112971 	-5.36978632439e-19 	0.0565687187241 	0.000277533087807 	203.826935271 	-10.783758217 	34.9037615393 	-4.05118424668 	-2.45712237895e-21
0.42 	0.0644351464435 	8.67361737988e-19 	0.0561718854877 	0.000280087744618 	200.551029337 	-13.8018363709 	34.9874557733 	-4.08605008747 	2.88155256621e-21
0.42 	0.06589958159 	9.29977019307e-19 	0.0554045451611 	0.000288763270484 	191.868394717 	-15.0810151399 	35.0344547814 	-3.96439316035 	-1.06862472848e-20
0.42 	0.0673640167364 	2.42861286637e-19 	0.0549999883057 	0.000291303549543 	188.806447405 	-18.0747327982 	35.1176143619 	-3.99524712801 	3.75971459674e-22
0.42 	0.0688284518828 	2.77555756156e-19 	0.0546093798032 	0.000294993296525 	185.120748324 	-19.493568484 	35.1607689484 	-3.9642817456 	7.03141399354e-21
0.42 	0.0702928870293 	-1.58297205558e-19 	0.0538341000363 	0.000302283066698 	178.09168282 	-22.3220486563 	35.2467100024 	-3.90127510379 	7.32790635777e-21
0.42 	0.0717573221757 	1.22993306394e-20 	0.0534509613516 	0.000305876233997 	174.747023177 	-23.7313403992 	35.2894903304 	-3.86922414673 	1.44915199649e-22
0.42 	0.0732217573222 	0 	0.0530715704858 	0.000309430279059 	171.513824203 	-25.1370880845 	35.3321398098 	-3.83680160013 	-3.6171688505e-21
0.42 	0.0746861924686 	6.86050334991e-19 	0.0527198820659 	0.000313990384212 	167.902855363 	-25.0026952565 	35.3352017331 	-3.74917446059 	3.79268858288e-20
0.42 	0.0761506276151 	7.20642133916e-19 	0.0523504723429 	0.000317433333792 	164.918005672 	-26.4055066748 	35.3776374175 	-3.71690809697 	-2.32082795983e-20
0.42 	0.0776150627615 	2.11200734369e-18 	0.0515977783926 	0.000323164563854 	159.664097379 	-30.7207143937 	35.5013468174 	-3.70329574228 	-4.67726244299e-21
0.42 	0.0790794979079 	-5.520340582e-19 	0.0512409486481 	0.000326450829135 	156.963757096 	-32.1057431352 	35.5432735793 	-3.66893979014 	-1.6295282379e-20
0.42 	0.0805439330544 	-4.89150420238e-19 	0.0508887804457 	0.00032966579508 	154.364757294 	-33.4859832429 	35.5850372535 	-3.63418167608 	1.64340012537e-20
0.42 	0.0820083682008 	3.57683253109e-19 	0.0505412156491 	0.000332802222265 	151.865619481 	-34.8612044777 	35.6266312843 	-3.5990163167 	-1.61440999635e-21
0.42 	0.0834728033473 	3.88101479188e-19 	0.0501981505507 	0.000335852463745 	149.464887025 	-36.2311700148 	35.668049539 	-3.56343872113 	-2.07426597668e-20
0.42 	0.0849372384937 	-1.97758476261e-18 	0.04985940573 	0.000338808901353 	147.160849467 	-37.5956365482 	35.7092859908 	-3.52744396048 	1.68019001923e-20
0.42 	0.0864016736402 	1.11022302463e-18 	0.0495248005782 	0.000341663007298 	144.952188327 	-38.9543543917 	35.7503347168 	-3.49102719907 	-6.1757448574e-21
0.42 	0.0878661087866 	-5.20417042793e-19 	0.0491941371231 	0.000344405501726 	142.837837597 	-40.3070675609 	35.7911899039 	-3.45418367905 	-9.81945051049e-22
0.42 	0.0893305439331 	1.11022302463e-18 	0.0488671973988 	0.000347026271038 	140.81699709 	-41.6535139769 	35.8318457295 	-3.41690871773 	6.29996607448e-21
0.42 	0.0907949790795 	-7.6327832943e-19 	0.0485437440906 	0.000349514208705 	138.889186424 	-42.9934255905 	35.8722965482 	-3.37919774537 	2.68293198868e-21
0.42 	0.0922594142259 	-5.55111512313e-19 	0.0482235168463 	0.000351856965937 	137.054318984 	-44.326528628 	35.9125372127 	-3.34104634245 	2.21253908602e-21
0.42 	0.0937238493724 	-5.55111512313e-19 	0.0479062287925 	0.00035404055828 	135.312826941 	-45.652543812 	35.9525634139 	-3.30245027803 	2.93146042658e-21
0.42 	0.0951882845188 	-5.55111512313e-19 	0.0475915677062 	0.000356048849507 	133.665837629 	-46.9711867386 	35.9923719221 	-3.26340553994 	-7.37794984988e-21
0.42 	0.0966527196653 	-5.55111512313e-19 	0.0472791731604 	0.000357863348614 	132.115158882 	-48.2821681277 	36.0319605276 	-3.22390826372 	2.21394394174e-21
0.42 	0.0981171548117 	-8.67361737988e-19 	0.0469685705118 	0.000359463883663 	130.662836091 	-49.5851942614 	36.0713285931 	-3.18395475193 	1.00316615453e-20
0.42 	0.0995815899582 	-4.3865587269e-19 	0.0466592562854 	0.00036082835445 	129.311501466 	-50.8799675242 	36.1104806103 	-3.1435419214 	-6.50487225225e-21
0.42 	0.101046025105 	9.9083184038e-19 	0.0463506349162 	0.000361934059771 	128.063755441 	-52.1661869987 	36.1494319457 	-3.10266800225 	-7.40287911979e-21
0.42 	0.102510460251 	-3.52940066569e-19 	0.0460418762917 	0.0003627592639 	126.921297052 	-53.4435492234 	36.188210553 	-3.06133280016 	-1.22247992939e-20
0.42 	0.103974895397 	-6.62316518886e-19 	0.0457317098893 	0.000363285048851 	125.883820526 	-54.7117485476 	36.2268459857 	-3.01953650381 	1.70186298333e-20
0.42 	0.105439330544 	-1.22972820534e-18 	0.0454182926594 	0.000363497565618 	124.947996783 	-55.9704767483 	36.2653428721 	-2.97727681546 	-7.40610514281e-21
0.42 	0.10690376569 	-1.56125112838e-18 	0.0454182926594 	0.000363497565618 	124.947996783 	-55.9704767483 	36.2653428721 	-2.97727681546 	-7.40610514281e-21
0.42 	0.108368200837 	7.08140757982e-20 	0.0451264476417 	0.000363729910479 	124.06581461 	-55.7804213285 	36.2656573689 	-2.89895890321 	2.68288395641e-20
0.42 	0.109832635983 	0 	0.0447724155663 	0.000362968753977 	123.350605461 	-58.458264013 	36.341663613 	-2.89133121208 	-6.73559156501e-21
0.42 	0.11129707113 	0 	0.0444354428977 	0.000362246812679 	122.666208073 	-59.68667712 	36.3792402579 	-2.84761742206 	1.6036435201e-20
0.42 	0.112761506276 	3.10908910968e-19 	0.0440864978597 	0.000361248469062 	122.03926559 	-60.9043252191 	36.4162730687 	-2.80339393123 	-1.06878481075e-20
0.42 	0.114225941423 	3.36895657599e-19 	0.0437232758428 	0.00035999967482 	121.453653714 	-62.1108671525 	36.4527263495 	-2.75865730833 	-1.20232786051e-20
0.42 	0.115690376569 	-7.76737602133e-20 	0.0433425616524 	0.000358522232039 	120.892256544 	-63.3059609245 	36.488639302 	-2.71341045927 	7.03445714606e-22
0.42 	0.117154811715 	0 	0.0433425616524 	0.000358522232039 	120.892256544 	-63.3059609245 	36.488639302 	-2.71341045927 	7.03445714606e-22
0.42 	0.118619246862 	1.73472347598e-19 	0.0429399669302 	0.000356829400437 	120.337525096 	-64.4892681142 	36.5240880018 	-2.66765841803 	2.52687153742e-21
0.42 	0.120083682008 	5.18326443624e-19 	0.0425102585963 	0.000354925102979 	119.772476614 	-65.6604562261 	36.5591380985 	-2.62140434482 	1.86214521539e-20
0.42 	0.121548117155 	-1.77615413625e-20 	0.0420508245796 	0.000352914235637 	119.153098213 	-65.4144822505 	36.5563851541 	-2.54495428772 	-9.74281431427e-20
0.42 	0.123012552301 	5.14058129865e-19 	0.0415487890616 	0.000350465930506 	118.553004572 	-67.9651717092 	36.6281281225 	-2.52738745792 	-8.74179180931e-21
0.42 	0.124476987448 	0 	0.0415487890616 	0.000350465930506 	118.553004572 	-67.9651717092 	36.6281281225 	-2.52738745792 	-8.74179180931e-21
0.42 	0.125941422594 	1.73472347598e-19 	0.0410090503345 	0.000347898109824 	117.876611503 	-69.0980560349 	36.6620465538 	-2.47961933976 	-8.39509197975e-21
0.42 	0.127405857741 	3.48354558308e-19 	0.0404273849335 	0.00034510008429 	117.146841666 	-70.2175334981 	36.6955555696 	-2.43134119253 	9.18927295944e-21
0.42 	0.128870292887 	4.00081558052e-19 	0.0398044600788 	0.000342075789526 	116.361523667 	-71.3232890863 	36.7286401335 	-2.38255084015 	1.54040251169e-20
0.42 	0.130334728033 	0 	0.0398044600788 	0.000342075789526 	116.361523667 	-71.3232890863 	36.7286401335 	-2.38255084015 	1.54040251169e-20
0.42 	0.13179916318 	-3.81639164715e-19 	0.0391432834655 	0.00033883794514 	115.522136841 	-72.4150114933 	36.7612873325 	-2.33324627153 	-7.93374969772e-21
0.42 	0.133263598326 	-6.66523355574e-19 	0.0384491822001 	0.00033540923711 	114.633641373 	-73.4923937917 	36.7934842191 	-2.28342548272 	-1.53164172931e-20
0.42 	0.134728033473 	-1.14667178547e-18 	0.0377292235627 	0.000331820655055 	113.703661866 	-74.5551342268 	36.825217456 	-2.23308646362 	-8.62114156471e-21
0.42 	0.136192468619 	-6.93889390391e-20 	0.0377292235627 	0.000331820655055 	113.703661866 	-74.5551342268 	36.825217456 	-2.23308646362 	-8.62114156471e-21
0.42 	0.137656903766 	5.00208760172e-19 	0.0369918410813 	0.00032811059508 	112.741988939 	-75.6029368983 	36.8564745477 	-2.18222729539 	3.09325807633e-20
0.42 	0.139121338912 	-6.7695878289e-20 	0.036227037985 	0.000324302193179 	111.707656461 	-75.2729929398 	36.8507026533 	-2.1072798957 	5.2761920838e-21
0.42 	0.140585774059 	-5.10121725587e-20 	0.036227037985 	0.000324302193179 	111.707656461 	-75.2729929398 	36.8507026533 	-2.1072798957 	5.2761920838e-21
0.42 	0.142050209205 	1.35308431126e-18 	0.0355008025173 	0.000320497937484 	110.767647355 	-77.6525794854 	36.9175216127 	-2.07894150309 	-7.97419704128e-21
0.42 	0.143514644351 	-7.18228529698e-19 	0.0347641595833 	0.000316680670997 	109.776701792 	-78.6538644701 	36.9472979702 	-2.02651154801 	3.93646629131e-20
0.42 	0.144979079498 	3.55119298045e-19 	0.0347472277698 	0.000316666487878 	109.728149646 	-77.3012231601 	36.9109773096 	-2.00422561566 	1.43001272914e-19
0.42 	0.146443514644 	0 	0.0340430128862 	0.000312906849006 	108.795997896 	-79.6391034973 	36.9765694369 	-1.97355459826 	-3.77360517989e-20
0.42 	0.147907949791 	-1.48362015214e-19 	0.0333427412568 	0.000309206940515 	107.833094565 	-80.6080424806 	37.0053311855 	-1.92006874133 	-1.9673469927e-20
0.42 	0.149372384937 	0 	0.0333427412568 	0.000309206940515 	107.833094565 	-80.6080424806 	37.0053311855 	-1.92006874133 	-1.9673469927e-20
0.42 	0.150836820084 	2.42861286637e-19 	0.0326671906543 	0.000305604328602 	106.893743304 	-81.5604378392 	37.0335777522 	-1.86605182357 	1.92584735302e-20
0.42 	0.15230125523 	-6.60574506954e-19 	0.0320188047616 	0.000302115525505 	105.981990525 	-82.4960569466 	37.0613028921 	-1.81150141337 	3.41742200236e-20
0.42 	0.153765690377 	-3.12250225676e-19 	0.0320188047616 	0.000302115525505 	105.981990525 	-82.4960569466 	37.0613028921 	-1.81150141337 	3.41742200236e-20
0.42 	0.155230125523 	-1.81834343868e-20 	0.031398861733 	0.000298751035946 	105.100427965 	-83.4146785838 	37.0884998387 	-1.75641478716 	-6.97242185632e-21
0.42 	0.156694560669 	-2.25800307588e-19 	0.0308077512513 	0.000295516556982 	104.250508215 	-84.3160932371 	37.1151617073 	-1.70078890402 	-5.20599167669e-21
0.42 	0.158158995816 	0 	0.0308077512513 	0.000295516556982 	104.250508215 	-84.3160932371 	37.1151617073 	-1.70078890402 	-5.20599167669e-21
0.42 	0.159623430962 	5.29475956667e-19 	0.0302452389899 	0.000292414229962 	103.43285617 	-85.2001035618 	37.1412817989 	-1.64462038291 	-1.23590256242e-20
0.42 	0.161087866109 	-5.55111512313e-19 	0.0302452389899 	0.000292414229962 	103.43285617 	-85.2001035618 	37.1412817989 	-1.64462038291 	-1.23590256242e-20
0.42 	0.162552301255 	-5.55111512313e-19 	0.0297106950897 	0.000289443794463 	102.647545596 	-86.0665244682 	37.1668537521 	-1.58790543605 	-4.17480519317e-20
0.42 	0.164016736402 	-5.89650322023e-19 	0.0292033074922 	0.000286603729509 	101.894373609 	-86.9151838148 	37.1918716392 	-1.53063986128 	6.08498403396e-20
0.42 	0.165481171548 	-2.28983498829e-18 	0.0292033074922 	0.000286603729509 	101.894373609 	-86.9151838148 	37.1918716392 	-1.53063986128 	6.08498403396e-20
0.42 	0.166945606695 	6.5287493268e-19 	0.0287221104098 	0.000283891410263 	101.172875865 	-87.7459219215 	37.2163299157 	-1.4728189063 	-4.93249531505e-20
0.42 	0.168410041841 	-5.55111512313e-19 	0.0287221104098 	0.000283891410263 	101.172875865 	-87.7459219215 	37.2163299157 	-1.4728189063 	-4.93249531505e-20
0.42 	0.169874476987 	0 	0.0282660987709 	0.00028130374967 	100.482481318 	-88.558593077 	37.2402233162 	-1.41443732488 	6.22956718258e-20
0.42 	0.171338912134 	-1.65269636576e-19 	0.0278342876025 	0.000278837544395 	99.8225962106 	-89.3530634586 	37.2635468635 	-1.35548911098 	-4.69082434243e-20
0.42 	0.17280334728 	-5.55111512313e-19 	0.0278342876025 	0.000278837544395 	99.8225962106 	-89.3530634586 	37.2635468635 	-1.35548911098 	-4.69082434243e-20
0.42 	0.174267782427 	-1.44912540229e-19 	0.0274257234151 	0.000276489612685 	99.1925994933 	-90.1292149567 	37.2862958841 	-1.29596778015 	1.28446638075e-20
0.42 	0.175732217573 	0 	0.0274257234151 	0.000276489612685 	99.1925994933 	-90.1292149567 	37.2862958841 	-1.29596778015 	1.28446638075e-20
0.42 	0.17719665272 	-8.27926292474e-19 	0.0270394928738 	0.000274256805233 	98.5918757816 	-90.8869389577 	37.3084659999 	-1.23586570996 	-2.07487069579e-20
0.42 	0.178661087866 	3.12250225676e-19 	0.0270394928738 	0.000274256805233 	98.5918757816 	-90.8869389577 	37.3084659999 	-1.23586570996 	-2.07487069579e-20
0.42 	0.180125523013 	-1.4224732503e-18 	0.0266747297451 	0.000272136073486 	98.0198229636 	-91.6261466563 	37.3300531321 	-1.1751750482 	1.91008681662e-20
0.42 	0.181589958159 	-3.6522240223e-19 	0.0263306121713 	0.000270124468234 	97.4758500905 	-92.3467518585 	37.3510534724 	-1.11388600707 	-2.6302625696e-21
0.42 	0.183054393305 	1.11022302463e-18 	0.0263306121713 	0.000270124468234 	97.4758500905 	-92.3467518585 	37.3510534724 	-1.11388600707 	-2.6302625696e-21
0.42 	0.184518828452 	5.34600094894e-19 	0.0260063691476 	0.00026821918828 	96.9593909905 	-93.0486986684 	37.3714635169 	-1.05198945238 	-3.30401827214e-20
0.42 	0.185983263598 	0 	0.0260063691476 	0.00026821918828 	96.9593909905 	-93.0486986684 	37.3714635169 	-1.05198945238 	-3.30401827214e-20
0.42 	0.187447698745 	8.30479541039e-19 	0.0257012694095 	0.000266417526983 	96.4698895773 	-93.7319159903 	37.3912799626 	-0.989472465104 	4.15622324937e-20
0.42 	0.188912133891 	8.67361737988e-19 	0.0257012694095 	0.000266417526983 	96.4698895773 	-93.7319159903 	37.3912799626 	-0.989472465104 	4.15622324937e-20
0.42 	0.190376569038 	-5.87887901428e-19 	0.0254146371828 	0.000264716971679 	96.0068295644 	-94.3963898182 	37.4104998514 	-0.926325284047 	-1.43927150715e-20
0.42 	0.191841004184 	-2.42861286637e-19 	0.0254146371828 	0.000264716971679 	96.0068295644 	-94.3963898182 	37.4104998514 	-0.926325284047 	-1.43927150715e-20
0.42 	0.193305439331 	4.16734011952e-19 	0.0251458252862 	0.000263115056241 	95.5696935227 	-95.0420467274 	37.4291202388 	-0.862529921835 	-4.38413667721e-21
0.42 	0.194769874477 	0 	0.0251458252862 	0.000263115056241 	95.5696935227 	-95.0420467274 	37.4291202388 	-0.862529921835 	-4.38413667721e-21
0.42 	0.196234309623 	-9.78915235954e-20 	0.0248942552513 	0.000261609601929 	95.1580334504 	-95.6689372679 	37.4471387029 	-0.798078056204 	-2.74315379605e-20
0.42 	0.19769874477 	0 	0.0248942552513 	0.000261609601929 	95.1580334504 	-95.6689372679 	37.4471387029 	-0.798078056204 	-2.74315379605e-20
0.42 	0.199163179916 	-2.62676155019e-19 	0.0246593532868 	0.000260198351668 	94.7713662624 	-96.2769455965 	37.4645523677 	-0.732942450308 	-1.24472064847e-20
0.42 	0.200627615063 	0 	0.0246593532868 	0.000260198351668 	94.7713662624 	-96.2769455965 	37.4645523677 	-0.732942450308 	-1.24472064847e-20
0.42 	0.202092050209 	-1.25399483232e-19 	0.024440647973 	0.000258879550316 	94.4093418858 	-96.8662413476 	37.481359482 	-0.667121580141 	8.44707556722e-20
0.42 	0.203556485356 	0 	0.024440647973 	0.000258879550316 	94.4093418858 	-96.8662413476 	37.481359482 	-0.667121580141 	8.44707556722e-20
0.42 	0.205020920502 	-2.23899030033e-19 	0.0242376195156 	0.000257651065653 	94.0714894937 	-97.4365768148 	37.4975566749 	-0.600569756338 	-3.82063913942e-20
0.42 	0.206485355649 	-1.73472347598e-19 	0.0242376195156 	0.000257651065653 	94.0714894937 	-97.4365768148 	37.4975566749 	-0.600569756338 	-3.82063913942e-20
0.42 	0.207949790795 	-1.13070535112e-18 	0.0240499292909 	0.000256511750891 	93.7576123019 	-97.9883657373 	37.5131433917 	-0.533304974114 	-4.9826108612e-20
0.42 	0.209414225941 	7.49872779158e-19 	0.0240611545871 	0.000256630107952 	93.7581127139 	-96.7454138383 	37.479537403 	-0.524037726894 	-2.92052537918e-19
0.42 	0.210878661088 	-4.60644065068e-19 	0.0238770722222 	0.000255459391735 	93.4671928092 	-98.5210337225 	37.5281145575 	-0.465242926911 	5.09309480424e-20
0.42 	0.212343096234 	-5.55111512313e-19 	0.0238770722222 	0.000255459391735 	93.4671928092 	-98.5210337225 	37.5281145575 	-0.465242926911 	5.09309480424e-20
0.42 	0.213807531381 	-5.03619172289e-19 	0.0237189007959 	0.000254493827182 	93.200299035 	-99.0355140389 	37.542472208 	-0.396449790389 	4.11415923542e-20
0.42 	0.215271966527 	9.1566850483e-20 	0.0237309379201 	0.000254616802142 	93.2025605554 	-97.7965096827 	37.5089738378 	-0.387970365466 	-1.56339083232e-19
0.42 	0.216736401674 	-6.30283272309e-20 	0.0235872604572 	0.000253737458279 	92.9593155744 	-98.2930135461 	37.5227504389 	-0.318662259248 	1.27464016514e-20
0.42 	0.21820083682 	-1.4224732503e-18 	0.0235748420748 	0.000253612286533 	92.9562301461 	-99.5304916518 	37.5562069236 	-0.326759178758 	-3.44226533487e-20
0.42 	0.219665271967 	7.57845292947e-21 	0.0234450643054 	0.000252816368869 	92.7355471892 	-100.008005367 	37.5693266373 	-0.256347628539 	-9.12539633539e-21
0.42 	0.221129707113 	0 	0.0234450643054 	0.000252816368869 	92.7355471892 	-100.008005367 	37.5693266373 	-0.256347628539 	-9.12539633539e-21
0.42 	0.222594142259 	-6.48356048315e-19 	0.0233418993805 	0.000252231129635 	92.541707339 	-99.2293593675 	37.5484055068 	-0.177514885691 	-1.01492440378e-19
0.42 	0.224058577406 	9.6548122325e-19 	0.0233418993805 	0.000252231129635 	92.541707339 	-99.2293593675 	37.5484055068 	-0.177514885691 	-1.01492440378e-19
0.42 	0.225523012552 	-9.6345908403e-21 	0.0232266519925 	0.000251473269685 	92.3623096067 	-100.906251131 	37.5936842957 	-0.11275872041 	5.21737922238e-20
0.42 	0.226987447699 	-2.05919320773e-20 	0.0232266519925 	0.000251473269685 	92.3623096067 	-100.906251131 	37.5936842957 	-0.11275872041 	5.21737922238e-20
0.42 	0.228451882845 	0 	0.0232266519925 	0.000251473269685 	92.3623096067 	-100.906251131 	37.5936842957 	-0.11275872041 	5.21737922238e-20
0.42 	0.229916317992 	2.13631678446e-19 	0.0231373504001 	0.000250922944134 	92.2089866272 	-101.325108899 	37.6049029201 	-0.0392976300346 	-9.14419522455e-20
0.42 	0.231380753138 	0 	0.0231373504001 	0.000250922944134 	92.2089866272 	-101.325108899 	37.6049029201 	-0.0392976300346 	-9.14419522455e-20
0.42 	0.232845188285 	-4.04090325444e-19 	0.0230626791741 	0.000250462151675 	92.0804960743 	-101.73073605 	37.6155175753 	0.0345877988325 	1.00277259416e-19
0.42 	0.234309623431 	0 	0.0230626791741 	0.000250462151675 	92.0804960743 	-101.73073605 	37.6155175753 	0.0345877988325 	1.00277259416e-19
0.42 	0.235774058577 	-8.98306795627e-19 	0.0229999317657 	0.000250074817693 	91.9722024706 	-102.110324507 	37.6254444203 	0.110327882154 	-6.97754743526e-20
0.42 	0.237238493724 	1.11022302463e-18 	0.0229999317657 	0.000250074817693 	91.9722024706 	-102.110324507 	37.6254444203 	0.110327882154 	-6.97754743526e-20
0.42 	0.23870292887 	5.52383361145e-19 	0.0229530275258 	0.000249784908316 	91.8911702094 	-102.482008301 	37.6347908176 	0.185990834526 	-7.03900716915e-21
0.42 	0.240167364017 	-1.18875389833e-18 	0.0229530275258 	0.000249784908316 	91.8911702094 	-102.482008301 	37.6347908176 	0.185990834526 	-7.03900716915e-21
0.42 	0.241631799163 	4.26798768209e-19 	0.0229679231075 	0.000249924745984 	91.8993556122 	-101.241053484 	37.6012721903 	0.191661929412 	1.06161061987e-19
0.42 	0.24309623431 	2.52049247267e-19 	0.0229166086122 	0.000249560112073 	91.8280105816 	-102.820384811 	37.6433900592 	0.264434563556 	-4.85838700859e-20
0.42 	0.244560669456 	0 	0.0229166086122 	0.000249560112073 	91.8280105816 	-102.820384811 	37.6433900592 	0.264434563556 	-4.85838700859e-20
0.42 	0.246025104603 	-8.24945987213e-19 	0.0228985588279 	0.000249448326908 	91.7968026155 	-103.160677957 	37.6514590009 	0.341770046822 	5.93193294015e-20
0.42 	0.247489539749 	1.97758476261e-18 	0.0228985588279 	0.000249448326908 	91.7968026155 	-103.160677957 	37.6514590009 	0.341770046822 	5.93193294015e-20
0.42 	0.248953974895 	0 	0.0228985588279 	0.000249448326908 	91.7968026155 	-103.160677957 	37.6514590009 	0.341770046822 	5.93193294015e-20
0.42 	0.250418410042 	-1.54311952369e-18 	0.0228883467019 	0.00024938565323 	91.7789231476 	-103.454360756 	37.6586671971 	0.423556019295 	3.8073136697e-20
0.42 	0.251882845188 	0 	0.0228883467019 	0.00024938565323 	91.7789231476 	-103.454360756 	37.6586671971 	0.423556019295 	3.8073136697e-20
0.42 	0.253347280335 	7.23958593009e-19 	0.0229013384508 	0.00024946521034 	91.8017322721 	-103.767407378 	37.6654365512 	0.502254833227 	-4.55720370353e-20
0.42 	0.254811715481 	0 	0.0229013384508 	0.00024946521034 	91.8017322721 	-103.767407378 	37.6654365512 	0.502254833227 	-4.55720370353e-20
0.42 	0.256276150628 	0 	0.0229013384508 	0.00024946521034 	91.8017322721 	-103.767407378 	37.6654365512 	0.502254833227 	-4.55720370353e-20
0.42 	0.257740585774 	3.86392864155e-20 	0.0229172001862 	0.000249563377727 	91.8291794051 	-104.010603528 	37.6711934001 	0.588354721673 	-6.38930703157e-21
0.42 	0.259205020921 	0 	0.0229172001862 	0.000249563377727 	91.8291794051 	-104.010603528 	37.6711934001 	0.588354721673 	-6.38930703157e-21
0.42 	0.260669456067 	-6.30177253095e-19 	0.0229648656772 	0.000249855144499 	91.9127189607 	-104.302873839 	37.6766878021 	0.667768074118 	-3.68516076214e-20
0.42 	0.262133891213 	1.11022302463e-18 	0.0229648656772 	0.000249855144499 	91.9127189607 	-104.302873839 	37.6766878021 	0.667768074118 	-3.68516076214e-20
0.42 	0.26359832636 	-1.14491749414e-18 	0.0229648656772 	0.000249855144499 	91.9127189607 	-104.302873839 	37.6766878021 	0.667768074118 	-3.68516076214e-20
0.42 	0.265062761506 	3.04307760472e-19 	0.0230060742524 	0.000250107965315 	91.984572436 	-104.486555999 	37.6808986559 	0.759654924252 	1.30260616515e-19
0.42 	0.266527196653 	2.77555756156e-19 	0.0230060742524 	0.000250107965315 	91.984572436 	-104.486555999 	37.6808986559 	0.759654924252 	1.30260616515e-19
0.42 	0.267991631799 	-3.07079012407e-20 	0.0230941776204 	0.000250643561276 	92.1395207716 	-104.767593132 	37.6850752831 	0.838612351318 	-9.07324846095e-20
0.42 	0.269456066946 	0 	0.0230941776204 	0.000250643561276 	92.1395207716 	-104.767593132 	37.6850752831 	0.838612351318 	-9.07324846095e-20
0.42 	0.270920502092 	-8.67361737988e-19 	0.0230941776204 	0.000250643561276 	92.1395207716 	-104.767593132 	37.6850752831 	0.838612351318 	-9.07324846095e-20
0.42 	0.272384937238 	1.12006044183e-19 	0.0231588733062 	0.000251035123203 	92.2535181959 	-104.87875508 	37.6875995689 	0.938466808955 	5.85903674136e-20
0.42 	0.273849372385 	0 	0.0231588733062 	0.000251035123203 	92.2535181959 	-104.87875508 	37.6875995689 	0.938466808955 	5.85903674136e-20
0.42 	0.275313807531 	3.70751989263e-19 	0.0232952284042 	0.000251852375318 	92.4955675913 	-105.161488108 	37.6904264286 	1.01506994573 	-3.49295680058e-20
0.42 	0.276778242678 	4.05676890218e-19 	0.0232952284042 	0.000251852375318 	92.4955675913 	-105.161488108 	37.6904264286 	1.01506994573 	-3.49295680058e-20
0.42 	0.278242677824 	0 	0.0232952284042 	0.000251852375318 	92.4955675913 	-105.161488108 	37.6904264286 	1.01506994573 	-3.49295680058e-20
0.42 	0.279707112971 	1.07448114096e-18 	0.0233755314771 	0.000252318903891 	92.6428068473 	-105.183071754 	37.6911485023 	1.12599643569 	9.66727591485e-21
0.42 	0.281171548117 	-5.55111512313e-19 	0.0233755314771 	0.000252318903891 	92.6428068473 	-105.183071754 	37.6911485023 	1.12599643569 	9.66727591485e-21
0.42 	0.282635983264 	0 	0.0233755314771 	0.000252318903891 	92.6428068473 	-105.183071754 	37.6911485023 	1.12599643569 	9.66727591485e-21
0.42 	0.28410041841 	-1.26638343751e-19 	0.0235589914132 	0.000253371252542 	92.9821010744 	-105.483070868 	37.6925346402 	1.19743209579 	5.01873038177e-20
0.42 	0.285564853556 	0 	0.0235589914132 	0.000253371252542 	92.9821010744 	-105.483070868 	37.6925346402 	1.19743209579 	5.01873038177e-20
0.42 	0.287029288703 	-1.74154944897e-19 	0.0236050686251 	0.000253513451233 	93.1117008205 	-105.395338484 	37.6912882382 	1.32361395022 	-1.94023308167e-20
0.42 	0.288493723849 	3.58187631017e-19 	0.0236050686251 	0.000253513451233 	93.1117008205 	-105.395338484 	37.6912882382 	1.32361395022 	-1.94023308167e-20
0.42 	0.289958158996 	0 	0.0236050686251 	0.000253513451233 	93.1117008205 	-105.395338484 	37.6912882382 	1.32361395022 	-1.94023308167e-20
0.42 	0.291422594142 	-2.59586781899e-19 	0.0237177814962 	0.000253711143597 	93.483404631 	-105.728273852 	37.6908332799 	1.38607252358 	-5.59972135809e-20
0.42 	0.292887029289 	-6.67350824542e-19 	0.0237177814962 	0.000253711143597 	93.483404631 	-105.728273852 	37.6908332799 	1.38607252358 	-5.59972135809e-20
0.42 	0.294351464435 	0 	0.0237177814962 	0.000253711143597 	93.483404631 	-105.728273852 	37.6908332799 	1.38607252358 	-5.59972135809e-20
0.42 	0.295815899582 	3.34637900556e-19 	0.0234048116161 	0.000241564481873 	93.3581074625 	-105.512847045 	37.6873951069 	1.53273346055 	-2.7334160677e-20
0.42 	0.297280334728 	2.16781743583e-19 	0.0234048116161 	0.000241564481873 	93.3581074625 	-105.512847045 	37.6873951069 	1.53273346055 	-2.7334160677e-20
0.42 	0.298744769874 	0 	0.0234048116161 	0.000241564481873 	93.3581074625 	-105.512847045 	37.6873951069 	1.53273346055 	-2.7334160677e-20
0.42 	0.300209205021 	-2.6506116058e-19 	0.0230123525448 	0.000206865719846 	93.3731411488 	-105.881584233 	37.6850298853 	1.58162648863 	4.59633154917e-20
0.42 	0.301673640167 	-5.55111512313e-19 	0.0230123525448 	0.000206865719846 	93.3731411488 	-105.881584233 	37.6850298853 	1.58162648863 	4.59633154917e-20
0.42 	0.303138075314 	0 	0.0230123525448 	0.000206865719846 	93.3731411488 	-105.881584233 	37.6850298853 	1.58162648863 	4.59633154917e-20
0.42 	0.30460251046 	-1.55569153253e-18 	0.0222965298082 	0.000209799916329 	92.1228007393 	-105.525698785 	37.6801235505 	1.75472664659 	-2.66751052351e-20
0.42 	0.306066945607 	1.04083408559e-19 	0.0222965298082 	0.000209799916329 	92.1228007393 	-105.525698785 	37.6801235505 	1.75472664659 	-2.66751052351e-20
0.42 	0.307531380753 	1.04083408559e-19 	0.0222965298082 	0.000209799916329 	92.1228007393 	-105.525698785 	37.6801235505 	1.75472664659 	-2.66751052351e-20
0.42 	0.3089958159 	8.68868545685e-19 	0.021903684613 	0.000181583719601 	92.0147639224 	-105.936100768 	37.6752470533 	1.78524495759 	3.50216881722e-20
0.42 	0.310460251046 	0 	0.021903684613 	0.000181583719601 	92.0147639224 	-105.936100768 	37.6752470533 	1.78524495759 	3.50216881722e-20
0.42 	0.311924686192 	0 	0.021903684613 	0.000181583719601 	92.0147639224 	-105.936100768 	37.6752470533 	1.78524495759 	3.50216881722e-20
0.42 	0.313389121339 	-1.55863268809e-19 	0.0215248168433 	0.000189080540568 	91.9808692387 	-105.460015864 	37.6686225617 	1.99071013917 	-6.43466792177e-20
0.42 	0.314853556485 	-1.38777878078e-19 	0.0215248168433 	0.000189080540568 	91.9808692387 	-105.460015864 	37.6686225617 	1.99071013917 	-6.43466792177e-20
0.42 	0.316317991632 	-8.67361737988e-19 	0.0215248168433 	0.000189080540568 	91.9808692387 	-105.460015864 	37.6686225617 	1.99071013917 	-6.43466792177e-20
0.42 	0.317782426778 	-7.9622102606e-19 	0.0214645101077 	0.000175700135789 	93.2288357774 	-105.871781281 	37.6628708078 	1.99923438092 	6.88970742379e-20
0.42 	0.319246861925 	0 	0.0214645101077 	0.000175700135789 	93.2288357774 	-105.871781281 	37.6628708078 	1.99923438092 	6.88970742379e-20
0.42 	0.320711297071 	0 	0.0214645101077 	0.000175700135789 	93.2288357774 	-105.871781281 	37.6628708078 	1.99923438092 	6.88970742379e-20
0.42 	0.322175732218 	-4.62470246389e-19 	0.0213937288431 	0.000176406838595 	94.7020440398 	-105.34544259 	37.6679025398 	2.24110638872 	1.97545788798e-20
0.42 	0.323640167364 	-5.55111512313e-19 	0.0213937288431 	0.000176406838595 	94.7020440398 	-105.34544259 	37.6679025398 	2.24110638872 	1.97545788798e-20
0.42 	0.32510460251 	0 	0.0213937288431 	0.000176406838595 	94.7020440398 	-105.34544259 	37.6679025398 	2.24110638872 	1.97545788798e-20
0.42 	0.326569037657 	-6.81237685983e-19 	0.0211713801654 	0.000156152487724 	95.4341679437 	-105.638604114 	37.6194534081 	2.22683287225 	-5.33325137968e-20
0.42 	0.328033472803 	8.67361737988e-19 	0.0211713801654 	0.000156152487724 	95.4341679437 	-105.638604114 	37.6194534081 	2.22683287225 	-5.33325137968e-20
0.42 	0.32949790795 	-5.55111512313e-19 	0.0211713801654 	0.000156152487724 	95.4341679437 	-105.638604114 	37.6194534081 	2.22683287225 	-5.33325137968e-20
0.42 	0.330962343096 	-1.34202220113e-19 	0.0208390492569 	0.000218989302838 	95.1601242019 	-105.185050052 	37.7891418187 	2.50986368607 	7.30050906615e-20
0.42 	0.332426778243 	-6.53220640089e-20 	0.0208390492569 	0.000218989302838 	95.1601242019 	-105.185050052 	37.7891418187 	2.50986368607 	7.30050906615e-20
0.42 	0.333891213389 	0 	0.0208390492569 	0.000218989302838 	95.1601242019 	-105.185050052 	37.7891418187 	2.50986368607 	7.30050906615e-20
0.42 	0.335355648536 	1.12652708605e-18 	0.0207842714024 	0.000217217323561 	95.6842256486 	-105.105055702 	37.2590246387 	2.45404180796 	-2.30747767342e-20
0.42 	0.336820083682 	-7.84270007512e-19 	0.0207825007213 	0.000217236011239 	95.6678434794 	-103.46553186 	37.2125924956 	2.4531203064 	-2.54209901713e-20
0.42 	0.338284518828 	-8.67361737988e-19 	0.0207842714024 	0.000217217323561 	95.6842256486 	-105.105055702 	37.2590246387 	2.45404180796 	-2.30747767342e-20
