0.273 	0.0424686192469 	1.21346611385e-18 	11.7256168826 	0.00015008135338 	72463.0835452 	-409.188319917 	15.818289382 	-4.86369181498 	-2.57755170207e-17
0.273 	0.0439330543933 	1.96159205297e-18 	11.6460909297 	0.000522726350603 	19934.3191324 	-411.415326716 	29.8790738742 	-8.52492941637 	1.46286752023e-17
0.273 	0.0453974895397 	2.68130075687e-18 	6.03504676047 	0.000668203080333 	8112.66053287 	-413.121583066 	36.8238727061 	-9.96461312409 	-5.52575154482e-18
0.273 	0.0468619246862 	-1.27677849606e-18 	3.49877171745 	0.00100516239313 	3370.49074654 	-414.141588536 	39.6502166254 	-10.2865540963 	1.42227309413e-17
0.273 	0.0483263598326 	-4.44987329493e-19 	2.7471841527 	0.00121427541146 	1952.36787249 	-414.622601542 	40.8868813267 	-10.2598322714 	1.07786520532e-17
0.273 	0.0497907949791 	2.12735650628e-18 	2.38312917808 	0.0012766497405 	1543.43281602 	-414.809605085 	41.6434039693 	-10.1738818789 	3.94547052612e-19
0.273 	0.0512552301255 	1.95114955324e-19 	1.98404433311 	0.00127103724888 	1281.42076584 	-414.70877087 	42.4405862073 	-10.0212142835 	-8.340229319e-18
0.273 	0.052719665272 	-1.84131055688e-18 	1.65768473991 	0.0011954992648 	1139.09493576 	-414.331737888 	42.9918438102 	-9.8713306167 	-9.59389451124e-18
0.273 	0.0541841004184 	-1.98366696152e-18 	1.31896760103 	0.00105748275704 	1023.9669525 	-413.663668444 	43.477713069 	-9.7001367709 	-1.34646991187e-17
0.273 	0.0556485355649 	-1.48465622457e-18 	1.06557524809 	0.000921259661221 	949.759724616 	-412.954324655 	43.8002123818 	-9.55839446127 	4.35855858698e-18
0.273 	0.0571129707113 	6.83138890886e-19 	0.745407295831 	0.000720243637194 	860.34504025 	-411.707279358 	44.161317416 	-9.3490748983 	-5.65657164699e-18
0.273 	0.0585774058577 	-5.57999082302e-19 	0.522551370556 	0.000555498636004 	785.929962699 	-410.542013713 	44.3470814975 	-9.16994336277 	-1.2999742509e-18
0.273 	0.0600418410042 	1.97875334733e-18 	0.271674770783 	0.000336163219112 	646.870909175 	-408.685494896 	44.4345277275 	-8.89395907307 	-1.16923836138e-17
0.273 	0.0615062761506 	2.78330990589e-18 	0.149151981931 	0.000225340639147 	522.292390071 	-407.059292649 	44.4236586677 	-8.66945514639 	-1.2446158975e-17
0.273 	0.0629707112971 	1.34380137472e-18 	0.0844414921857 	0.000162088855723 	418.825075514 	-405.233977719 	44.3998411508 	-8.4408612819 	-3.18683409473e-18
0.273 	0.0644351464435 	3.44505314752e-19 	0.057726817545 	0.000134441848888 	355.73247778 	-403.209554335 	44.3804023238 	-8.21180589051 	-1.12717249655e-17
0.273 	0.06589958159 	-6.98340825377e-19 	0.0492276959293 	0.000129823397068 	322.773393704 	-400.986221424 	44.3630889864 	-7.98211046567 	-4.50828756604e-19
0.273 	0.0673640167364 	1.05017497063e-18 	0.0476755917719 	0.000132703013334 	309.22244769 	-399.393694609 	44.3501750869 	-7.82828138844 	-1.27137602773e-17
0.273 	0.0688284518828 	1.60115458123e-19 	0.0474223141443 	0.000140720025954 	293.799222859 	-396.839225335 	44.3270484641 	-7.5963849144 	1.58593573128e-18
0.273 	0.0702928870293 	-1.66382499792e-19 	0.0476666148227 	0.000146982642132 	284.697282453 	-395.025595795 	44.3088163241 	-7.44108757857 	-3.20741847067e-18
0.273 	0.0717573221757 	-2.11664168232e-18 	0.0479895677409 	0.000156347692439 	271.274717454 	-392.139065278 	44.27708399 	-7.20728377159 	4.74423591919e-18
0.273 	0.0732217573222 	-2.05632852985e-18 	0.048008382395 	0.000162002238155 	262.058693067 	-390.104181916 	44.2529777351 	-7.05096915051 	8.65890857211e-18
0.273 	0.0746861924686 	-1.63091222304e-18 	0.0478109364716 	0.000166841772468 	252.487606714 	-387.981280033 	44.2263931376 	-6.89438594961 	-1.14708542498e-18
0.273 	0.0761506276151 	-1.84936652819e-18 	0.0471368416929 	0.000172531363108 	237.661671451 	-384.633081363 	44.1816062909 	-6.65917231131 	-3.32165152942e-18
0.273 	0.0776150627615 	1.09233622909e-18 	0.0465092611899 	0.00017557895852 	227.784223307 	-382.292704 	44.148483788 	-6.50227929716 	-1.31745558626e-19
0.273 	0.0790794979079 	3.15899853355e-19 	0.0458011552826 	0.000178338100794 	218.158693769 	-379.867005149 	44.1128350875 	-6.34543829714 	-5.15241272841e-18
0.273 	0.0805439330544 	5.22003033785e-19 	0.0450693691048 	0.000179408010697 	208.967575026 	-377.357259822 	44.0746781206 	-6.18874454424 	-1.15928884318e-18
0.273 	0.0820083682008 	2.22623697443e-18 	0.0443483307043 	0.000182282537566 	200.28343913 	-374.764764664 	44.0340207008 	-6.03229956189 	1.04295783532e-18
0.273 	0.0834728033473 	1.12922794526e-18 	0.0436456090814 	0.000185413270652 	192.114857186 	-372.091413312 	43.9908992042 	-5.87620187961 	-1.40191576547e-18
0.273 	0.0849372384937 	1.00769799921e-18 	0.0429642682375 	0.000188858223916 	184.447391336 	-369.339138633 	43.9453337939 	-5.72054983581 	-1.79472358105e-18
0.273 	0.0864016736402 	2.67215133796e-18 	0.0423078858006 	0.000192676230322 	177.264590236 	-366.510107542 	43.8973618292 	-5.56544144668 	-3.04119955832e-18
0.273 	0.0878661087866 	-4.76170938142e-19 	0.0419904459536 	0.000196558941902 	173.847427364 	-365.067502617 	43.8724896495 	-5.48812304362 	8.45833919352e-19
0.273 	0.0893305439331 	-5.8235782699e-19 	0.0413799057471 	0.000201123036229 	167.368519889 	-362.127967872 	43.8210226536 	-5.33402339143 	1.36288269588e-18
0.273 	0.0907949790795 	3.26773227665e-19 	0.0408047562264 	0.000206264372152 	161.342874882 	-359.11808865 	43.7672827476 	-5.18071546005 	-5.70484361151e-19
0.273 	0.0922594142259 	4.40906024611e-19 	0.0405311485212 	0.000209076207628 	158.493477554 	-357.587661357 	43.7395806876 	-5.10438925981 	-2.51664720656e-18
0.273 	0.0937238493724 	6.99755754845e-19 	0.0400121554668 	0.000215243080242 	153.110455444 	-354.477970948 	43.682556174 	-4.95244913273 	-7.29014812262e-19
0.273 	0.0951882845188 	-1.78013115357e-19 	0.039529844294 	0.00022220193137 	148.130142544 	-351.305808442 	43.6234434462 	-4.80154255365 	-3.78203281913e-18
0.273 	0.0966527196653 	-2.95527480349e-19 	0.0393017716594 	0.000226003395297 	145.783002742 	-349.697405737 	43.5931242042 	-4.72650551999 	-1.38878415623e-18
0.273 	0.0981171548117 	7.50956146263e-19 	0.0388700484943 	0.000234310159712 	141.361739259 	-346.438273816 	43.5310094614 	-4.57732056723 	1.47217755094e-18
0.273 	0.0995815899582 	-4.16035157616e-19 	0.0386656460373 	0.000238841770947 	139.282152442 	-344.788509411 	43.4992331034 	-4.50319486648 	-4.17109222427e-18
0.273 	0.101046025105 	3.38926565487e-19 	0.0382779098473 	0.000248721052846 	135.370090657 	-341.451040152 	43.4342990636 	-4.35593132752 	2.9970306468e-18
0.273 	0.102510460251 	4.04838958867e-19 	0.0380938815058 	0.000254101872814 	133.532414293 	-339.764374937 	43.4011609409 	-4.28281457806 	-2.34561078991e-18
0.273 	0.103974895397 	7.0147044324e-19 	0.0377439315452 	0.000268358629997 	130.08466775 	-336.357739152 	43.3336076984 	-4.13766415447 	3.787459348e-18
0.273 	0.105439330544 	2.45710182131e-18 	0.0375774394806 	0.000274785860841 	128.471572464 	-334.638964434 	43.2992236801 	-4.06565170758 	-8.37865788415e-19
0.273 	0.10690376569 	-1.25785794472e-19 	0.0374162419777 	0.000281587796287 	126.929088726 	-332.910624738 	43.2644467529 	-3.9940237808 	-1.67336788159e-19
0.273 	0.108368200837 	9.67749138914e-19 	0.0371087435202 	0.00029647880124 	124.050104521 	-329.427728224 	43.1937823078 	-3.85196281168 	8.39870608711e-19
0.273 	0.109832635983 	7.69689356573e-19 	0.036961998714 	0.000301211422791 	122.711145452 	-327.674201841 	43.1579487924 	-3.78156293552 	4.48686595411e-19
0.273 	0.11129707113 	-9.41847670247e-20 	0.036819665756 	0.000303177542117 	121.445887776 	-325.913430778 	43.1218081427 	-3.71160234351 	-1.60892864259e-18
0.273 	0.112761506276 	-1.2292906596e-18 	0.0365475171505 	0.000306778038324 	119.133420861 	-322.373136662 	43.0486460097 	-3.57298495631 	2.35366274797e-18
0.273 	0.114225941423 	-6.63063759508e-19 	0.0364174395155 	0.000308391481765 	118.088344422 	-320.594766776 	43.0116621496 	-3.50434806433 	-2.40844966519e-18
0.273 	0.115690376569 	-7.05059348637e-19 	0.036291236871 	0.000309865361064 	117.119373222 	-318.811787235 	42.9744378857 	-3.43616960696 	-1.84804298711e-18
0.273 	0.117154811715 	-1.46278042637e-18 	0.0361688945771 	0.000311184398559 	116.229781263 	-317.02485904 	42.9369986653 	-3.36845731557 	1.02210667749e-19
0.273 	0.118619246862 	-1.45828682193e-18 	0.035936319674 	0.000313257930938 	114.717988357 	-313.4417987 	42.8616580931 	-3.23447138747 	-5.90264343845e-19
0.273 	0.120083682008 	-4.26984914408e-19 	0.0358265276753 	0.000313948714975 	114.115860223 	-311.64701161 	42.8239149288 	-3.16821864501 	2.46261380451e-19
0.273 	0.121548117155 	6.06414882171e-19 	0.0357210917355 	0.000314379377847 	113.624156839 	-309.850951104 	42.7861697492 	-3.10246288622 	-3.98389434951e-21
0.273 	0.123012552301 	8.13596271713e-19 	0.0356194912194 	0.000314556946534 	113.237019916 	-308.054307264 	42.7483007304 	-3.0371981633 	-7.60983428627e-19
0.273 	0.124476987448 	1.04758935149e-18 	0.0355207224705 	0.00031451461103 	112.938226794 	-306.257795023 	42.7101187561 	-2.9724211032 	-1.83042271177e-19
0.273 	0.125941422594 	-2.16521706766e-19 	0.0354234927738 	0.000314301037438 	112.705618354 	-304.462147822 	42.6715247013 	-2.90813524378 	1.45935277773e-18
0.273 	0.127405857741 	5.41330841376e-19 	0.0353264823274 	0.000313966226853 	112.516822849 	-302.668105482 	42.6325774265 	-2.84434809976 	-1.27323938483e-18
0.273 	0.128870292887 	3.82660494285e-20 	0.0352285323552 	0.000313551249327 	112.353347119 	-300.876407771 	42.5934187251 	-2.7810673899 	1.4508469198e-18
0.273 	0.130334728033 	1.48055775788e-19 	0.0350165127809 	0.000312533072167 	112.040983497 	-297.303013097 	42.5148714393 	-2.65605102762 	-1.04703345015e-18
0.273 	0.13179916318 	1.4395596544e-18 	0.034879090134 	0.00031184435653 	111.847751623 	-295.522813843 	42.4755529409 	-2.59432530374 	-7.33641332947e-19
0.273 	0.133263598326 	-1.84738749494e-20 	0.0347117467734 	0.000310999489265 	111.613516972 	-293.747955967 	42.4362202424 	-2.53312548446 	2.01695344047e-18
0.273 	0.134728033473 	-4.53021229218e-19 	0.0345100704656 	0.000309977818469 	111.330774041 	-291.979202568 	42.3968904229 	-2.47245367018 	-2.53500943472e-18
0.273 	0.136192468619 	-1.27788201923e-18 	0.0342698064543 	0.000308757591391 	110.992595518 	-290.21732388 	42.3575851331 	-2.41231150286 	1.90638898392e-18
0.273 	0.137656903766 	7.85571146759e-19 	0.0339878757505 	0.000307321760117 	110.593782027 	-288.463095571 	42.3183262344 	-2.35270026419 	-6.62801500418e-19
0.273 	0.139121338912 	3.33674662526e-19 	0.0336632882406 	0.000305662951651 	110.132052507 	-286.717298422 	42.2791339706 	-2.29362079317 	-3.26166805167e-20
0.273 	0.140585774059 	7.14444857888e-19 	0.0332975164805 	0.00030378568779 	109.608575449 	-284.980718466 	42.2400271125 	-2.23507343835 	6.71485508967e-19
0.273 	0.142050209205 	6.22502338169e-19 	0.032894348718 	0.000301706027735 	109.027814144 	-283.254147012 	42.2010238648 	-2.17705807572 	1.06276310781e-18
0.273 	0.143514644351 	-5.36295666513e-19 	0.0324594529245 	0.000299449764932 	108.396989164 	-281.538380875 	42.1621427478 	-2.11957412536 	-6.43069830588e-19
0.273 	0.144979079498 	8.52681077676e-19 	0.0324594529245 	0.000299449764932 	108.396989164 	-281.538380875 	42.1621427478 	-2.11957412536 	-6.43069830588e-19
0.273 	0.146443514644 	-5.68073746119e-19 	0.0319998690748 	0.000297050223345 	107.725450311 	-279.834222597 	42.1234030816 	-2.06262056719 	-1.93793275788e-18
0.273 	0.147907949791 	2.98708745096e-19 	0.0315234943106 	0.000294545954763 	107.024027323 	-278.142480628 	42.0848252121 	-2.00619596278 	9.96141594389e-19
0.273 	0.149372384937 	-3.24268755508e-19 	0.0310385102238 	0.00029197804886 	106.304259327 	-276.46396954 	42.0464307514 	-1.9502984688 	-1.27852742067e-18
0.273 	0.150836820084 	7.74452507906e-19 	0.030552725003 	0.000289386855394 	105.57744567 	-274.799510255 	42.0082427697 	-1.89492582781 	2.03408115428e-18
0.273 	0.15230125523 	8.73672728505e-20 	0.0300729195702 	0.000286808515473 	104.853649553 	-273.149930316 	41.9702856254 	-1.84007534058 	-8.21079734641e-19
0.273 	0.153765690377 	-8.89288207041e-19 	0.0296043696502 	0.00028427219437 	104.140926325 	-271.516064187 	41.9325843555 	-1.78574383627 	8.22905275779e-19
0.273 	0.155230125523 	-2.17956787099e-19 	0.0291506794791 	0.000281798817423 	103.445002877 	-269.898753541 	41.8951639478 	-1.73192765204 	3.0998211246e-19
0.273 	0.156694560669 	1.23776788171e-19 	0.028713933064 	0.00027940148261 	102.769436997 	-268.298847528 	41.8580489134 	-1.67862262118 	-1.29176632996e-18
0.273 	0.158158995816 	9.56428908846e-21 	0.028713933064 	0.00027940148261 	102.769436997 	-268.298847528 	41.8580489134 	-1.67862262118 	-1.29176632996e-18
0.273 	0.159623430962 	1.78774614414e-18 	0.0282950462803 	0.000277087046153 	102.11609194 	-266.717203015 	41.8212632956 	-1.62582406457 	-2.67271466932e-19
0.273 	0.161087866109 	-1.03117341057e-18 	0.0278941648232 	0.000274858093966 	101.485695475 	-265.154684859 	41.7848309371 	-1.57352678234 	-7.21139710828e-19
0.273 	0.162552301255 	1.02889347177e-18 	0.0275109963534 	0.000272714673613 	100.878313546 	-263.612166217 	41.748775749 	-1.52172504688 	8.18347715658e-19
0.273 	0.164016736402 	7.85155996691e-19 	0.0271450360227 	0.000270655515304 	100.293674017 	-262.090528956 	41.7131218634 	-1.47041259714 	1.45464599778e-18
0.273 	0.165481171548 	-2.67839958168e-19 	0.0271450360227 	0.000270655515304 	100.293674017 	-262.090528956 	41.7131218634 	-1.47041259714 	1.45464599778e-18
0.273 	0.166945606695 	-2.68122847254e-19 	0.026795696316 	0.000268678758231 	99.7313538758 	-260.590664133 	41.6778936836 	-1.4195826318 	3.81122136131e-19
0.273 	0.168410041841 	6.85003377596e-19 	0.0264623718499 	0.000266782325353 	99.190873364 	-259.113472558 	41.6431158947 	-1.36922780101 	-1.75276312943e-18
0.273 	0.169874476987 	6.79789074027e-19 	0.026144467697 	0.000264964094403 	98.6717379798 	-257.659865427 	41.6088134716 	-1.3193401956 	-9.68619382862e-20
0.273 	0.171338912134 	4.53759680161e-21 	0.0258414101529 	0.000263221967974 	98.173455475 	-256.230765027 	41.5750116905 	-1.26991133584 	1.54983481915e-18
0.273 	0.17280334728 	1.400207392e-19 	0.0258414101529 	0.000263221967974 	98.173455475 	-256.230765027 	41.5750116905 	-1.26991133584 	1.54983481915e-18
0.273 	0.174267782427 	-5.09048631317e-19 	0.0255526500872 	0.000261553899871 	97.6955422947 	-254.827105506 	41.5417361447 	-1.22093215848 	-1.25062365115e-18
0.273 	0.175732217573 	1.73021222712e-19 	0.0252776635082 	0.000259957904562 	97.2375260171 	-253.449833729 	41.509012761 	-1.17239300437 	4.28492823274e-19
0.273 	0.17719665272 	-5.79238142322e-19 	0.0252776635082 	0.000259957904562 	97.2375260171 	-253.449833729 	41.509012761 	-1.17239300437 	4.28492823274e-19
0.273 	0.178661087866 	-1.16040585493e-18 	0.0250159511921 	0.00025843206074 	96.7989463867 	-252.099910178 	41.4768678162 	-1.1242836025 	-6.05100638307e-19
0.273 	0.180125523013 	3.43812517304e-19 	0.024767038054 	0.000256974513088 	96.3793558992 	-250.778309989 	41.4453279559 	-1.07659305769 	8.94563579361e-19
0.273 	0.181589958159 	2.12591548906e-19 	0.0245304724611 	0.00025558347344 	95.9783202371 	-249.486023965 	41.4144202153 	-1.02930982873 	-9.80795831483e-19
0.273 	0.183054393305 	2.69768678092e-19 	0.0245304724611 	0.00025558347344 	95.9783202371 	-249.486023965 	41.4144202153 	-1.02930982873 	-9.80795831483e-19
0.273 	0.184518828452 	-8.55395375285e-19 	0.02430582559 	0.000254257221836 	95.5954187436 	-248.224059865 	41.3841720417 	-0.982421719885 	5.27777743005e-19
0.273 	0.185983263598 	5.90996162648e-19 	0.0240926908083 	0.000252994107198 	95.2302449854 	-246.993443471 	41.3546113217 	-0.935915845514 	-1.25024791494e-19
0.273 	0.187447698745 	6.49897792937e-19 	0.0240926908083 	0.000252994107198 	95.2302449854 	-246.993443471 	41.3546113217 	-0.935915845514 	-1.25024791494e-19
0.273 	0.188912133891 	1.071891783e-18 	0.0238906831145 	0.00025179253536 	94.8824121426 	-245.795220268 	41.3257664089 	-0.889778636799 	3.66443927419e-19
0.273 	0.190376569038 	5.99504380905e-19 	0.0236994386393 	0.000250650999696 	94.5515424556 	-244.630456391 	41.2976661585 	-0.843995773323 	3.16541230218e-19
0.273 	0.191841004184 	4.8467747645e-19 	0.0236994386393 	0.000250650999696 	94.5515424556 	-244.630456391 	41.2976661585 	-0.843995773323 	3.16541230218e-19
0.273 	0.193305439331 	-6.91441040932e-19 	0.0235186143349 	0.000249568070802 	94.2372726582 	-243.500241036 	41.2703399553 	-0.798552234119 	-5.63356245389e-19
0.273 	0.194769874477 	-7.68621073694e-19 	0.0233478874531 	0.000248542392625 	93.9392560218 	-242.405686818 	41.2438177604 	-0.75343214984 	3.01841060481e-19
0.273 	0.196234309623 	2.23899092977e-20 	0.0233478874531 	0.000248542392625 	93.9392560218 	-242.405686818 	41.2438177604 	-0.75343214984 	3.01841060481e-19
0.273 	0.19769874477 	-8.06782462823e-19 	0.0231869554199 	0.000247572681592 	93.6571647194 	-241.347933659 	41.2181301273 	-0.708618966645 	3.29105487052e-19
0.273 	0.199163179916 	1.81006310166e-19 	0.0230355352656 	0.000246657725948 	93.3906901843 	-240.328147557 	41.1933082755 	-0.664095112969 	-1.66125330639e-19
0.273 	0.200627615063 	5.966036551e-19 	0.0230355352656 	0.000246657725948 	93.3906901843 	-240.328147557 	41.1933082755 	-0.664095112969 	-1.66125330639e-19
0.273 	0.202092050209 	8.95757452544e-19 	0.0228933639039 	0.000245796391515 	93.1395443307 	-239.34752752 	41.169384073 	-0.619842437252 	2.74391767856e-19
0.273 	0.203556485356 	1.57433305324e-18 	0.0227601972937 	0.000244987620666 	92.9034586804 	-238.407300434 	41.1463901778 	-0.575841443335 	-6.63302330916e-19
0.273 	0.205020920502 	1.08303206407e-19 	0.0227601972937 	0.000244987620666 	92.9034586804 	-238.407300434 	41.1463901778 	-0.575841443335 	-6.63302330916e-19
0.273 	0.206485355649 	-9.89546452524e-19 	0.0226358114565 	0.000244230441691 	92.6821869534 	-237.508734366 	41.1243599363 	-0.532072356754 	2.28059562705e-19
0.273 	0.207949790795 	-1.75325208571e-19 	0.0226358114565 	0.000244230441691 	92.6821869534 	-237.508734366 	41.1243599363 	-0.532072356754 	2.28059562705e-19
0.273 	0.209414225941 	-3.31240123925e-19 	0.0225200009733 	0.000243523962596 	92.475503163 	-236.65312539 	41.1033276813 	-0.488513434552 	-2.13295250138e-19
0.273 	0.210878661088 	5.51852821974e-20 	0.0224125813373 	0.000242867387577 	92.2832067366 	-235.84182249 	41.0833284117 	-0.445143331376 	-1.24821844387e-19
0.273 	0.212343096234 	4.37930030257e-19 	0.0224125813373 	0.000242867387577 	92.2832067366 	-235.84182249 	41.0833284117 	-0.445143331376 	-1.24821844387e-19
0.273 	0.213807531381 	1.46775355233e-19 	0.0223133860917 	0.000242260001988 	92.1051180906 	-235.076199856 	41.064398441 	-0.401937582889 	2.57273314405e-19
0.273 	0.215271966527 	-3.01059383929e-19 	0.0223133860917 	0.000242260001988 	92.1051180906 	-235.076199856 	41.064398441 	-0.401937582889 	2.57273314405e-19
0.273 	0.216736401674 	-6.95562871265e-19 	0.0222222713251 	0.000241701201268 	91.9410876264 	-234.357700396 	41.0465745595 	-0.358873383512 	-2.82842242707e-19
0.273 	0.21820083682 	-1.21112275025e-19 	0.0221391107454 	0.000241190462978 	91.7909873883 	-233.68778971 	41.0298954823 	-0.315923073037 	5.68347387752e-19
0.273 	0.219665271967 	2.25465748107e-19 	0.0221391107454 	0.000241190462978 	91.7909873883 	-233.68778971 	41.0298954823 	-0.315923073037 	5.68347387752e-19
0.273 	0.221129707113 	-3.23786790925e-19 	0.0220638025662 	0.000240727389771 	91.6547244051 	-233.06801303 	41.0143998198 	-0.273062224567 	-1.55960239554e-19
0.273 	0.222594142259 	-3.6470917006e-20 	0.0220638025662 	0.000240727389771 	91.6547244051 	-233.06801303 	41.0143998198 	-0.273062224567 	-1.55960239554e-19
0.273 	0.224058577406 	2.40285198553e-19 	0.0219962632733 	0.000240311673022 	91.5322297776 	-232.499953411 	41.0001293135 	-0.230259985286 	-2.75844110101e-19
0.273 	0.225523012552 	1.43948320595e-19 	0.0219962632733 	0.000240311673022 	91.5322297776 	-232.499953411 	41.0001293135 	-0.230259985286 	-2.75844110101e-19
0.273 	0.226987447699 	-3.26319947489e-19 	0.0219364347622 	0.000239943136808 	91.4234724692 	-231.985249843 	40.9871241859 	-0.187489201507 	9.7511575203e-20
0.273 	0.228451882845 	-1.0456817818e-19 	0.0218842814882 	0.000239621721488 	91.3284545004 	-231.52566179 	40.9754303762 	-0.144717300493 	-5.74689979894e-20
0.273 	0.229916317992 	4.48422672447e-19 	0.0218842814882 	0.000239621721488 	91.3284545004 	-231.52566179 	40.9754303762 	-0.144717300493 	-5.74689979894e-20
0.273 	0.231380753138 	-1.56582355505e-19 	0.0218397892114 	0.000239347475899 	91.2472092274 	-231.122861027 	40.9650886459 	-0.101910435316 	3.52786472717e-19
0.273 	0.232845188285 	-2.87116437858e-19 	0.0218397892114 	0.000239347475899 	91.2472092274 	-231.122861027 	40.9650886459 	-0.101910435316 	3.52786472717e-19
0.273 	0.234309623431 	-1.53400980131e-19 	0.0218029820916 	0.000239120661573 	91.1798334285 	-230.7789456 	40.9561520119 	-0.0590413201919 	6.04262285996e-20
0.273 	0.235774058577 	-5.03901526034e-19 	0.0218029820916 	0.000239120661573 	91.1798334285 	-230.7789456 	40.9561520119 	-0.0590413201919 	6.04262285996e-20
0.273 	0.237238493724 	-1.08389612743e-18 	0.0217738818761 	0.000238941502745 	91.126412222 	-230.495382283 	40.9486579808 	-0.0160547141734 	-6.7941434439e-19
0.273 	0.23870292887 	2.34687830353e-20 	0.0217738818761 	0.000238941502745 	91.126412222 	-230.495382283 	40.9486579808 	-0.0160547141734 	-6.7941434439e-19
0.273 	0.240167364017 	2.43745251842e-19 	0.0217526022665 	0.000238810761304 	91.0871945123 	-230.27506982 	40.9426737928 	0.0270454916304 	-5.13432558162e-20
0.273 	0.241631799163 	5.68187672253e-19 	0.0217526022665 	0.000238810761304 	91.0871945123 	-230.27506982 	40.9426737928 	0.0270454916304 	-5.13432558162e-20
0.273 	0.24309623431 	3.94694049266e-19 	0.0217391685823 	0.000238728630679 	91.0622597735 	-230.118560466 	40.938223482 	0.0703822984081 	3.85302957954e-19
0.273 	0.244560669456 	9.82803635938e-19 	0.0217391685823 	0.000238728630679 	91.0622597735 	-230.118560466 	40.938223482 	0.0703822984081 	3.85302957954e-19
0.273 	0.246025104603 	2.36236871085e-19 	0.0217338561855 	0.000238696802238 	91.0521464125 	-230.030752217 	40.9354055917 	0.113844160994 	-1.78119638293e-19
0.273 	0.247489539749 	3.5658683911e-19 	0.0217338561855 	0.000238696802238 	91.0521464125 	-230.030752217 	40.9354055917 	0.113844160994 	-1.78119638293e-19
0.273 	0.248953974895 	2.71369861759e-19 	0.0217366044777 	0.000238714877337 	91.0567649582 	-230.009462407 	40.9342053425 	0.157747675111 	-1.13818144113e-20
0.273 	0.250418410042 	1.46704992504e-19 	0.0217366044777 	0.000238714877337 	91.0567649582 	-230.009462407 	40.9342053425 	0.157747675111 	-1.13818144113e-20
0.273 	0.251882845188 	8.29618260779e-19 	0.0217480074868 	0.000238786414024 	91.077239782 	-230.064453232 	40.9347920228 	0.201675269532 	6.48422565531e-20
0.273 	0.253347280335 	2.6642191337e-19 	0.0217480074868 	0.000238786414024 	91.077239782 	-230.064453232 	40.9347920228 	0.201675269532 	6.48422565531e-20
0.273 	0.254811715481 	6.09868657644e-19 	0.0217677248148 	0.00023890919877 	91.1129622753 	-230.18655754 	40.937057054 	0.246444930354 	8.65114097072e-20
0.273 	0.256276150628 	-7.38891749996e-20 	0.0217677248148 	0.00023890919877 	91.1129622753 	-230.18655754 	40.937057054 	0.246444930354 	8.65114097072e-20
0.273 	0.257740585774 	-6.30919384649e-21 	0.0217970230411 	0.000239090754249 	91.1663151073 	-230.396756199 	40.9413242522 	0.290865563051 	-8.28297087813e-20
0.273 	0.259205020921 	1.3599267145e-19 	0.0217970230411 	0.000239090754249 	91.1663151073 	-230.396756199 	40.9413242522 	0.290865563051 	-8.28297087813e-20
0.273 	0.260669456067 	-4.81219058592e-19 	0.0218347414429 	0.000239323694116 	91.2351847298 	-230.669747058 	40.9472656857 	0.336964636995 	6.70679971378e-20
0.273 	0.262133891213 	-5.90876571177e-19 	0.0218347414429 	0.000239323694116 	91.2351847298 	-230.669747058 	40.9472656857 	0.336964636995 	6.70679971378e-20
0.273 	0.26359832636 	-5.02677409162e-19 	0.0218836049691 	0.000239624152923 	91.3247045514 	-231.050872622 	40.9555330534 	0.381736891644 	-3.3283675755e-19
0.273 	0.265062761506 	-6.06509609428e-19 	0.0218836049691 	0.000239624152923 	91.3247045514 	-231.050872622 	40.9555330534 	0.381736891644 	-3.3283675755e-19
0.273 	0.266527196653 	-2.44221970418e-19 	0.0219406372428 	0.000239973344018 	91.4294766053 	-231.480340024 	40.9653416368 	0.429914092079 	4.46077137277e-20
0.273 	0.267991631799 	-2.43847065936e-19 	0.0219406372428 	0.000239973344018 	91.4294766053 	-231.480340024 	40.9653416368 	0.429914092079 	4.46077137277e-20
0.273 	0.269456066946 	4.13112321353e-19 	0.0219406372428 	0.000239973344018 	91.4294766053 	-231.480340024 	40.9653416368 	0.429914092079 	4.46077137277e-20
0.273 	0.270920502092 	7.0178444754e-20 	0.0220113412196 	0.000240403582937 	91.5599549337 	-232.053280984 	40.9780225713 	0.474558506719 	-1.25898541583e-20
0.273 	0.272384937238 	1.03590721533e-18 	0.0220113412196 	0.000240403582937 	91.5599549337 	-232.053280984 	40.9780225713 	0.474558506719 	-1.25898541583e-20
0.273 	0.273849372385 	-5.24312777232e-19 	0.0220887693392 	0.000240870860473 	91.7037839107 	-232.641042689 	40.9918369548 	0.526073312749 	-2.48315443922e-20
0.273 	0.275313807531 	-1.19032304881e-18 	0.0220887693392 	0.000240870860473 	91.7037839107 	-232.641042689 	40.9918369548 	0.526073312749 	-2.48315443922e-20
0.273 	0.276778242678 	8.89899639666e-20 	0.022182572363 	0.000241429542618 	91.8801076389 	-233.434445259 	41.0094759901 	0.56950584336 	5.75124906413e-20
0.273 	0.278242677824 	1.64473545581e-19 	0.022182572363 	0.000241429542618 	91.8801076389 	-233.434445259 	41.0094759901 	0.56950584336 	5.75124906413e-20
0.273 	0.279707112971 	-1.45620979188e-19 	0.0222750037701 	0.000241963494472 	92.0593572131 	-234.176238837 	41.0273398219 	0.626456577796 	-1.21181457673e-20
0.273 	0.281171548117 	-4.52595716548e-19 	0.0222750037701 	0.000241963494472 	92.0593572131 	-234.176238837 	41.0273398219 	0.626456577796 	-1.21181457673e-20
0.273 	0.282635983264 	8.73789417501e-19 	0.0222750037701 	0.000241963494472 	92.0593572131 	-234.176238837 	41.0273398219 	0.626456577796 	-1.21181457673e-20
0.273 	0.28410041841 	-3.89106426455e-19 	0.0223743149606 	0.000242499753846 	92.2653099878 	-235.22946883 	41.0506363227 	0.666605243399 	4.587028693e-20
0.273 	0.285564853556 	-1.60848620919e-19 	0.0223743149606 	0.000242499753846 	92.2653099878 	-235.22946883 	41.0506363227 	0.666605243399 	4.587028693e-20
0.273 	0.287029288703 	-7.21216507872e-20 	0.0224254000696 	0.00024265808502 	92.4156311039 	-236.113030732 	41.0723862668 	0.732353495159 	7.02372865903e-20
0.273 	0.288493723849 	-5.75471552899e-19 	0.0224254000696 	0.00024265808502 	92.4156311039 	-236.113030732 	41.0723862668 	0.732353495159 	7.02372865903e-20
0.273 	0.289958158996 	2.9949061949e-20 	0.0224094311778 	0.000242235733055 	92.5108401438 	-237.479338037 	41.1021288991 	0.765696096434 	-8.66549790533e-20
0.273 	0.291422594142 	-3.90614477564e-19 	0.0224094311778 	0.000242235733055 	92.5108401438 	-237.479338037 	41.1021288991 	0.765696096434 	-8.66549790533e-20
0.273 	0.292887029289 	1.11067202422e-18 	0.0224094311778 	0.000242235733055 	92.5108401438 	-237.479338037 	41.1021288991 	0.765696096434 	-8.66549790533e-20
0.273 	0.294351464435 	3.60601980057e-19 	0.0222086586581 	0.000240447839661 	92.3637271577 	-238.483253137 	41.1276719103 	0.845395694377 	5.74444224912e-20
0.273 	0.295815899582 	6.25759241883e-19 	0.0222086586581 	0.000240447839661 	92.3637271577 	-238.483253137 	41.1276719103 	0.845395694377 	5.74444224912e-20
0.273 	0.297280334728 	-1.91770716007e-19 	0.0219265969925 	0.000237994845719 	92.1305540302 	-240.25612156 	41.1661772069 	0.866231287877 	3.79655744693e-20
0.273 	0.298744769874 	-4.23578949556e-19 	0.0219265969925 	0.000237994845719 	92.1305540302 	-240.25612156 	41.1661772069 	0.866231287877 	3.79655744693e-20
0.273 	0.300209205021 	4.82188888667e-20 	0.0219265969925 	0.000237994845719 	92.1305540302 	-240.25612156 	41.1661772069 	0.866231287877 	3.79655744693e-20
0.273 	0.301673640167 	6.98990941443e-21 	0.0216192161947 	0.000235365861103 	91.8536617561 	-241.347670233 	41.1953279499 	0.967608587755 	-2.17931064431e-20
0.273 	0.303138075314 	3.17777920808e-19 	0.0216192161947 	0.000235365861103 	91.8536617561 	-241.347670233 	41.1953279499 	0.967608587755 	-2.17931064431e-20
0.273 	0.30460251046 	7.42801730815e-19 	0.0214409497238 	0.000232979647985 	92.0292819962 	-243.572973454 	41.2422118913 	0.967947171023 	-3.62027666371e-20
0.273 	0.306066945607 	5.57108601197e-19 	0.0214409497238 	0.000232979647985 	92.0292819962 	-243.572973454 	41.2422118913 	0.967947171023 	-3.62027666371e-20
0.273 	0.307531380753 	2.21235817174e-18 	0.0214409497238 	0.000232979647985 	92.0292819962 	-243.572973454 	41.2422118913 	0.967947171023 	-3.62027666371e-20
0.273 	0.3089958159 	8.78726978344e-19 	0.0214142223855 	0.000205900641076 	92.9472072526 	-244.72893692 	41.2753535415 	1.10104090742 	-9.1316895793e-20
0.273 	0.310460251046 	-4.22479057779e-20 	0.0214142223855 	0.000205900641076 	92.9472072526 	-244.72893692 	41.2753535415 	1.10104090742 	-9.1316895793e-20
0.273 	0.311924686192 	9.22201557598e-20 	0.0214037460184 	0.000195505466601 	94.1281525779 	-247.565831015 	41.3369765761 	1.07038071075 	6.87393306272e-20
0.273 	0.313389121339 	-1.81500118137e-20 	0.0214037460184 	0.000195505466601 	94.1281525779 	-247.565831015 	41.3369765761 	1.07038071075 	6.87393306272e-20
0.273 	0.314853556485 	-5.42760282579e-19 	0.0214037460184 	0.000195505466601 	94.1281525779 	-247.565831015 	41.3369765761 	1.07038071075 	6.87393306272e-20
0.273 	0.316317991632 	4.77240887426e-19 	0.0213643631613 	0.000198689977044 	95.5040447644 	-248.813709803 	41.3874269873 	1.24916116157 	2.27976618716e-21
0.273 	0.317782426778 	7.42640847011e-19 	0.0213643631613 	0.000198689977044 	95.5040447644 	-248.813709803 	41.3874269873 	1.24916116157 	2.27976618716e-21
0.273 	0.319246861925 	-5.3532939005e-19 	0.0213643631613 	0.000198689977044 	95.5040447644 	-248.813709803 	41.3874269873 	1.24916116157 	2.27976618716e-21
0.273 	0.320711297071 	1.28537541333e-19 	0.0210881983562 	0.000216030108813 	95.9053186496 	-252.332735161 	41.4056430709 	1.17506638432 	1.35356697661e-19
0.273 	0.322175732218 	1.40439153627e-18 	0.0210881983562 	0.000216030108813 	95.9053186496 	-252.332735161 	41.4056430709 	1.17506638432 	1.35356697661e-19
0.273 	0.323640167364 	1.55067681949e-19 	0.0211079972075 	0.000217933745822 	96.8551112992 	-253.795567006 	41.3933660972 	1.41308671053 	-2.16934472542e-20
0.273 	0.32510460251 	-8.69418431298e-19 	0.0211079972075 	0.000217933745822 	96.8551112992 	-253.795567006 	41.3933660972 	1.41308671053 	-2.16934472542e-20
0.273 	0.326569037657 	1.40694636693e-18 	0.0211079972075 	0.000217933745822 	96.8551112992 	-253.795567006 	41.3933660972 	1.41308671053 	-2.16934472542e-20
0.273 	0.328033472803 	6.01442853298e-19 	0.0211500182442 	0.000154618727309 	97.4881467763 	-272.711739157 	41.3007626059 	1.03715121458 	3.0179154105e-20
0.273 	0.32949790795 	6.10677166589e-19 	0.0211500182442 	0.000154618727309 	97.4881467763 	-272.711739157 	41.3007626059 	1.03715121458 	3.0179154105e-20
0.273 	0.330962343096 	6.46221911791e-19 	0.0211500182442 	0.000154618727309 	97.4881467763 	-272.711739157 	41.3007626059 	1.03715121458 	3.0179154105e-20
