0.378 	0.00585774058577 	-2.25900017969e-18 	5.32319509476 	0.000318136959572 	16732.4007306 	70.416587643 	9.91319593181 	-2.33898809684 	3.53573457898e-19
0.378 	0.00732217573222 	1.60690151034e-20 	5.63615100245 	0.000558845504843 	9459.89892031 	68.770467612 	15.3658935593 	-3.67067086059 	-2.9018586676e-18
0.378 	0.00878661087866 	-7.50972054461e-19 	3.36343367099 	0.000431033826074 	7397.74109165 	66.9282380295 	18.5810084863 	-4.4109302955 	-4.0652073912e-18
0.378 	0.0102510460251 	-6.85096272385e-18 	0.893298527702 	0.000194493295074 	4592.95281805 	63.7944218999 	21.5411540101 	-5.01445201424 	3.60444159696e-18
0.378 	0.0117154811715 	-2.42906727944e-19 	0.343767537103 	0.000179453046267 	1915.64057704 	58.5921103927 	22.520773653 	-5.21152908972 	-1.38735162646e-19
0.378 	0.013179916318 	1.3512726084e-18 	0.341747788898 	0.000196708153376 	1324.44471145 	55.1973325885 	23.0343524123 	-5.11876247607 	9.91812602141e-19
0.378 	0.0146443514644 	1.55935292371e-18 	0.339202226345 	0.000206796162656 	1126.37622253 	52.2475591164 	23.5827527658 	-5.06884877266 	-2.1072344569e-18
0.378 	0.0161087866109 	3.07656452364e-21 	0.332094191715 	0.000217480592693 	992.683600933 	48.2473078897 	24.2665601691 	-5.00916304769 	1.09014604463e-18
0.378 	0.0175732217573 	-6.81961534316e-19 	0.325191346599 	0.000228441735582 	917.109732997 	44.7898015474 	24.8231031328 	-4.96694329235 	-8.82570549023e-19
0.378 	0.0190376569038 	-1.67269057367e-18 	0.319081580521 	0.000243306389932 	855.363350227 	41.0972433671 	25.388804599 	-4.92813789204 	-2.33532581084e-18
0.378 	0.0205020920502 	1.2780902617e-18 	0.31650920136 	0.000256918111236 	819.353168748 	38.1706027107 	25.8180453607 	-4.9005253557 	-5.89521476628e-19
0.378 	0.0219665271967 	-2.74665018199e-18 	0.318058201981 	0.00027448406951 	789.798946908 	34.0514611627 	26.4168351139 	-4.86930193717 	-3.21477505714e-19
0.378 	0.0234309623431 	1.51909739726e-18 	0.322015746547 	0.000288373494494 	775.979673955 	30.7891723745 	26.9075557061 	-4.85509798273 	-3.26888478629e-20
0.378 	0.0248953974895 	-6.07601879195e-19 	0.32529922805 	0.000308900971223 	750.734531306 	26.1896467802 	27.6220301232 	-4.85263358204 	-5.20807820345e-19
0.378 	0.026359832636 	-2.31591182176e-18 	0.322347593289 	0.000326890404706 	718.469440317 	22.5398882309 	28.1844553776 	-4.86371039686 	-1.78361623508e-19
0.378 	0.0278242677824 	-4.43652360755e-19 	0.312822193304 	0.000346780781335 	672.253804378 	18.7126909628 	28.7430638671 	-4.88557653407 	3.69473523677e-19
0.378 	0.0292887029289 	-4.91662085053e-19 	0.298880236941 	0.000371984847516 	617.828605094 	14.7141023519 	29.2652768352 	-4.91403785424 	2.18501654396e-20
0.378 	0.0307531380753 	-1.81620902917e-18 	0.289669361535 	0.00039229307606 	583.012401174 	11.9605636121 	29.5832948457 	-4.93349387261 	2.85488108041e-20
0.378 	0.0322175732218 	-1.85183140709e-18 	0.279002591773 	0.000429285933078 	540.082706469 	7.71218191497 	30.015537091 	-4.95982437642 	-9.6002233696e-20
0.378 	0.0336820083682 	-1.15163191118e-19 	0.273272180292 	0.000467547257275 	510.512773151 	3.33600632054 	30.4092632607 	-4.98183367792 	2.67492974862e-20
0.378 	0.0351464435146 	-1.15979796344e-18 	0.27146209239 	0.000492508686633 	496.133891574 	0.352784021501 	30.6627495941 	-4.99488872385 	1.48828561387e-20
0.378 	0.0366108786611 	-1.84602096795e-18 	0.269985604544 	0.000539308433131 	478.214133507 	-4.21482673622 	31.0355321349 	-5.01227328513 	-3.81903738112e-20
0.378 	0.0380753138075 	1.16287496826e-18 	0.269362924759 	0.000576029375927 	467.620118029 	-7.31838561176 	31.2764107491 	-5.02183089113 	8.93493720153e-20
0.378 	0.039539748954 	-2.60526537685e-19 	0.26866473103 	0.000586645387158 	457.967857433 	-10.469675737 	31.5091556485 	-5.02916002329 	-4.30513894513e-20
0.378 	0.0410041841004 	-9.12839154261e-19 	0.267471888754 	0.000600964169841 	445.071274091 	-15.2771575235 	31.8456677312 	-5.03590655045 	1.06302208644e-19
0.378 	0.0424686192469 	-1.87897731572e-18 	0.266638266767 	0.00060968984675 	437.334274448 	-18.5314125538 	32.0625115814 	-5.03750621266 	-2.80563635369e-19
0.378 	0.0439330543933 	-2.05247793122e-18 	0.265808570307 	0.000617923138587 	430.164455267 	-21.8222522351 	32.2736705732 	-5.03658926776 	-3.68134130951e-19
0.378 	0.0453974895397 	-6.1118620061e-19 	0.265034993229 	0.000625827429021 	423.495329445 	-25.146621781 	32.479346714 	-5.03307233274 	2.79803825287e-19
0.378 	0.0468619246862 	-1.61087070414e-19 	0.264359652885 	0.000633561863784 	417.259415373 	-28.501075339 	32.679851651 	-5.02690257612 	-5.20818819232e-19
0.378 	0.0483263598326 	1.02532231066e-20 	0.263805016469 	0.000641254586896 	411.388895861 	-31.8829622269 	32.8754214762 	-5.01795694653 	5.86804612298e-20
0.378 	0.0497907949791 	-1.35141902141e-19 	0.263388191522 	0.000649010108142 	405.830646115 	-35.2891094421 	33.0661871762 	-5.00615544885 	2.93407100257e-19
0.378 	0.0512552301255 	-1.70957739189e-18 	0.263115927396 	0.000656905859792 	400.538255938 	-38.7160462298 	33.2523117334 	-4.99143599284 	-5.24337351805e-19
0.378 	0.052719665272 	-5.99318288681e-19 	0.262975822779 	0.000664986016153 	395.460680963 	-42.1605986345 	33.4339942352 	-4.97371880555 	5.04910724818e-19
0.378 	0.0541841004184 	4.43008756176e-20 	0.262946204231 	0.000669100729344 	392.984483052 	-43.8884937106 	33.5232287698 	-4.96371166645 	-4.66969579713e-19
0.378 	0.0556485355649 	4.92531648867e-19 	0.2629413978 	0.000677478074857 	388.117944415 	-47.3531936298 	33.6985896885 	-4.94137081919 	2.98175883446e-19
0.378 	0.0571129707113 	-5.4875572108e-19 	0.262971265435 	0.000686042074097 	383.316527315 	-50.8267730869 	33.8699918967 	-4.91588039145 	2.10635624046e-19
0.378 	0.0585774058577 	-6.03469055916e-19 	0.263006023381 	0.000694781533104 	378.544925059 	-54.3058574382 	34.0378686646 	-4.88718805034 	-7.51788662784e-19
0.378 	0.0600418410042 	-5.16397635239e-19 	0.263027346496 	0.000699215826099 	376.174761323 	-56.0463724471 	34.1207821809 	-4.87164360489 	-4.08235246018e-19
0.378 	0.0615062761506 	-8.55733726291e-19 	0.263100979965 	0.000708188879938 	371.512441692 	-59.5272071942 	34.2858715379 	-4.83824591055 	7.23509684484e-20
0.378 	0.0629707112971 	-1.89300985968e-18 	0.263153265328 	0.000712681773648 	369.243714458 	-61.2667596572 	34.3689244921 	-4.82047083558 	-6.61278455476e-19
0.378 	0.0644351464435 	-7.52017169448e-19 	0.263199135387 	0.000721373993448 	364.858087174 	-64.7425815304 	34.5388534651 	-4.78305147905 	2.42581812891e-19
0.378 	0.06589958159 	-8.85012272026e-19 	0.263109197646 	0.000725360377909 	362.72893538 	-66.478384508 	34.6267410245 	-4.76351660123 	2.18582506186e-19
0.378 	0.0673640167364 	-8.68831094352e-19 	0.262434101605 	0.000731968851244 	358.531788831 	-69.9448253396 	34.8093792519 	-4.72291559659 	-4.70978726176e-19
0.378 	0.0688284518828 	9.73004582689e-19 	0.261762612981 	0.000734369889013 	356.445187768 	-71.6750879529 	34.9037702517 	-4.70181355849 	-1.34517861745e-20
0.378 	0.0702928870293 	1.40064233118e-18 	0.259679593645 	0.000737081954569 	352.307626087 	-75.1285084271 	35.0966240477 	-4.65779177499 	-9.01537947474e-20
0.378 	0.0717573221757 	-5.54665040113e-20 	0.258287681955 	0.000737384095277 	350.275634651 	-76.8510620622 	35.1942065173 	-4.63478605797 	-8.04332521554e-19
0.378 	0.0732217573222 	3.32313096539e-19 	0.254887374526 	0.000735997933803 	346.315339785 	-80.2860784402 	35.3898412645 	-4.58664021075 	5.74940956291e-19
0.378 	0.0746861924686 	9.1411595541e-19 	0.252912313814 	0.000734386254903 	344.385957833 	-81.9977214693 	35.4871773127 	-4.56146166966 	3.00705270555e-21
0.378 	0.0761506276151 	-7.74409330834e-19 	0.2507808445 	0.000732233223853 	342.487661486 	-83.7048497034 	35.5836483273 	-4.53552094477 	-1.41896155317e-18
0.378 	0.0776150627615 	-1.25072989143e-18 	0.24617022169 	0.00072660979245 	338.792876518 	-87.103530833 	35.7722942751 	-4.48127076673 	-7.14889479738e-19
0.378 	0.0790794979079 	-1.12585997628e-18 	0.243765419907 	0.000723319846897 	337.009168148 	-88.7939762315 	35.8638034153 	-4.45292569079 	6.28007100918e-19
0.378 	0.0805439330544 	2.56815594372e-20 	0.241343649828 	0.000719831368927 	335.278039061 	-90.4777114946 	35.953231695 	-4.42375273367 	2.64788168527e-20
0.378 	0.0820083682008 	-7.0289960257e-20 	0.236556811076 	0.000712543865458 	331.98912031 	-93.8226955622 	36.1262282611 	-4.36292099709 	2.80208734002e-19
0.378 	0.0834728033473 	1.58266069573e-19 	0.234220840775 	0.000708839533802 	330.428580244 	-95.4828048805 	36.2102996158 	-4.33127561731 	9.42702626977e-19
0.378 	0.0849372384937 	1.32520835038e-18 	0.231927733073 	0.000705127773921 	328.915895318 	-97.1339388919 	36.2931788037 	-4.2988250398 	-7.17174429641e-19
0.378 	0.0864016736402 	2.31178861809e-18 	0.229673800574 	0.000701417253853 	327.442473524 	-98.775589897 	36.3751607889 	-4.26558048236 	2.05882068395e-19
0.378 	0.0878661087866 	-6.28177564855e-19 	0.227453677382 	0.000697710829466 	325.999924003 	-100.407272974 	36.4564673852 	-4.23155079873 	2.15501735152e-19
0.378 	0.0893305439331 	-3.1297594754e-19 	0.22310061429 	0.000690321797916 	323.183499294 	-103.63887806 	36.6175091991 	-4.16115406919 	-1.17525308927e-18
0.378 	0.0907949790795 	7.1463873404e-19 	0.220967545229 	0.000686652299974 	321.804128869 	-105.237897886 	36.6973020089 	-4.12478836276 	6.69946112076e-19
0.378 	0.0922594142259 	-1.08202054985e-18 	0.218867379198 	0.000683012924166 	320.443979103 	-106.825137331 	36.7765897673 	-4.08764240744 	-9.24230202021e-19
0.378 	0.0937238493724 	-1.06264155633e-18 	0.216804375174 	0.000679414875938 	319.104545473 	-108.40015557 	36.8553496741 	-4.04971418183 	1.08264845699e-18
0.378 	0.0951882845188 	-3.11514229132e-19 	0.214782496439 	0.00067586819697 	317.787547043 	-109.962514466 	36.9335659084 	-4.01100201605 	3.29940910433e-19
0.378 	0.0966527196653 	-3.66213777306e-19 	0.212804808354 	0.000672380850364 	316.494451379 	-111.511781023 	37.0112296895 	-3.97150469293 	-2.05473388156e-19
0.378 	0.0981171548117 	-6.96744055624e-19 	0.210873351331 	0.000668958591088 	315.226314662 	-113.047528836 	37.0883354652 	-3.93122136397 	-8.1493256626e-20
0.378 	0.0995815899582 	6.56013061494e-20 	0.208989295952 	0.000665605312825 	313.983815822 	-114.569338016 	37.1648774611 	-3.89015146823 	-4.48583606061e-19
0.378 	0.101046025105 	-8.20162591161e-20 	0.207153180758 	0.000662323532964 	312.76735681 	-116.076795342 	37.2408482019 	-3.84829469339 	-3.18291548746e-19
0.378 	0.102510460251 	-8.79056939776e-19 	0.205365117648 	0.000659114813433 	311.577153877 	-117.569495101 	37.3162385864 	-3.80565096459 	1.63886229151e-19
0.378 	0.103974895397 	1.45362641591e-19 	0.203624934038 	0.000655980060054 	310.413298267 	-119.047039789 	37.3910385097 	-3.76222045952 	9.19307021886e-19
0.378 	0.105439330544 	2.67726616304e-19 	0.201932263597 	0.000652919719816 	309.275792212 	-120.509040546 	37.4652373866 	-3.71800362394 	-1.05396322995e-18
0.378 	0.10690376569 	-4.42576087639e-19 	0.200286604527 	0.000649933910378 	308.16457078 	-121.955117664 	37.5388244247 	-3.67300117759 	1.42773565189e-19
0.378 	0.108368200837 	-9.96753099695e-19 	0.198687357935 	0.000647022505925 	307.079515961 	-123.384901187 	37.6117887224 	-3.6272141145 	1.33258465341e-19
0.378 	0.109832635983 	-1.23867931729e-18 	0.197133852993 	0.000644185193413 	306.020465868 	-124.798031524 	37.6841192823 	-3.58064371189 	-2.42354560369e-19
0.378 	0.11129707113 	1.10173556626e-19 	0.195625363188 	0.00064142150869 	304.987220631 	-126.194160049 	37.7558049853 	-3.53329154928 	4.55074486567e-19
0.378 	0.112761506276 	-3.41788985029e-19 	0.194161117093 	0.000638730860186 	303.97954631 	-127.572949712 	37.8268345379 	-3.4851595379 	1.89003859818e-19
0.378 	0.114225941423 	-1.73050238152e-18 	0.19274030633 	0.000636112546086 	302.997177961 	-128.934075655 	37.8971964 	-3.43624995679 	-4.78888705265e-19
0.378 	0.115690376569 	-4.10190576564e-19 	0.191362092754 	0.000633565769329 	302.039822884 	-130.277225858 	37.9668786954 	-3.38656548898 	4.5248035046e-19
0.378 	0.117154811715 	5.01552544396e-19 	0.190025615916 	0.000631089652658 	301.107164593 	-131.602101765 	38.0358691246 	-3.33610925025 	-3.14817785997e-19
0.378 	0.118619246862 	-1.24152710475e-19 	0.188730000675 	0.000628683253654 	300.19886736 	-132.908418922 	38.1041549116 	-3.28488480628 	-9.6953268946e-20
0.378 	0.120083682008 	4.58497622434e-20 	0.187474363749 	0.00062634557763 	299.314580392 	-134.195907611 	38.1717228196 	-3.23289617725 	-2.49837130174e-21
0.378 	0.121548117155 	1.0245057626e-18 	0.18625781787 	0.000624075586022 	298.453940583 	-135.464313457 	38.2385592428 	-3.18014783932 	1.59746904106e-19
0.378 	0.123012552301 	8.16695801815e-19 	0.18625781787 	0.000624075586022 	298.453940583 	-135.464313457 	38.2385592428 	-3.18014783932 	1.59746904106e-19
0.378 	0.124476987448 	-2.49218870561e-19 	0.185079473302 	0.000621872199885 	297.616573527 	-136.713398059 	38.3046503411 	-3.12664472453 	-2.24837538787e-19
0.378 	0.125941422594 	-9.21530189454e-20 	0.183938437831 	0.000619734300608 	296.802093495 	-137.942939581 	38.3699821637 	-3.0723922251 	3.66476115163e-20
0.378 	0.127405857741 	1.73053001893e-18 	0.182833816865 	0.000617660730888 	296.010103478 	-139.152733361 	38.4345407331 	-3.0173961969 	2.40964651243e-19
0.378 	0.128870292887 	-1.23815163444e-19 	0.18176471454 	0.000615650297737 	295.240195949 	-140.342592486 	38.498312093 	-2.96166296074 	1.61538917283e-19
0.378 	0.130334728033 	-4.00104272151e-19 	0.180730235744 	0.000613701777296 	294.491954285 	-141.512348387 	38.5612823451 	-2.90519929838 	-4.56048908053e-19
0.378 	0.13179916318 	-7.82313375137e-19 	0.180730235744 	0.000613701777296 	294.491954285 	-141.512348387 	38.5612823451 	-2.90519929838 	-4.56048908053e-19
0.378 	0.133263598326 	8.05901648496e-19 	0.179729488442 	0.000611813920351 	293.764954446 	-142.661851399 	38.6234376899 	-2.84801244453 	-1.32701686813e-19
0.378 	0.134728033473 	3.03378633422e-19 	0.178761585864 	0.000609985457657 	293.058766598 	-143.790971329 	38.6847644746 	-2.79011007643 	2.403812346e-19
0.378 	0.136192468619 	6.80955414894e-19 	0.177825648497 	0.000608215104912 	292.372956642 	-144.899598 	38.7452492406 	-2.73150030033 	-2.34898951672e-19
0.378 	0.137656903766 	9.85584832996e-19 	0.176920805951 	0.000606501567534 	291.7070877 	-145.987641765 	38.8048787698 	-2.67219163641 	3.46082469548e-19
0.378 	0.139121338912 	1.56424402966e-18 	0.176920805951 	0.000606501567534 	291.7070877 	-145.987641765 	38.8048787698 	-2.67219163641 	3.46082469548e-19
0.378 	0.140585774059 	-5.42499786932e-19 	0.176046198756 	0.000604843545302 	291.060721609 	-147.055034018 	38.8636401303 	-2.61219299912 	-2.27203538018e-19
0.378 	0.142050209205 	2.88432190088e-20 	0.175200979984 	0.000603239736654 	290.433420311 	-148.10172765 	38.9215207263 	-2.55151367422 	5.60105817152e-19
0.378 	0.143514644351 	8.6536407363e-20 	0.174384316596 	0.000601688842455 	289.824747098 	-149.127697517 	38.9785083507 	-2.49016329199 	-5.63236232041e-19
0.378 	0.144979079498 	-4.85993391742e-19 	0.173595390506 	0.00060018956921 	289.234267658 	-150.132940856 	39.0345912401 	-2.4281517978 	5.11216947606e-19
0.378 	0.146443514644 	6.66878872366e-19 	0.173595390506 	0.00060018956921 	289.234267658 	-150.132940856 	39.0345912401 	-2.4281517978 	5.11216947606e-19
0.378 	0.147907949791 	-1.17382422207e-18 	0.172833399458 	0.00059874063191 	288.661551007 	-151.11747769 	39.0897581248 	-2.36548942018 	-2.94387063592e-20
0.378 	0.149372384937 	1.58762465384e-18 	0.172097557789 	0.000597340756663 	288.106170339 	-152.081351209 	39.1439982722 	-2.3021866352 	-2.10093004797e-19
0.378 	0.150836820084 	-1.056367393e-18 	0.172097557789 	0.000597340756663 	288.106170339 	-152.081351209 	39.1439982722 	-2.3021866352 	-2.10093004797e-19
0.378 	0.15230125523 	2.15266003011e-19 	0.171387097067 	0.000595988683056 	287.567703783 	-153.024628102 	39.1973015245 	-2.23825412639 	-1.63707319536e-19
0.378 	0.153765690377 	-6.48659672603e-20 	0.170701266577 	0.000594683166215 	287.045735065 	-153.94739887 	39.2496583338 	-2.17370274227 	2.95920262872e-19
0.378 	0.155230125523 	-6.71139067914e-19 	0.17003933373 	0.000593422978666 	286.539854106 	-154.849778105 	39.3010597965 	-2.10854345166 	-2.132316534e-19
0.378 	0.156694560669 	-1.01791642861e-18 	0.17003933373 	0.000593422978666 	286.539854106 	-154.849778105 	39.3010597965 	-2.10854345166 	-2.132316534e-19
0.378 	0.158158995816 	6.27487865735e-19 	0.169400584585 	0.000592206912391 	286.049657713 	-155.731904727 	39.351497685 	-2.04278729779 	-2.90900595251e-19
0.378 	0.159623430962 	-8.24982266243e-19 	0.168784324539 	0.000591033781196 	285.574750392 	-156.593942194 	39.4009644736 	-1.9764453474 	2.34823923621e-19
0.378 	0.161087866109 	8.54059338179e-19 	0.168784324539 	0.000591033781196 	285.574750392 	-156.593942194 	39.4009644736 	-1.9764453474 	2.34823923621e-19
0.378 	0.162552301255 	-4.92700341272e-19 	0.168189878997 	0.000589902422984 	285.114745158 	-157.436078674 	39.449453366 	-1.90952863367 	-1.11945627954e-20
0.378 	0.164016736402 	-1.17954270231e-19 	0.167616593657 	0.000588811701207 	284.669264067 	-158.258527183 	39.4969583329 	-1.84204809403 	3.88963277792e-19
0.378 	0.165481171548 	-9.03870659527e-19 	0.167616593657 	0.000588811701207 	284.669264067 	-158.258527183 	39.4969583329 	-1.84204809403 	3.88963277792e-19
0.378 	0.166945606695 	-1.10795121882e-18 	0.16706383436 	0.000587760505095 	284.237938603 	-159.061525691 	39.543474159 	-1.77401450874 	-5.06193025523e-19
0.378 	0.168410041841 	3.73887879402e-19 	0.166530986635 	0.000586747732011 	283.820418127 	-159.845337183 	39.5889964812 	-1.7054384406 	5.89419924356e-19
0.378 	0.169874476987 	-2.17653204796e-20 	0.166530986635 	0.000586747732011 	283.820418127 	-159.845337183 	39.5889964812 	-1.7054384406 	5.89419924356e-19
0.378 	0.171338912134 	3.23944762155e-20 	0.166017455925 	0.000585772327707 	283.416351495 	-160.610249685 	39.6335218024 	-1.63633017472 	-7.51660248109e-20
0.378 	0.17280334728 	-5.98965692269e-19 	0.165522667985 	0.00058483326387 	283.025399222 	-161.356576253 	39.6770474912 	-1.56669965323 	-3.93770949066e-19
0.378 	0.174267782427 	-7.75311494243e-19 	0.165522667985 	0.00058483326387 	283.025399222 	-161.356576253 	39.6770474912 	-1.56669965323 	-3.93770949066e-19
0.378 	0.175732217573 	2.74863164809e-19 	0.165046069187 	0.000583929541233 	282.647233155 	-162.084654917 	39.7195717848 	-1.4965564065 	-2.91025716793e-20
0.378 	0.17719665272 	8.49696181695e-19 	0.165046069187 	0.000583929541233 	282.647233155 	-162.084654917 	39.7195717848 	-1.4965564065 	-2.91025716793e-20
0.378 	0.178661087866 	-1.83298110045e-19 	0.164587126681 	0.000583060191591 	282.281536375 	-162.794848566 	39.7610938016 	-1.42590947957 	5.53058537322e-19
0.378 	0.180125523013 	-2.63477462048e-19 	0.164145328473 	0.000582224279487 	281.928003101 	-163.487544886 	39.8016135543 	-1.35476736742 	-2.40463901969e-19
0.378 	0.181589958159 	-1.93823038558e-19 	0.164145328473 	0.000582224279487 	281.928003101 	-163.487544886 	39.8016135543 	-1.35476736742 	-2.40463901969e-19
0.378 	0.183054393305 	-2.11716582881e-19 	0.163720183459 	0.000581420903432 	281.58633873 	-164.163156045 	39.8411319524 	-1.28313793345 	5.61028194095e-20
0.378 	0.184518828452 	-1.53847409102e-19 	0.163720183459 	0.000581420903432 	281.58633873 	-164.163156045 	39.8411319524 	-1.28313793345 	5.61028194095e-20
0.378 	0.185983263598 	-3.28618784401e-19 	0.163311221573 	0.000580649196689 	281.256260241 	-164.822118622 	39.8796507964 	-1.21102834459 	-2.52919378989e-19
0.378 	0.187447698745 	1.07262125548e-18 	0.162917993795 	0.000579908327259 	280.937496733 	-165.464893311 	39.917172767 	-1.13844499146 	9.74242685467e-20
0.378 	0.188912133891 	-2.32240903597e-20 	0.162917993795 	0.000579908327259 	280.937496733 	-165.464893311 	39.917172767 	-1.13844499146 	9.74242685467e-20
0.378 	0.190376569038 	6.99374208045e-19 	0.162540071948 	0.00057919749722 	280.629789887 	-166.091964503 	39.9537014115 	-1.06539340006 	-8.51808893053e-20
0.378 	0.191841004184 	1.03980332704e-18 	0.162540071948 	0.00057919749722 	280.629789887 	-166.091964503 	39.9537014115 	-1.06539340006 	-8.51808893053e-20
0.378 	0.193305439331 	-7.50874964989e-19 	0.162177048483 	0.000578515942172 	280.332894327 	-166.703840118 	39.9892411359 	-0.991878167903 	9.77835586197e-21
0.378 	0.194769874477 	-7.76667273118e-19 	0.161828536056 	0.000577862930573 	280.046577647 	-167.301051151 	40.023797191 	-0.917902871321 	4.67480856273e-20
0.378 	0.196234309623 	-1.00018759004e-18 	0.161828536056 	0.000577862930573 	280.046577647 	-167.301051151 	40.023797191 	-0.917902871321 	4.67480856273e-20
0.378 	0.19769874477 	8.68869632139e-19 	0.16149416768 	0.000577237764485 	279.770620733 	-167.884151388 	40.0573756409 	-0.843470021947 	-7.25776595978e-20
0.378 	0.199163179916 	9.28213524296e-19 	0.16149416768 	0.000577237764485 	279.770620733 	-167.884151388 	40.0573756409 	-0.843470021947 	-7.25776595978e-20
0.378 	0.200627615063 	4.11054140959e-19 	0.16117359593 	0.000576639778563 	279.504817257 	-168.453716005 	40.0899833296 	-0.768580861843 	2.11519394476e-19
0.378 	0.202092050209 	9.47407147754e-19 	0.16117359593 	0.000576639778563 	279.504817257 	-168.453716005 	40.0899833296 	-0.768580861843 	2.11519394476e-19
0.378 	0.203556485356 	-1.07458516861e-18 	0.16086649618 	0.000576068347036 	279.248976284 	-169.01034475 	40.1216278278 	-0.693235722823 	-8.59713211772e-20
0.378 	0.205020920502 	9.98190639987e-19 	0.16086649618 	0.000576068347036 	279.248976284 	-169.01034475 	40.1216278278 	-0.693235722823 	-8.59713211772e-20
0.378 	0.206485355649 	-5.09549084351e-19 	0.160572558122 	0.000575522867347 	279.00291584 	-169.554649467 	40.1523174635 	-0.617432573473 	1.0536227687e-19
0.378 	0.207949790795 	-1.24389137318e-18 	0.160572558122 	0.000575522867347 	279.00291584 	-169.554649467 	40.1523174635 	-0.617432573473 	1.0536227687e-19
0.378 	0.209414225941 	1.15586573127e-18 	0.160291510033 	0.000575002808692 	278.76648185 	-170.087289545 	40.1820611914 	-0.541170918047 	-1.1973638698e-20
0.378 	0.210878661088 	-1.2446519887e-19 	0.160023056087 	0.00057450758766 	278.539499781 	-170.608868918 	40.2108687872 	-0.464440865426 	3.3435506774e-20
0.378 	0.212343096234 	-1.48979398733e-19 	0.160023056087 	0.00057450758766 	278.539499781 	-170.608868918 	40.2108687872 	-0.464440865426 	3.3435506774e-20
0.378 	0.213807531381 	3.45795952976e-19 	0.159767028324 	0.000574036870771 	278.32189265 	-171.120205873 	40.2387503372 	-0.387250585895 	-1.14823390608e-19
0.378 	0.215271966527 	4.87399816252e-19 	0.159767028324 	0.000574036870771 	278.32189265 	-171.120205873 	40.2387503372 	-0.387250585895 	-1.14823390608e-19
0.378 	0.216736401674 	7.29320880996e-19 	0.159523045773 	0.000573589895613 	278.113416909 	-171.621669244 	40.26571675 	-0.309561321948 	3.47429320014e-20
0.378 	0.21820083682 	-4.28201802266e-19 	0.159523045773 	0.000573589895613 	278.113416909 	-171.621669244 	40.26571675 	-0.309561321948 	3.47429320014e-20
0.378 	0.219665271967 	-1.79523208153e-19 	0.159291222556 	0.000573166882154 	277.914212275 	-172.114683144 	40.2917795458 	-0.231428928934 	1.89176872123e-19
0.378 	0.221129707113 	-7.16605616208e-19 	0.159291222556 	0.000573166882154 	277.914212275 	-172.114683144 	40.2917795458 	-0.231428928934 	1.89176872123e-19
0.378 	0.222594142259 	-9.95749212175e-20 	0.159070811993 	0.000572766328015 	277.723749133 	-172.598569138 	40.3169486816 	-0.152718506858 	-6.80855988514e-20
0.378 	0.224058577406 	-1.35861660093e-20 	0.159070811993 	0.000572766328015 	277.723749133 	-172.598569138 	40.3169486816 	-0.152718506858 	-6.80855988514e-20
0.378 	0.225523012552 	4.14054251922e-19 	0.158862591451 	0.000572389767912 	277.542682202 	-173.076639696 	40.3412417618 	-0.0736331340113 	7.64914164684e-20
0.378 	0.226987447699 	2.0193955212e-19 	0.158862591451 	0.000572389767912 	277.542682202 	-173.076639696 	40.3412417618 	-0.0736331340113 	7.64914164684e-20
0.378 	0.228451882845 	-5.24352997206e-20 	0.158665025587 	0.000572034111395 	277.369867331 	-173.545395197 	40.3646576086 	0.00618582896823 	3.36819556487e-20
0.378 	0.229916317992 	5.37060738613e-19 	0.158665025587 	0.000572034111395 	277.369867331 	-173.545395197 	40.3646576086 	0.00618582896823 	3.36819556487e-20
0.378 	0.231380753138 	3.31089713409e-19 	0.158479921286 	0.000571702938458 	277.206763557 	-174.012086462 	40.3872364947 	0.0862549823427 	4.5207738343e-20
0.378 	0.232845188285 	-1.27182067924e-19 	0.158479921286 	0.000571702938458 	277.206763557 	-174.012086462 	40.3872364947 	0.0862549823427 	4.5207738343e-20
0.378 	0.234309623431 	8.14407412302e-20 	0.15830476712 	0.000571391191544 	277.051465727 	-174.468426745 	40.4089411688 	0.16726730819 	-1.64848282696e-19
0.378 	0.235774058577 	6.84961966452e-19 	0.15830476712 	0.000571391191544 	277.051465727 	-174.468426745 	40.4089411688 	0.16726730819 	-1.64848282696e-19
0.378 	0.237238493724 	6.43562404348e-19 	0.15830476712 	0.000571391191544 	277.051465727 	-174.468426745 	40.4089411688 	0.16726730819 	-1.64848282696e-19
0.378 	0.23870292887 	-3.23273092237e-19 	0.158142441971 	0.000571104574333 	276.906277901 	-174.927234948 	40.4298636923 	0.248381256124 	6.25186618699e-21
0.378 	0.240167364017 	9.74744904879e-19 	0.158142441971 	0.000571104574333 	276.906277901 	-174.927234948 	40.4298636923 	0.248381256124 	6.25186618699e-21
0.378 	0.241631799163 	-3.49309514353e-19 	0.157989278522 	0.000570835695066 	276.76839393 	-175.373686213 	40.4498990686 	0.330718634289 	-1.84803653141e-20
0.378 	0.24309623431 	-6.91246328285e-19 	0.157989278522 	0.000570835695066 	276.76839393 	-175.373686213 	40.4498990686 	0.330718634289 	-1.84803653141e-20
0.378 	0.244560669456 	4.61025235533e-19 	0.15785001749 	0.000570593952525 	276.641588632 	-175.829380583 	40.4692225638 	0.4128582372 	-1.5097166566e-20
0.378 	0.246025104603 	-3.92387737001e-19 	0.15785001749 	0.000570593952525 	276.641588632 	-175.829380583 	40.4692225638 	0.4128582372 	-1.5097166566e-20
0.378 	0.247489539749 	-5.60575227723e-19 	0.157718060757 	0.000570366041026 	276.520776857 	-176.266650742 	40.4876237322 	0.496815006554 	1.78051263428e-20
0.378 	0.248953974895 	2.26525364137e-19 	0.157718060757 	0.000570366041026 	276.520776857 	-176.266650742 	40.4876237322 	0.496815006554 	1.78051263428e-20
0.378 	0.250418410042 	1.3770104652e-20 	0.157602812682 	0.00057017065116 	276.413407743 	-176.72569132 	40.5054165231 	0.57985804845 	9.2041892882e-20
0.378 	0.251882845188 	-6.2808943743e-19 	0.157602812682 	0.00057017065116 	276.413407743 	-176.72569132 	40.5054165231 	0.57985804845 	9.2041892882e-20
0.378 	0.253347280335 	-3.02450508775e-19 	0.157602812682 	0.00057017065116 	276.413407743 	-176.72569132 	40.5054165231 	0.57985804845 	9.2041892882e-20
0.378 	0.254811715481 	8.1333165514e-20 	0.157491356114 	0.000569981728291 	276.309482035 	-177.154094891 	40.52219984 	0.665795684026 	-1.95736749907e-20
0.378 	0.256276150628 	1.2970033138e-19 	0.157491356114 	0.000569981728291 	276.309482035 	-177.154094891 	40.52219984 	0.665795684026 	-1.95736749907e-20
0.378 	0.257740585774 	-5.88361014115e-19 	0.157401314585 	0.000569834322273 	276.222944867 	-177.622513838 	40.5385331962 	0.749637374994 	1.0775539446e-21
0.378 	0.259205020921 	2.7802287662e-20 	0.157401314585 	0.000569834322273 	276.222944867 	-177.622513838 	40.5385331962 	0.749637374994 	1.0775539446e-21
0.378 	0.260669456067 	-6.56150905096e-19 	0.1573094368 	0.000569681499399 	276.135765275 	-178.04207546 	40.5536995272 	0.838010364026 	-1.14099343273e-20
0.378 	0.262133891213 	3.56331553138e-20 	0.1573094368 	0.000569681499399 	276.135765275 	-178.04207546 	40.5536995272 	0.838010364026 	-1.14099343273e-20
0.378 	0.26359832636 	-4.26999537216e-20 	0.1573094368 	0.000569681499399 	276.135765275 	-178.04207546 	40.5536995272 	0.838010364026 	-1.14099343273e-20
0.378 	0.265062761506 	7.75898471352e-19 	0.157247061621 	0.000569585530671 	276.072781265 	-178.528883093 	40.5686595846 	0.92231100677 	-5.89124273622e-20
0.378 	0.266527196653 	4.02171730222e-19 	0.157247061621 	0.000569585530671 	276.072781265 	-178.528883093 	40.5686595846 	0.92231100677 	-5.89124273622e-20
0.378 	0.267991631799 	8.35710093941e-19 	0.157172383524 	0.000569461920251 	276.001569086 	-178.93384663 	40.5821522363 	1.01403199036 	-5.86729552065e-20
0.378 	0.269456066946 	-4.85353331251e-19 	0.157172383524 	0.000569461920251 	276.001569086 	-178.93384663 	40.5821522363 	1.01403199036 	-5.86729552065e-20
0.378 	0.270920502092 	-1.16994466244e-18 	0.157142413352 	0.000569423729058 	275.967448024 	-179.453741403 	40.5958698738 	1.09798608771 	2.70148434079e-20
0.378 	0.272384937238 	-1.99198557975e-19 	0.157142413352 	0.000569423729058 	275.967448024 	-179.453741403 	40.5958698738 	1.09798608771 	2.70148434079e-20
0.378 	0.273849372385 	1.41847229785e-19 	0.157142413352 	0.000569423729058 	275.967448024 	-179.453741403 	40.5958698738 	1.09798608771 	2.70148434079e-20
0.378 	0.275313807531 	8.66584737427e-19 	0.157080723961 	0.000569316104368 	275.911260467 	-179.83513315 	40.6075792164 	1.19441084285 	-1.34818771544e-20
0.378 	0.276778242678 	-3.92254115124e-19 	0.157080723961 	0.000569316104368 	275.911260467 	-179.83513315 	40.6075792164 	1.19441084285 	-1.34818771544e-20
0.378 	0.278242677824 	-2.11109803426e-19 	0.157089581525 	0.000569340701587 	275.914897858 	-180.405158481 	40.6201909369 	1.27679120238 	-1.86621769542e-21
0.378 	0.279707112971 	2.69340032406e-19 	0.157089581525 	0.000569340701587 	275.914897858 	-180.405158481 	40.6201909369 	1.27679120238 	-1.86621769542e-21
0.378 	0.281171548117 	4.06152251816e-19 	0.157089581525 	0.000569340701587 	275.914897858 	-180.405158481 	40.6201909369 	1.27679120238 	-1.86621769542e-21
0.378 	0.282635983264 	2.40499741426e-19 	0.157028538525 	0.0005692115354 	275.870267483 	-180.74900851 	40.629915366 	1.37991663907 	4.52242239108e-20
0.378 	0.28410041841 	-1.6699960563e-19 	0.157028538525 	0.0005692115354 	275.870267483 	-180.74900851 	40.629915366 	1.37991663907 	4.52242239108e-20
0.378 	0.285564853556 	5.91601352432e-19 	0.15707732819 	0.00056927880392 	275.923373765 	-181.391549775 	40.6414109782 	1.45874985459 	-1.18335664625e-19
0.378 	0.287029288703 	3.25253235331e-19 	0.15707732819 	0.00056927880392 	275.923373765 	-181.391549775 	40.6414109782 	1.45874985459 	-1.18335664625e-19
0.378 	0.288493723849 	-5.65123992587e-19 	0.15707732819 	0.00056927880392 	275.923373765 	-181.391549775 	40.6414109782 	1.45874985459 	-1.18335664625e-19
0.378 	0.289958158996 	3.58770320312e-19 	0.156992277792 	0.000569040327598 	275.889546273 	-181.680012013 	40.6498712739 	1.57143404796 	2.06570369966e-20
0.378 	0.291422594142 	2.93969020722e-19 	0.156992277792 	0.000569040327598 	275.889546273 	-181.680012013 	40.6498712739 	1.57143404796 	2.06570369966e-20
0.378 	0.292887029289 	-1.84284215768e-19 	0.157089732801 	0.000569093419939 	276.035053819 	-182.419504349 	40.6628084401 	1.64375396401 	9.91215129238e-20
0.378 	0.294351464435 	-4.90985595105e-19 	0.157089732801 	0.000569093419939 	276.035053819 	-182.419504349 	40.6628084401 	1.64375396401 	9.91215129238e-20
0.378 	0.295815899582 	-4.83067714612e-19 	0.157089732801 	0.000569093419939 	276.035053819 	-182.419504349 	40.6628084401 	1.64375396401 	9.91215129238e-20
0.378 	0.297280334728 	4.3694067993e-19 	0.156931152676 	0.000568503922523 	276.042339303 	-182.633048704 	40.6746018443 	1.76942496665 	-1.78893945985e-19
0.378 	0.298744769874 	5.78149753487e-19 	0.156931152676 	0.000568503922523 	276.042339303 	-182.633048704 	40.6746018443 	1.76942496665 	-1.78893945985e-19
0.378 	0.300209205021 	4.60501537617e-19 	0.156931152676 	0.000568503922523 	276.042339303 	-182.633048704 	40.6746018443 	1.76942496665 	-1.78893945985e-19
0.378 	0.301673640167 	-6.48826256112e-21 	0.156950463202 	0.000567986134151 	276.327983668 	-183.492301511 	40.6922972404 	1.83104721063 	1.18424592636e-19
0.378 	0.303138075314 	-1.62882634381e-19 	0.156950463202 	0.000567986134151 	276.327983668 	-183.492301511 	40.6922972404 	1.83104721063 	1.18424592636e-19
0.378 	0.30460251046 	4.65156726228e-19 	0.156431348155 	0.000565889496112 	276.43444388 	-183.616239112 	40.6903437857 	1.97370685074 	-2.28792712069e-19
0.378 	0.306066945607 	-3.96757160281e-19 	0.156431348155 	0.000565889496112 	276.43444388 	-183.616239112 	40.6903437857 	1.97370685074 	-2.28792712069e-19
0.378 	0.307531380753 	-8.96370992465e-19 	0.156431348155 	0.000565889496112 	276.43444388 	-183.616239112 	40.6903437857 	1.97370685074 	-2.28792712069e-19
0.378 	0.3089958159 	6.13556646078e-20 	0.156273797579 	0.000563476403148 	277.338672402 	-184.605234812 	40.7006493201 	2.02204366388 	-4.03549920774e-20
0.378 	0.310460251046 	-1.09137152668e-19 	0.156273797579 	0.000563476403148 	277.338672402 	-184.605234812 	40.7006493201 	2.02204366388 	-4.03549920774e-20
0.378 	0.311924686192 	-4.64463394843e-19 	0.156273797579 	0.000563476403148 	277.338672402 	-184.605234812 	40.7006493201 	2.02204366388 	-4.03549920774e-20
0.378 	0.313389121339 	-2.82140936939e-19 	0.155380963505 	0.000559307634201 	277.809480871 	-184.642916808 	40.7129287991 	2.18977618221 	1.31277490098e-19
0.378 	0.314853556485 	-5.27296434479e-19 	0.155380963505 	0.000559307634201 	277.809480871 	-184.642916808 	40.7129287991 	2.18977618221 	1.31277490098e-19
0.378 	0.316317991632 	7.36349368008e-19 	0.155380963505 	0.000559307634201 	277.809480871 	-184.642916808 	40.7129287991 	2.18977618221 	1.31277490098e-19
0.378 	0.317782426778 	7.33114527142e-19 	0.155089002393 	0.00055779165476 	278.041094859 	-185.751423782 	40.7553836754 	2.21720488642 	1.2714873041e-19
0.378 	0.319246861925 	-6.02021115859e-19 	0.155089002393 	0.00055779165476 	278.041094859 	-185.751423782 	40.7553836754 	2.21720488642 	1.2714873041e-19
0.378 	0.320711297071 	-1.18972588056e-18 	0.155199453751 	0.000557658795302 	278.305399392 	-185.742567865 	40.9851818681 	2.42050294937 	6.27010844674e-20
0.378 	0.322175732218 	3.14289447927e-19 	0.155199453751 	0.000557658795302 	278.305399392 	-185.742567865 	40.9851818681 	2.42050294937 	6.27010844674e-20
0.378 	0.323640167364 	1.24150097671e-19 	0.155199453751 	0.000557658795302 	278.305399392 	-185.742567865 	40.9851818681 	2.42050294937 	6.27010844674e-20
0.378 	0.32510460251 	1.14246716894e-18 	0.154170705961 	0.000556140931536 	277.21517554 	-186.938850672 	40.8125345532 	2.4267833891 	-5.83287121152e-20
0.378 	0.326569037657 	-5.06384849917e-19 	0.154170705961 	0.000556140931536 	277.21517554 	-186.938850672 	40.8125345532 	2.4267833891 	-5.83287121152e-20
0.378 	0.328033472803 	6.536805145e-19 	0.154170705961 	0.000556140931536 	277.21517554 	-186.938850672 	40.8125345532 	2.4267833891 	-5.83287121152e-20
