0.42 	0 	0 	2.46371080632 	1.9976283054e-05 	123331.79299 	146.637304127 	6.95951211867 	-0.0634090114449 	-3.17746615801e-21
0.42 	0.00146443514644 	4.3213369599e-19 	13.3303329856 	0.00175329334485 	7603.02491579 	144.770508124 	11.9039709545 	-0.589932920997 	1.43536366474e-21
0.42 	0.00292887029289 	3.40005801291e-18 	17.6073508142 	0.0027632334745 	6372.00981268 	144.642441979 	13.7159407977 	-1.22049566845 	2.31126591305e-20
0.42 	0.00439330543933 	3.09718366795e-18 	18.890475965 	0.00282247124398 	6318.46127133 	142.959585067 	16.5454513865 	-1.81285971084 	1.21501867575e-21
0.42 	0.00585774058577 	2.18912369556e-18 	16.9097422716 	0.00258784292162 	6013.01135083 	139.579633843 	19.7598522555 	-2.20013659262 	-1.78227201424e-20
0.42 	0.00732217573222 	4.52902710281e-18 	13.6621619672 	0.00215304633972 	5569.61468859 	136.839401242 	22.4854846711 	-2.67564037841 	1.6490201588e-20
0.42 	0.00878661087866 	2.28983498829e-18 	11.1141166978 	0.0018397917162 	5241.35968349 	135.058192277 	24.2189329551 	-3.20125305659 	1.56190948368e-20
0.42 	0.0102510460251 	-8.84993678157e-19 	6.36960827005 	0.00144278413437 	4347.73902401 	128.762296697 	27.174027388 	-3.43274341326 	-2.92869851279e-20
0.42 	0.0117154811715 	-7.86026990817e-19 	3.4190336703 	0.00097833200318 	3494.7580772 	123.814053301 	28.8745038273 	-3.68791650052 	-4.52276010859e-20
0.42 	0.013179916318 	-4.23368476954e-18 	1.33989352609 	0.000583859715197 	2294.88949351 	118.121870276 	30.0350129057 	-3.85853955424 	-2.42204686511e-20
0.42 	0.0146443514644 	-3.31309996296e-18 	0.580676288853 	0.000412370847433 	1408.14097909 	112.598945645 	30.5189695505 	-4.17415730784 	1.22390925747e-20
0.42 	0.0161087866109 	-6.91190514861e-20 	0.366572611381 	0.000389708142714 	940.633697897 	107.260579496 	30.8405393423 	-3.99292116223 	-2.50655045935e-20
0.42 	0.0175732217573 	-4.01650116106e-19 	0.307645486022 	0.0004068377246 	756.187215246 	101.06423691 	31.0961075199 	-4.25107232836 	3.05309636259e-21
0.42 	0.0190376569038 	-1.55076567876e-18 	0.288323233671 	0.000432353827769 	666.868696777 	95.9497770987 	31.3461636396 	-4.06878813915 	-1.09922910109e-19
0.42 	0.0205020920502 	-1.66533453694e-18 	0.277665876392 	0.000441324683008 	629.164619798 	90.9324736373 	31.5327835175 	-4.29153040604 	2.66520010953e-22
0.42 	0.0219665271967 	-1.53019889063e-18 	0.270681247519 	0.000457305281926 	591.904922635 	85.9987616261 	31.7652507155 	-4.11366447548 	-3.88263339962e-20
0.42 	0.0234309623431 	6.24500451352e-19 	0.263577569576 	0.000461715074753 	570.866285267 	80.6146896373 	31.9574273191 	-4.3142049788 	7.39021218408e-22
0.42 	0.0248953974895 	-2.25589547711e-18 	0.259301885851 	0.000474348932967 	546.647979641 	75.8500678474 	32.171097881 	-4.14044416459 	4.31725938675e-20
0.42 	0.026359832636 	-1.22406891216e-18 	0.254848114995 	0.000482916245968 	527.727358777 	70.7162693389 	32.3679705843 	-4.1470275545 	1.44666359413e-20
0.42 	0.0278242677824 	-1.02022908891e-18 	0.252262889899 	0.000489044288948 	515.828311669 	67.2759125205 	32.496996577 	-4.1489230209 	4.89676371541e-21
0.42 	0.0292887029289 	8.33725167344e-19 	0.2478498692 	0.000494824531164 	500.884361204 	61.3648715522 	32.6916198856 	-4.30934411157 	7.04153065922e-23
0.42 	0.0307531380753 	6.93889390391e-20 	0.245940919034 	0.000502081651843 	489.842475085 	57.8367969663 	32.8190609994 	-4.30217179947 	2.51602285891e-20
0.42 	0.0322175732218 	-8.69031913727e-19 	0.244637482995 	0.000518252238879 	472.043272837 	53.4100466159 	32.996874159 	-4.13695228332 	-9.6611554389e-21
0.42 	0.0336820083682 	-2.74709320959e-19 	0.242238647705 	0.000522540720924 	463.578507866 	49.000343661 	33.1306350483 	-4.2760878304 	5.4605501995e-21
0.42 	0.0351464435146 	2.45481712433e-18 	0.242260042862 	0.000536080365473 	451.909934527 	46.4374559332 	33.2382561798 	-4.11950509678 	-3.10181776533e-20
0.42 	0.0366108786611 	1.78849285455e-18 	0.241379547531 	0.000545859917183 	442.200535215 	42.9465390947 	33.3570853739 	-4.10797976016 	1.70107178944e-20
0.42 	0.0380753138075 	8.57019925576e-19 	0.239275128376 	0.000557168644051 	429.448302468 	36.6247763611 	33.5520917133 	-4.22054913294 	-5.05906076947e-21
0.42 	0.039539748954 	-1.80194630419e-19 	0.239940765898 	0.000572887914965 	418.826719207 	34.2165183561 	33.6492619659 	-4.07111962894 	3.3714369357e-21
0.42 	0.0410041841004 	-3.55705020733e-19 	0.23961881428 	0.000584723704174 	409.798358728 	30.7266155811 	33.7643243225 	-4.05319066673 	4.10749323706e-20
0.42 	0.0424686192469 	-1.29713027039e-18 	0.238294976686 	0.000592588918674 	402.125266228 	26.0479545691 	33.9017742289 	-4.15581301293 	-1.37930982328e-20
0.42 	0.0439330543933 	-1.30442279451e-19 	0.239288672278 	0.000610073336029 	392.229356942 	23.756477974 	33.9916159282 	-4.01192516089 	-1.20094715549e-21
0.42 	0.0453974895397 	-2.83999546037e-20 	0.239254293331 	0.000616742036981 	387.932521191 	22.0166911308 	34.0478771583 	-4.00048643957 	1.33625635677e-20
0.42 	0.0468619246862 	1.08290878873e-19 	0.239221970735 	0.000630447616108 	379.447815525 	18.54124252 	34.1597576551 	-3.97626504945 	-1.2088296091e-20
0.42 	0.0483263598326 	3.40342577183e-19 	0.239217673506 	0.000644611004208 	371.103924606 	15.0720424963 	34.2708055857 	-3.95025172116 	-1.83287791103e-20
0.42 	0.0497907949791 	2.05508688763e-18 	0.238172631783 	0.000654685129835 	363.797222404 	10.2942957747 	34.4095974663 	-4.02967229075 	7.28234826967e-22
0.42 	0.0512552301255 	9.84673874156e-19 	0.238176564696 	0.000669657796791 	355.669068347 	6.81775297365 	34.5200311482 	-3.99692034959 	-6.7974793242e-22
0.42 	0.052719665272 	-1.47251813356e-19 	0.239171109575 	0.00068170532707 	350.842365577 	6.43203418226 	34.5449770904 	-3.87736721012 	-5.03255416575e-21
0.42 	0.0541841004184 	-1.50589406524e-19 	0.239076051622 	0.000697069195152 	342.973198766 	2.99141897704 	34.6533441684 	-3.84506254369 	-2.41174380244e-21
0.42 	0.0556485355649 	-8.11282370764e-19 	0.237957293807 	0.000708320481454 	335.945804247 	-1.82667482031 	34.7926646462 	-3.90747367043 	-7.72603057735e-22
0.42 	0.0571129707113 	-2.66804099446e-18 	0.238781036425 	0.000720470826148 	331.423602122 	-2.15044156089 	34.8145880126 	-3.79321006862 	2.29566470566e-21
0.42 	0.0585774058577 	-1.98595719666e-18 	0.237557427132 	0.000732013675981 	324.52594115 	-6.97759635344 	34.9540255658 	-3.84857039896 	-2.2255710708e-21
0.42 	0.0600418410042 	-2.04676528168e-19 	0.238240554738 	0.000744075428411 	320.183338464 	-7.26692334904 	34.9743213224 	-3.73725352632 	5.67679138e-21
0.42 	0.0615062761506 	-2.12076655033e-19 	0.237711730309 	0.000759784517413 	312.86729969 	-10.6623747052 	35.0799902222 	-3.69764825062 	-3.94869111639e-21
0.42 	0.0629707112971 	6.21802593497e-20 	0.237389811386 	0.000767596907661 	309.263636965 	-12.3551017817 	35.1325791803 	-3.67714948523 	1.42072469835e-20
0.42 	0.0644351464435 	1.04509971366e-18 	0.236620039291 	0.000783077459606 	302.16683725 	-15.7299657718 	35.2372582022 	-3.63474801733 	-2.29319857072e-20
0.42 	0.06589958159 	-4.77543295213e-20 	0.236167921121 	0.000790719322821 	298.674781689 	-17.4118547433 	35.2893442539 	-3.61284040094 	1.43377585949e-20
0.42 	0.0673640167364 	-4.16333634234e-19 	0.234930309836 	0.000794569118332 	295.670073775 	-20.5596953107 	35.3765890286 	-3.67186497957 	1.0045739377e-20
0.42 	0.0688284518828 	7.44294386203e-19 	0.234515532483 	0.000813075570703 	288.430179105 	-22.4337786063 	35.4445655042 	-3.54426015796 	2.91335609019e-20
0.42 	0.0702928870293 	-9.71929496334e-21 	0.233857908096 	0.000820285119919 	285.093441802 	-24.0993773428 	35.4959527432 	-3.52043913624 	-2.5138777892e-20
0.42 	0.0717573221757 	1.39416470795e-19 	0.233142559787 	0.000827344544148 	281.796213483 	-25.7605461112 	35.5471593541 	-3.49613345214 	3.25269571852e-20
0.42 	0.0732217573222 	1.1548905979e-18 	0.231527376502 	0.000840933541232 	275.321847864 	-29.0689811135 	35.6490235921 	-3.44605868069 	8.66690189432e-21
0.42 	0.0746861924686 	1.38777878078e-19 	0.230045498868 	0.00084432722648 	272.460121684 	-32.2240361369 	35.7367759788 	-3.49300480021 	1.20401314328e-20
0.42 	0.0761506276151 	-1.64954993094e-18 	0.229644860387 	0.00085366593076 	269.01022064 	-32.3578112851 	35.7501498435 	-3.39401803697 	2.69830084714e-21
0.42 	0.0776150627615 	-7.80488358388e-19 	0.226969021392 	0.000862583767775 	263.126933141 	-37.1474906576 	35.8882625836 	-3.4091813743 	3.79038169251e-21
0.42 	0.0790794979079 	-6.82591345975e-19 	0.2262522049 	0.000870701807342 	259.850390791 	-37.251320995 	35.9004448651 	-3.31223378628 	2.26570832222e-21
0.42 	0.0805439330544 	-1.07552855511e-18 	0.22451392071 	0.000873211077188 	257.11300117 	-40.4012608164 	35.9882800527 	-3.35086152648 	-2.13948960725e-20
0.42 	0.0820083682008 	-4.82817959421e-19 	0.223556051364 	0.000880314612277 	253.950176728 	-40.4850554489 	35.9997089358 	-3.25520594737 	8.47256374043e-20
0.42 	0.0834728033473 	-7.6959938919e-19 	0.222060480062 	0.000884483090639 	251.062436821 	-42.0927671761 	36.0490643119 	-3.22593573227 	-5.74822266506e-20
0.42 	0.0849372384937 	5.95343826001e-19 	0.218739357451 	0.000891316844234 	245.411448091 	-45.2888721501 	36.1472365347 	-3.16587709936 	-9.30411475561e-20
0.42 	0.0864016736402 	1.67940785471e-18 	0.216898143088 	0.000893880474757 	242.647813901 	-46.8768479488 	36.1960625667 	-3.13508730993 	1.02883088068e-19
0.42 	0.0878661087866 	9.06226152084e-19 	0.214925643274 	0.000895802160348 	239.925346006 	-48.4578217284 	36.2447242813 	-3.10379035373 	-5.01811071648e-20
0.42 	0.0893305439331 	1.22273708554e-18 	0.212813923594 	0.000897024839203 	237.244181313 	-50.03157879 	36.2932318892 	-3.07198688461 	-1.95513698462e-21
0.42 	0.0907949790795 	-4.24097209066e-19 	0.210555849573 	0.000897491927886 	234.604727943 	-51.5979066885 	36.3415992638 	-3.03967838641 	-8.29853987061e-21
0.42 	0.0922594142259 	1.31838984174e-18 	0.208039121804 	0.000896231614794 	232.126515479 	-54.7157500006 	36.4292141842 	-3.06393819195 	1.63291570965e-20
0.42 	0.0937238493724 	1.40226453316e-18 	0.205579802365 	0.000895952039464 	229.454025785 	-54.7074535693 	36.43797999 	-2.97355472993 	-1.42123012781e-19
0.42 	0.0951882845188 	8.54884137113e-19 	0.202856821033 	0.000893861704276 	226.944302528 	-56.2502772858 	36.4860159757 	-2.93974170153 	1.11413868486e-19
0.42 	0.0966527196653 	5.87883549337e-20 	0.19997879992 	0.000890856794157 	224.479176935 	-57.7848725886 	36.5339373642 	-2.90542423669 	-8.64998855283e-20
0.42 	0.0981171548117 	-2.6618131987e-19 	0.196951628013 	0.000886933557845 	222.05905535 	-59.3110297581 	36.5816989584 	-2.87059309864 	-1.49060773993e-20
0.42 	0.0995815899582 	1.00118995934e-20 	0.193785523838 	0.000882110364251 	219.683989319 	-60.8285137616 	36.6292197453 	-2.83523325925 	-1.71304691402e-20
0.42 	0.101046025105 	-2.34280311553e-20 	0.19049538438 	0.000876430257607 	217.353728636 	-62.3370547312 	36.6763898731 	-2.7993258704 	1.34940422404e-19
0.42 	0.102510460251 	-5.3136482878e-19 	0.187100831702 	0.000869961582302 	215.067924272 	-63.836345868 	36.7230900856 	-2.76285220945 	-7.78460626651e-20
0.42 	0.103974895397 	4.02077487625e-21 	0.183625664642 	0.000862795793806 	212.826332674 	-65.3260505922 	36.7692180982 	-2.72579821099 	-3.04637458972e-20
0.42 	0.105439330544 	-3.34203241707e-19 	0.180096416582 	0.000855041888799 	210.628764439 	-66.8058170689 	36.8147116265 	-2.68815765326 	-6.23431074666e-20
0.42 	0.10690376569 	1.07552855511e-18 	0.176692782412 	0.000847408475577 	208.509576555 	-69.8501293231 	36.8999696698 	-2.6970965586 	5.67797775325e-21
0.42 	0.108368200837 	-9.39271746186e-19 	0.172984497844 	0.000838246214695 	206.36478258 	-69.734147174 	36.9037907269 	-2.61113152793 	-1.56551754923e-20
0.42 	0.109832635983 	9.18595575414e-19 	0.169453409092 	0.000829440624679 	204.298419983 	-71.1820577784 	36.947465294 	-2.57176505186 	3.13281580915e-20
0.42 	0.11129707113 	2.14977549714e-18 	0.165968726979 	0.000820506116722 	202.276038651 	-72.6187285661 	36.9906424803 	-2.53184310089 	-1.14412164374e-19
0.42 	0.112761506276 	-4.37566268877e-19 	0.162548324171 	0.000811532643068 	200.297949268 	-74.0438743471 	37.0333690097 	-2.49137266828 	6.05129484532e-20
0.42 	0.114225941423 	-5.81022144805e-19 	0.15920632151 	0.000802594417551 	198.364601135 	-75.4572161792 	37.0756715432 	-2.4503576505 	-5.58762502726e-21
0.42 	0.115690376569 	-6.9597578769e-19 	0.156060836217 	0.000794289108634 	196.478630413 	-78.4337006062 	37.1582660447 	-2.45042675717 	-1.50363820279e-20
0.42 	0.117154811715 	-1.08599727087e-18 	0.155953400567 	0.000793750476242 	196.476607239 	-76.8584766275 	37.1175589806 	-2.40879974121 	3.92589227251e-20
0.42 	0.118619246862 	-1.02302719062e-18 	0.15279707528 	0.000785045766213 	194.634608396 	-78.2473777704 	37.1590289001 	-2.36669956709 	-7.90355935371e-20
0.42 	0.120083682008 	-1.86220365715e-19 	0.149741512294 	0.000776511355789 	192.838792604 	-79.6236414286 	37.2000736343 	-2.32405748929 	9.88958021493e-20
0.42 	0.121548117155 	-8.77933966706e-19 	0.146788747763 	0.000768168396923 	191.089282443 	-80.9869900998 	37.2406842707 	-2.28087402299 	-1.54446237654e-19
0.42 	0.123012552301 	-7.90280287797e-19 	0.14393912767 	0.000760030302773 	189.386037826 	-82.3371480537 	37.2808524049 	-2.23714992178 	5.90152833373e-20
0.42 	0.124476987448 	-4.51654028761e-20 	0.141191742741 	0.000752104723678 	187.728833892 	-83.6738422377 	37.3205703575 	-2.19288612261 	-5.50975915116e-20
0.42 	0.125941422594 	1.94289029309e-18 	0.141239799967 	0.000752441229692 	187.708746402 	-85.2440062301 	37.3612712029 	-2.23014472022 	-1.96318433155e-20
0.42 	0.127405857741 	-1.14491749414e-18 	0.138582644464 	0.000744693527848 	186.093526104 	-86.5653535017 	37.4005100378 	-2.18449626476 	8.98340288991e-21
0.42 	0.128870292887 	-4.9641149545e-19 	0.135996107512 	0.000736902920222 	184.550914076 	-86.3057641338 	37.3986269184 	-2.10274381204 	-4.37985974734e-20
0.42 	0.130334728033 	-3.41154564378e-19 	0.133562373826 	0.000729853805712 	182.998804392 	-89.1651919363 	37.4775672869 	-2.09161628584 	-2.24316383352e-20
0.42 	0.13179916318 	5.57343476643e-19 	0.131183019281 	0.000722566370097 	181.551515141 	-88.88064616 	37.4747977563 	-2.01045675152 	8.53425804988e-20
0.42 	0.133263598326 	2.25626339523e-19 	0.131183019281 	0.000722566370097 	181.551515141 	-88.88064616 	37.4747977563 	-2.01045675152 	8.53425804988e-20
0.42 	0.134728033473 	4.8131158407e-19 	0.12891353655 	0.000715719281133 	180.11745659 	-90.1460583101 	37.5121592843 	-1.96351237166 	-1.26468122947e-19
0.42 	0.136192468619 	-9.81943094311e-21 	0.12673164306 	0.000709082626005 	178.726199758 	-91.3964549472 	37.5490296208 	-1.91603606224 	1.51870384696e-19
0.42 	0.137656903766 	4.27611368346e-20 	0.124624626657 	0.000702758115472 	177.336446087 	-94.1863453405 	37.6258147026 	-1.89956430434 	1.28762871932e-20
0.42 	0.139121338912 	9.79177848528e-19 	0.124634604984 	0.000702653442883 	177.377064393 	-92.6315969245 	37.5854024397 	-1.86802937171 	6.93702752418e-20
0.42 	0.140585774059 	-2.54431650002e-20 	0.122619765538 	0.000696428685525 	176.06937808 	-93.8512521902 	37.6212715968 	-1.81949390233 	-4.01617735593e-20
0.42 	0.142050209205 	5.43084151737e-19 	0.120684524647 	0.000690405182946 	174.802460393 	-95.055196281 	37.6566311431 	-1.77043127818 	-9.75231187574e-21
0.42 	0.143514644351 	-8.83382971643e-19 	0.118826338929 	0.000684579652124 	173.575622004 	-96.2432128804 	37.6914753323 	-1.72084314656 	3.00684600599e-20
0.42 	0.144979079498 	-1.86705409591e-19 	0.118826338929 	0.000684579652124 	173.575622004 	-96.2432128804 	37.6914753323 	-1.72084314656 	3.00684600599e-20
0.42 	0.146443514644 	1.67289095666e-19 	0.117042718038 	0.000678948695092 	172.388162588 	-97.4150942877 	37.7257986178 	-1.67073115241 	-1.69215721512e-19
0.42 	0.147907949791 	1.22966958226e-18 	0.115331220166 	0.000673508789712 	171.239369 	-98.5706419369 	37.7595956339 	-1.62009691639 	3.12889892332e-20
0.42 	0.149372384937 	-4.62260045785e-19 	0.113689490979 	0.000668256428724 	170.12854062 	-99.7096669048 	37.7928612294 	-1.56894202576 	1.02847452455e-20
0.42 	0.150836820084 	3.86525089785e-19 	0.113689490979 	0.000668256428724 	170.12854062 	-99.7096669048 	37.7928612294 	-1.56894202576 	1.02847452455e-20
0.42 	0.15230125523 	6.76903655811e-19 	0.112115384541 	0.000663188541565 	169.05506883 	-100.831990407 	37.8255905833 	-1.51726802668 	-1.20755850541e-20
0.42 	0.153765690377 	9.15352533349e-19 	0.110606659359 	0.000658301553786 	168.01822618 	-101.937444311 	37.8577791529 	-1.46507639211 	3.33834624172e-20
0.42 	0.155230125523 	4.26305015574e-19 	0.110606659359 	0.000658301553786 	168.01822618 	-101.937444311 	37.8577791529 	-1.46507639211 	3.33834624172e-20
0.42 	0.156694560669 	1.17118715375e-18 	0.109161074399 	0.000653591638012 	167.017244485 	-103.025871538 	37.8894225968 	-1.41236848394 	-9.04721005389e-20
0.42 	0.158158995816 	-1.72572890919e-19 	0.107776524349 	0.000649055158646 	166.051410135 	-104.097126555 	37.9205168188 	-1.35914553732 	2.26070989468e-20
0.42 	0.159623430962 	1.12608346616e-19 	0.107776524349 	0.000649055158646 	166.051410135 	-104.097126555 	37.9205168188 	-1.35914553732 	2.26070989468e-20
0.42 	0.161087866109 	-6.69651581388e-19 	0.106450974243 	0.000644688493691 	165.120015766 	-105.151075818 	37.9510579995 	-1.30540863658 	-1.08828904607e-19
0.42 	0.162552301255 	-3.86163424212e-19 	0.10518245213 	0.000640488015532 	164.22235792 	-106.187598163 	37.9810426004 	-1.25115869199 	2.18968734034e-19
0.42 	0.164016736402 	-1.73472347598e-19 	0.105128591587 	0.000640365766077 	164.16959987 	-107.696064226 	38.0203174436 	-1.27402075156 	6.74247248712e-20
0.42 	0.165481171548 	1.26645445779e-19 	0.103913588103 	0.000636316287181 	163.304932149 	-108.710322278 	38.0496192878 	-1.21860486297 	-3.63609748731e-20
0.42 	0.166945606695 	-1.26881232653e-18 	0.102808912446 	0.000632571015715 	162.525487087 	-108.2079408 	38.0393293467 	-1.14112218346 	-4.03026389947e-20
0.42 	0.168410041841 	-7.6327832943e-19 	0.102752076386 	0.000632426565897 	162.472739013 	-109.706855691 	38.0783552121 	-1.16268814466 	7.16257434191e-20
0.42 	0.169874476987 	4.41481664872e-19 	0.101700256324 	0.000628847291639 	161.724885638 	-109.191583159 	38.0676258642 	-1.08533623917 	1.76148911422e-20
0.42 	0.171338912134 	-8.54012236538e-20 	0.101700256324 	0.000628847291639 	161.724885638 	-109.191583159 	38.0676258642 	-1.08533623917 	1.76148911422e-20
0.42 	0.17280334728 	-4.30501649201e-19 	0.100641346201 	0.000625275343109 	160.955245253 	-110.157443441 	38.0953545462 	-1.02903844154 	1.75974321205e-20
0.42 	0.174267782427 	7.24396682062e-20 	0.0996305045014 	0.000621851621602 	160.215879545 	-111.105466209 	38.1225133111 	-0.972228260073 	-3.07541251246e-19
0.42 	0.175732217573 	-5.19796057552e-19 	0.0996305045014 	0.000621851621602 	160.215879545 	-111.105466209 	38.1225133111 	-0.972228260073 	-3.07541251246e-19
0.42 	0.17719665272 	-5.16955018311e-19 	0.0986661570023 	0.000618572779914 	159.50614092 	-112.035610822 	38.1491003996 	-0.914904898911 	1.84437268762e-19
0.42 	0.178661087866 	-5.89307606621e-20 	0.0986661570023 	0.000618572779914 	159.50614092 	-112.035610822 	38.1491003996 	-0.914904898911 	1.84437268762e-19
0.42 	0.180125523013 	-1.12974512043e-19 	0.0977467982959 	0.00061543558235 	158.825393102 	-112.947849198 	38.1751144083 	-0.857066951851 	6.94601625905e-20
0.42 	0.181589958159 	5.89762034572e-20 	0.0968096211988 	0.000612244196343 	158.122562496 	-115.310812132 	38.238775973 	-0.816660051244 	3.30030668256e-20
0.42 	0.183054393305 	-1.07486317554e-20 	0.0968708853532 	0.000612436534798 	158.172936866 	-113.842169813 	38.2005542013 	-0.798712858696 	-1.61047815552e-19
0.42 	0.184518828452 	2.01117796353e-19 	0.0960369757726 	0.000609572340899 	157.548119114 	-114.718571377 	38.2254189538 	-0.739840034368 	-2.15685138843e-20
0.42 	0.185983263598 	-4.60145463704e-19 	0.0960369757726 	0.000609572340899 	157.548119114 	-114.718571377 	38.2254189538 	-0.739840034368 	-2.15685138843e-20
0.42 	0.187447698745 	1.92636095943e-20 	0.0951820999492 	0.000606636613133 	156.901344048 	-117.035413867 	38.2876520216 	-0.697278341812 	-6.62654063335e-21
0.42 	0.188912133891 	-3.20148721499e-19 	0.0944897135412 	0.000604235801595 	156.378872771 	-116.417697738 	38.273421409 	-0.620527031341 	1.21499130237e-19
0.42 	0.190376569038 	8.68663567884e-20 	0.0944897135412 	0.000604235801595 	156.378872771 	-116.417697738 	38.273421409 	-0.620527031341 	1.21499130237e-19
0.42 	0.191841004184 	-7.5861148701e-19 	0.0937122715301 	0.000601545266708 	155.785901272 	-118.688616545 	38.3342251348 	-0.575842947893 	-1.00610339146e-19
0.42 	0.193305439331 	1.04083408559e-19 	0.0937122715301 	0.000601545266708 	155.785901272 	-118.688616545 	38.3342251348 	-0.575842947893 	-1.00610339146e-19
0.42 	0.194769874477 	1.77019474956e-18 	0.0930946473787 	0.000599401236551 	155.312738283 	-118.045517059 	38.3191208161 	-0.499097797141 	-1.35604054874e-19
0.42 	0.196234309623 	7.00173850562e-19 	0.0930946473787 	0.000599401236551 	155.312738283 	-118.045517059 	38.3191208161 	-0.499097797141 	-1.35604054874e-19
0.42 	0.19769874477 	6.62282263943e-19 	0.0924511936026 	0.000597164825453 	154.816877455 	-118.832847471 	38.3411077209 	-0.437578548723 	3.84063116709e-20
0.42 	0.199163179916 	5.74402351193e-20 	0.0924511936026 	0.000597164825453 	154.816877455 	-118.832847471 	38.3411077209 	-0.437578548723 	3.84063116709e-20
0.42 	0.200627615063 	6.09492508368e-19 	0.0918422786485 	0.000595045146122 	154.345059777 	-119.602536278 	38.362520498 	-0.375510876211 	3.30270668259e-19
0.42 	0.202092050209 	-3.74085718189e-19 	0.0918422786485 	0.000595045146122 	154.345059777 	-119.602536278 	38.362520498 	-0.375510876211 	3.30270668259e-19
0.42 	0.203556485356 	9.00662004607e-19 	0.091266887013 	0.000593039617447 	153.896779116 	-120.354736706 	38.3833599759 	-0.312895147259 	-3.43804929424e-19
0.42 	0.205020920502 	-7.27223695465e-19 	0.0907239576342 	0.000591145405271 	153.471475588 	-121.08946987 	38.4036276127 	-0.249711670817 	2.47392923601e-19
0.42 	0.206485355649 	-2.77555756156e-19 	0.0906640706852 	0.000590918557196 	153.429046323 	-122.51317788 	38.4406227982 	-0.263002137848 	-1.64500030538e-19
0.42 	0.207949790795 	-1.26282554284e-18 	0.0901532404949 	0.000589131490559 	153.027366453 	-123.226160204 	38.460193304 	-0.198799223885 	1.75639698758e-19
0.42 	0.209414225941 	2.38708894551e-19 	0.0902126288241 	0.000589360304774 	153.068722297 	-121.806988758 	38.4233244824 	-0.185969045229 	-1.02062173625e-19
0.42 	0.210878661088 	-1.06395654114e-18 	0.0897318700077 	0.000587681423142 	152.687947031 	-122.507223904 	38.4424525492 	-0.121630359605 	8.46283174227e-20
0.42 	0.212343096234 	-2.56433412199e-19 	0.0897318700077 	0.000587681423142 	152.687947031 	-122.507223904 	38.4424525492 	-0.121630359605 	8.46283174227e-20
0.42 	0.213807531381 	7.87222172372e-19 	0.0892810308174 	0.000586107159594 	152.328852081 	-123.190618203 	38.4610129644 	-0.056724757016 	-1.55565627479e-19
0.42 	0.215271966527 	-1.03943578876e-18 	0.0892810308174 	0.000586107159594 	152.328852081 	-123.190618203 	38.4610129644 	-0.056724757016 	-1.55565627479e-19
0.42 	0.216736401674 	-1.20459807331e-18 	0.0888013673069 	0.00058440107757 	151.952778178 	-125.263336941 	38.5155203766 	-0.00269338865886 	9.82716964476e-20
0.42 	0.21820083682 	9.0371717718e-19 	0.088859025337 	0.000584634263669 	151.990792978 	-123.856873567 	38.4790081497 	0.00882057101318 	-6.40476254286e-21
0.42 	0.219665271967 	4.65792510128e-19 	0.0884655385591 	0.00058326220149 	151.673704096 	-124.506815034 	38.4964391406 	0.0749293829574 	4.64660436417e-20
0.42 	0.221129707113 	7.2858385991e-19 	0.0884085168755 	0.000583027989154 	151.63683137 	-125.909505474 	38.5328434436 	0.063831090747 	-4.76895029607e-20
0.42 	0.222594142259 	4.31664148324e-19 	0.0880428931189 	0.000581751682346 	151.341020217 	-126.538620739 	38.5496080767 	0.131059109947 	-2.49691543962e-20
0.42 	0.224058577406 	7.2858385991e-19 	0.0880428931189 	0.000581751682346 	151.341020217 	-126.538620739 	38.5496080767 	0.131059109947 	-2.49691543962e-20
0.42 	0.225523012552 	1.86067428074e-18 	0.0877047621291 	0.000580573592899 	151.06571019 	-127.152679988 	38.5658221317 	0.198805325578 	-3.48385779264e-20
0.42 	0.226987447699 	-3.55327442886e-19 	0.0877604517217 	0.000580809341633 	151.100275824 	-125.756926175 	38.5296176621 	0.209102002623 	1.7487843159e-20
0.42 	0.228451882845 	4.72574511309e-20 	0.0874472174036 	0.000579723445876 	150.842989059 	-126.356808077 	38.5453689724 	0.277289076441 	1.51701108043e-19
0.42 	0.229916317992 	1.71676260283e-19 	0.0874472174036 	0.000579723445876 	150.842989059 	-126.356808077 	38.5453689724 	0.277289076441 	1.51701108043e-19
0.42 	0.231380753138 	3.19731764538e-19 	0.0874472174036 	0.000579723445876 	150.842989059 	-126.356808077 	38.5453689724 	0.277289076441 	1.51701108043e-19
0.42 	0.232845188285 	2.28561821734e-19 	0.0871609097986 	0.000578734311951 	150.606086418 	-126.942436288 	38.5605627889 	0.345918636942 	-1.22204687909e-19
0.42 	0.234309623431 	-1.34838869165e-20 	0.0871609097986 	0.000578734311951 	150.606086418 	-126.942436288 	38.5605627889 	0.345918636942 	-1.22204687909e-19
0.42 	0.235774058577 	-1.50498539057e-19 	0.0868983436559 	0.000577830493237 	150.387258327 	-127.509750857 	38.5752024539 	0.415602696191 	-1.4619702864e-19
0.42 	0.237238493724 	2.49494295004e-21 	0.0868983436559 	0.000577830493237 	150.387258327 	-127.509750857 	38.5752024539 	0.415602696191 	-1.4619702864e-19
0.42 	0.23870292887 	-3.18248918062e-19 	0.0866100332032 	0.000576787334103 	150.159388187 	-129.450317737 	38.6251792914 	0.476704859086 	-1.06831455306e-20
0.42 	0.240167364017 	-3.78321018327e-19 	0.0866629336256 	0.000577024587161 	150.189325644 	-128.06494882 	38.5892867002 	0.485520349732 	1.87631139871e-19
0.42 	0.241631799163 	-4.90174799642e-19 	0.0864488757815 	0.000576295246845 	150.007962507 	-128.599777148 	38.6028201506 	0.556890617471 	8.36454520889e-20
0.42 	0.24309623431 	-5.57509249112e-19 	0.0864488757815 	0.000576295246845 	150.007962507 	-128.599777148 	38.6028201506 	0.556890617471 	8.36454520889e-20
0.42 	0.244560669456 	-1.23200451874e-18 	0.0862119681952 	0.000575431556812 	149.82141173 	-130.508494012 	38.6515880777 	0.619927696751 	1.42301498974e-21
0.42 	0.246025104603 	3.75604079868e-19 	0.0862634699152 	0.000575669028725 	149.849072316 	-129.126168047 	38.6157973429 	0.628060425726 	-6.10211036096e-20
0.42 	0.247489539749 	-9.84554927001e-20 	0.0862634699152 	0.000575669028725 	149.849072316 	-129.126168047 	38.6157973429 	0.628060425726 	-6.10211036096e-20
0.42 	0.248953974895 	7.44906306871e-19 	0.0860958099994 	0.000575105350654 	149.704414855 	-129.628081512 	38.628228761 	0.701400290839 	3.73040907235e-20
0.42 	0.250418410042 	-1.20046743615e-18 	0.0860958099994 	0.000575105350654 	149.704414855 	-129.628081512 	38.628228761 	0.701400290839 	3.73040907235e-20
0.42 	0.251882845188 	6.49140542951e-19 	0.0859604230482 	0.000574656791057 	149.585673372 	-130.127878514 	38.6400958462 	0.773698709684 	3.09768786095e-20
0.42 	0.253347280335 	-1.84161361114e-19 	0.0859604230482 	0.000574656791057 	149.585673372 	-130.127878514 	38.6400958462 	0.773698709684 	3.09768786095e-20
0.42 	0.254811715481 	5.16763449418e-19 	0.0858368119883 	0.000574246576248 	149.477272549 	-130.595632942 	38.6514294578 	0.84943862366 	-4.00084585836e-20
0.42 	0.256276150628 	-5.23373707056e-19 	0.0858368119883 	0.000574246576248 	149.477272549 	-130.595632942 	38.6514294578 	0.84943862366 	-4.00084585836e-20
0.42 	0.257740585774 	7.56921272279e-20 	0.0857526139942 	0.00057397435182 	149.401473641 	-131.071912186 	38.6621713115 	0.922593470853 	-1.04058688902e-20
0.42 	0.259205020921 	-2.14550529015e-19 	0.0857038158249 	0.000573737138972 	149.378190818 	-132.45365281 	38.6978955439 	0.915719665723 	7.26694250923e-20
0.42 	0.260669456067 	1.00871779469e-19 	0.0857526139942 	0.00057397435182 	149.401473641 	-131.071912186 	38.6621713115 	0.922593470853 	-1.04058688902e-20
0.42 	0.262133891213 	9.23077041722e-19 	0.0856696817137 	0.000573696508527 	149.329271558 	-131.503068148 	38.6723849554 	1.00138643361 	8.94972611227e-20
0.42 	0.26359832636 	-2.72625551545e-19 	0.0856696817137 	0.000573696508527 	149.329271558 	-131.503068148 	38.6723849554 	1.00138643361 	8.94972611227e-20
0.42 	0.265062761506 	-5.25541013356e-19 	0.0856391982581 	0.000573596499447 	149.302163351 	-131.960065715 	38.6818873735 	1.074893757 	-2.1277365341e-20
0.42 	0.266527196653 	-5.55111512313e-19 	0.085591680958 	0.000573359797361 	149.280925088 	-133.344827219 	38.7176602416 	1.06860023293 	1.24138083815e-19
0.42 	0.267991631799 	-4.35207594237e-19 	0.0856391982581 	0.000573596499447 	149.302163351 	-131.960065715 	38.6818873735 	1.074893757 	-2.1277365341e-20
0.42 	0.269456066946 	-3.64647407347e-19 	0.0855922444607 	0.000573412962178 	149.268067006 	-132.35060761 	38.6910201121 	1.15771103948 	-1.17437544748e-19
0.42 	0.270920502092 	-3.22597258109e-20 	0.0855922444607 	0.000573412962178 	149.268067006 	-132.35060761 	38.6910201121 	1.15771103948 	-1.17437544748e-19
0.42 	0.272384937238 	3.68075603006e-19 	0.0856184974519 	0.000573462965591 	149.300831247 	-132.793955366 	38.6994070314 	1.23073366829 	-6.06467135366e-20
0.42 	0.273849372385 	-7.81275466252e-19 	0.0856184974519 	0.000573462965591 	149.300831247 	-132.793955366 	38.6994070314 	1.23073366829 	-6.06467135366e-20
0.42 	0.275313807531 	4.9688005958e-19 	0.0856184974519 	0.000573462965591 	149.300831247 	-132.793955366 	38.6994070314 	1.23073366829 	-6.06467135366e-20
0.42 	0.276778242678 	7.30737447851e-19 	0.0855927652355 	0.000573266403857 	149.307136542 	-133.138055573 	38.7076454351 	1.31898399954 	2.39297855016e-20
0.42 	0.278242677824 	-8.9555742414e-33 	0.085547410347 	0.000573032890577 	149.288830979 	-134.522247704 	38.7434421842 	1.31364827095 	-4.75939568736e-20
0.42 	0.279707112971 	2.14718484766e-19 	0.08562218637 	0.000573113319976 	149.398353494 	-134.973683688 	38.750693428 	1.38502064798 	-2.91183285906e-20
0.42 	0.281171548117 	-5.260090713e-19 	0.0856667508367 	0.000573344654972 	149.415800939 	-133.574759324 	38.7146304949 	1.39023918037 	-1.35521045414e-19
0.42 	0.282635983264 	-5.55111512313e-19 	0.08562218637 	0.000573113319976 	149.398353494 	-134.973683688 	38.750693428 	1.38502064798 	-2.91183285906e-20
0.42 	0.28410041841 	-2.80609978521e-19 	0.085573158922 	0.000572595404409 	149.447861899 	-135.254582511 	38.7578158773 	1.48109538346 	2.56974623871e-20
0.42 	0.285564853556 	-3.95821495137e-19 	0.0856165185286 	0.000572822370418 	149.46434174 	-133.864954076 	38.721874429 	1.48585214611 	1.37086237459e-19
0.42 	0.287029288703 	-7.98890444439e-19 	0.0856830151047 	0.000572478912862 	149.67016807 	-134.30269878 	38.7271220589 	1.55353506572 	3.37000865253e-20
0.42 	0.288493723849 	4.7758286339e-19 	0.0856830151047 	0.000572478912862 	149.67016807 	-134.30269878 	38.7271220589 	1.55353506572 	3.37000865253e-20
0.42 	0.289958158996 	1.00415415558e-18 	0.0856830151047 	0.000572478912862 	149.67016807 	-134.30269878 	38.7271220589 	1.55353506572 	3.37000865253e-20
0.42 	0.291422594142 	-1.09903026911e-19 	0.0854735022973 	0.000570733901518 	149.760688948 	-134.530862644 	38.7336912587 	1.6590246268 	-8.10112998362e-20
0.42 	0.292887029289 	6.24500451352e-19 	0.0854332842172 	0.000570522224218 	149.745760271 	-135.928142241 	38.7698377222 	1.65484756498 	8.96449318854e-20
0.42 	0.294351464435 	-2.03269414891e-19 	0.0854735022973 	0.000570733901518 	149.760688948 	-134.530862644 	38.7336912587 	1.6590246268 	-8.10112998362e-20
0.42 	0.295815899582 	3.1557044432e-19 	0.0853606894735 	0.00056865961613 	150.108583504 	-134.976263023 	38.7366929088 	1.72081798458 	1.8692525465e-19
0.42 	0.297280334728 	-2.88240711778e-20 	0.0853606894735 	0.00056865961613 	150.108583504 	-134.976263023 	38.7366929088 	1.72081798458 	1.8692525465e-19
0.42 	0.298744769874 	4.97465564762e-20 	0.0847049043524 	0.000563610722627 	150.289731816 	-135.136025372 	38.7413729368 	1.83911172413 	-4.80202200154e-19
0.42 	0.300209205021 	2.24955314797e-19 	0.0846688550396 	0.000563426333005 	150.274934059 	-136.543722598 	38.7778218495 	1.83552387941 	4.82744894156e-20
0.42 	0.301673640167 	1.91743769085e-19 	0.0847049043524 	0.000563610722627 	150.289731816 	-135.136025372 	38.7413729368 	1.83911172413 	-4.80202200154e-19
0.42 	0.303138075314 	1.16802101699e-18 	0.0841397117237 	0.000557237607495 	150.994316593 	-135.591256336 	38.7354156181 	1.89212912753 	2.5803491037e-19
0.42 	0.30460251046 	2.30868197398e-19 	0.0841397117237 	0.000557237607495 	150.994316593 	-135.591256336 	38.7354156181 	1.89212912753 	2.5803491037e-19
0.42 	0.306066945607 	-4.85722573274e-19 	0.084106498865 	0.000557069674695 	150.980214299 	-137.034087189 	38.772505939 	1.88837691487 	-1.68410712629e-19
0.42 	0.307531380753 	3.01285523511e-19 	0.0825561148331 	0.000545708089971 	151.282556279 	-135.680754721 	38.727889668 	2.02583013674 	6.78793208427e-21
0.42 	0.3089958159 	-1.50455201289e-19 	0.0825561148331 	0.000545708089971 	151.282556279 	-135.680754721 	38.727889668 	2.02583013674 	6.78793208427e-21
0.42 	0.310460251046 	-5.54736391379e-19 	0.0825561148331 	0.000545708089971 	151.282556279 	-135.680754721 	38.727889668 	2.02583013674 	6.78793208427e-21
0.42 	0.311924686192 	6.11147282216e-19 	0.0817506094149 	0.000535384430319 	152.695156574 	-136.139827874 	38.6919419411 	2.06634547263 	3.25587726847e-19
0.42 	0.313389121339 	6.93889390391e-20 	0.081715671648 	0.000535224197062 	152.675592951 	-137.60202964 	38.7297266259 	2.0630000061 	3.80752871342e-20
0.42 	0.314853556485 	6.46630308903e-19 	0.0813524642884 	0.000526834645773 	154.417453258 	-137.603769518 	38.6504278841 	2.21289757612 	6.44036296935e-21
0.42 	0.316317991632 	-5.50417152341e-20 	0.0813524642884 	0.000526834645773 	154.417453258 	-137.603769518 	38.6504278841 	2.21289757612 	6.44036296935e-21
0.42 	0.317782426778 	6.93889390391e-20 	0.0813524642884 	0.000526834645773 	154.417453258 	-137.603769518 	38.6504278841 	2.21289757612 	6.44036296935e-21
0.42 	0.319246861925 	-5.08339387074e-19 	0.0828546030546 	0.000498785637693 	157.839157813 	-138.088991192 	38.4960134345 	2.23369225487 	3.15105227386e-21
0.42 	0.320711297071 	-2.17705893315e-19 	0.0828989158936 	0.00049883027357 	157.868363092 	-136.605057794 	38.4574740914 	2.23667386273 	-1.17195292687e-19
0.42 	0.322175732218 	-9.9913911939e-19 	0.0828989158936 	0.00049883027357 	157.868363092 	-136.605057794 	38.4574740914 	2.23667386273 	-1.17195292687e-19
0.42 	0.323640167364 	5.77297247422e-19 	0.0842108962109 	0.000389137075577 	161.983878045 	-138.0594836 	38.3122803232 	2.39767090365 	-2.41584879834e-20
0.42 	0.32510460251 	3.45803752024e-19 	0.0842108962109 	0.000389137075577 	161.983878045 	-138.0594836 	38.3122803232 	2.39767090365 	-2.41584879834e-20
0.42 	0.326569037657 	3.81639164715e-19 	0.0842108962109 	0.000389137075577 	161.983878045 	-138.0594836 	38.3122803232 	2.39767090365 	-2.41584879834e-20
0.42 	0.328033472803 	4.16677505518e-19 	0.0787687289 	0.000509933062112 	154.468762182 	-138.438277769 	37.9708907517 	2.39587691166 	-1.52600935863e-20
0.42 	0.32949790795 	-7.2858385991e-19 	0.0787687289 	0.000509933062112 	154.468762182 	-138.438277769 	37.9708907517 	2.39587691166 	-1.52600935863e-20
0.42 	0.330962343096 	8.31495439277e-19 	0.0787683570171 	0.000510021705214 	154.441185957 	-136.916103328 	37.9295655117 	2.39808358411 	7.4604526991e-20
