0.336 	0.0190376569038 	-1.23652245127e-18 	5.30323423716 	0.000515016183198 	10297.2186315 	-207.147516206 	-4.70822374488 	1.82066673383 	8.61294636319e-18
0.336 	0.0205020920502 	-5.01719884637e-18 	11.987131056 	0.00246454625063 	4863.82880943 	-207.44994916 	-3.41137835226 	1.46128547311 	3.55465588833e-19
0.336 	0.0219665271967 	4.91290409403e-19 	16.9235183088 	0.00371420254455 	4556.43387937 	-207.702082656 	-1.94203253614 	1.05184926029 	6.44337544337e-19
0.336 	0.0234309623431 	-5.0095706462e-20 	22.2231050734 	0.00435999290282 	5097.05074496 	-207.918642872 	-0.0212525756353 	0.528312048102 	-1.57106088698e-18
0.336 	0.0248953974895 	3.97421750984e-18 	27.3786978593 	0.00441202190654 	6205.47640951 	-208.023278938 	2.14741138996 	-0.0384925024301 	-4.15068566805e-18
0.336 	0.026359832636 	2.70995106333e-18 	33.7779037279 	0.00368822675249 	8191.45590034 	-207.991131942 	5.33620854548 	-0.820236086004 	-2.37724646081e-18
0.336 	0.0278242677824 	9.10536847425e-19 	39.7847161387 	0.00306983771294 	10222.7760145 	-207.80672088 	10.5101973309 	-1.98038232746 	5.75304565615e-18
0.336 	0.0292887029289 	2.87354677403e-18 	39.7093543697 	0.00295468555232 	10851.3591017 	-207.60674453 	16.0819741581 	-3.1155696292 	-5.58613469101e-19
0.336 	0.0307531380753 	1.80278045912e-18 	33.3690479537 	0.00323914360734 	10281.2351722 	-207.406550049 	21.7694858567 	-4.15961311092 	3.50187141082e-20
0.336 	0.0322175732218 	-4.70038554396e-19 	23.7775789555 	0.00264540674484 	8988.25067333 	-207.527914954 	26.969401916 	-5.0043408695 	-1.40907357209e-18
0.336 	0.0336820083682 	-7.37967714536e-19 	13.9418022845 	0.0020104516161 	6934.6619301 	-208.039966009 	31.4576775397 	-5.66586420568 	1.22220796589e-18
0.336 	0.0351464435146 	-1.95677022545e-18 	7.41878362772 	0.00159951613908 	4638.14240224 	-208.901059876 	34.4191732223 	-6.07234915226 	2.3005733446e-18
0.336 	0.0366108786611 	-1.71060821635e-18 	4.97824151623 	0.00151165323575 	3293.24305237 	-209.690193384 	35.7226957787 	-6.24153832305 	4.604756908e-18
0.336 	0.0380753138075 	-3.68049696753e-19 	3.48982314612 	0.00159283766318 	2190.94715474 	-210.858011475 	36.8755529295 	-6.37854526878 	3.63184338667e-19
0.336 	0.039539748954 	4.03523966495e-20 	2.90638501755 	0.00167504856219 	1735.10492959 	-211.806224665 	37.5690792558 	-6.45132205052 	2.02461467235e-18
0.336 	0.0410041841004 	-1.3238562634e-19 	2.46394712495 	0.00169229129924 	1455.98285948 	-212.812882217 	38.2036730382 	-6.51029039341 	-1.60113147164e-18
0.336 	0.0424686192469 	-7.47485363337e-19 	2.0598671468 	0.0016205895274 	1271.06038388 	-213.875345148 	38.8014245358 	-6.55809280329 	7.36942456034e-19
0.336 	0.0439330543933 	-7.03396912976e-19 	1.66454500532 	0.0014709103035 	1131.64276664 	-214.990237894 	39.3568110858 	-6.59339055506 	-8.27190983645e-20
0.336 	0.0453974895397 	5.52649517244e-19 	1.4069654146 	0.0013407932351 	1049.35300818 	-215.760503318 	39.6926428637 	-6.608209056 	8.24591071207e-18
0.336 	0.0468619246862 	7.05671980454e-19 	1.04318634038 	0.00112306325946 	928.875850574 	-216.95226368 	40.119983942 	-6.61346720994 	-1.51247856663e-18
0.336 	0.0483263598326 	4.43707375872e-19 	0.729626273163 	0.000905911007741 	805.406123701 	-218.181288493 	40.4170585093 	-6.59240004523 	1.98693352656e-18
0.336 	0.0497907949791 	-2.37443460085e-20 	0.560089147265 	0.000775156750327 	722.549532115 	-219.017006265 	40.5256010863 	-6.5614387727 	-4.07785669559e-18
0.336 	0.0512552301255 	-1.58446710119e-18 	0.371520111458 	0.000613985329528 	605.096072481 	-220.287878041 	40.576569164 	-6.49411693388 	-4.31677750604e-19
0.336 	0.052719665272 	-2.38114989495e-18 	0.286807364153 	0.000534112560878 	536.979253366 	-221.143161858 	40.5797176203 	-6.44213337737 	2.65545852807e-19
0.336 	0.0541841004184 	-1.3843580698e-18 	0.229559458513 	0.000477553417495 	480.699017331 	-222.003271623 	40.5879454222 	-6.38870190295 	7.79393351894e-18
0.336 	0.0556485355649 	7.77346283844e-19 	0.193716573821 	0.000443058429303 	437.225794632 	-222.8674629 	40.6058779424 	-6.33439393261 	-3.66316436093e-19
0.336 	0.0571129707113 	1.757788196e-18 	0.166718190261 	0.000424361436602 	392.868380304 	-224.169589289 	40.6405535261 	-6.24973056956 	3.32798296806e-18
0.336 	0.0585774058577 	-1.84368178559e-19 	0.159239600721 	0.000426596932626 	373.278822566 	-225.039973009 	40.6648346596 	-6.19049309922 	-1.43786054193e-18
0.336 	0.0600418410042 	-5.0456164027e-19 	0.15612034751 	0.000435412210133 	358.55757803 	-225.910580023 	40.6895371076 	-6.12887154562 	-7.86070008903e-19
0.336 	0.0615062761506 	1.413034795e-18 	0.155300424393 	0.000447884561367 	346.742079966 	-226.779705856 	40.7146131876 	-6.06481380369 	1.02309590895e-19
0.336 	0.0629707112971 	9.36709590505e-19 	0.155616458198 	0.000462345674983 	336.580326406 	-227.645391237 	40.7399851735 	-5.99827242919 	-1.20038508483e-18
0.336 	0.0644351464435 	-3.6361236985e-19 	0.156467283517 	0.000477961458945 	327.363808502 	-228.5054771 	40.7655722169 	-5.9292049405 	5.10907579951e-19
0.336 	0.06589958159 	-1.42641611798e-18 	0.156994815336 	0.000486071384543 	322.987158528 	-228.932703422 	40.778419983 	-5.89371205817 	-2.17493804146e-18
0.336 	0.0673640167364 	-1.10998695198e-18 	0.158153644019 	0.000502764973776 	314.567744907 	-229.780023256 	40.8041691326 	-5.82078748274 	-1.50757324134e-20
0.336 	0.0688284518828 	-7.75228805126e-19 	0.159380198623 	0.000519992392077 	306.504866324 	-230.615762563 	40.8299173599 	-5.745255134 	1.60416817452e-19
0.336 	0.0702928870293 	-1.24540426536e-18 	0.16062467482 	0.000537668704782 	298.742838093 	-231.437368167 	40.8555741253 	-5.66709300198 	3.22763624747e-21
0.336 	0.0717573221757 	-9.4979438844e-19 	0.16185447977 	0.000555715950766 	291.25397525 	-232.242223232 	40.8810446518 	-5.58628572755 	9.16172776257e-19
0.336 	0.0732217573222 	5.78295684774e-19 	0.162455473938 	0.000564852711372 	287.60678787 	-232.637538126 	40.8936832466 	-5.54488775115 	-1.89141723461e-18
0.336 	0.0746861924686 	-3.55901885439e-19 	0.163614214192 	0.000583295341332 	280.499778754 	-233.412261533 	40.9187224981 	-5.4601034076 	6.84746701044e-19
0.336 	0.0761506276151 	-3.20182553485e-19 	0.16416606848 	0.000592576506931 	277.037760626 	-233.790993762 	40.9311069554 	-5.41671878428 	-3.12144599166e-18
0.336 	0.0776150627615 	-1.98418910885e-18 	0.165200687976 	0.000611192524335 	270.292389711 	-234.52950562 	40.9555680756 	-5.32797304867 	-1.42697965402e-18
0.336 	0.0790794979079 	-6.68612292684e-19 	0.166125553229 	0.000629785880123 	263.781006327 	-235.24049536 	40.9795746473 	-5.23660949303 	-1.17214107056e-18
0.336 	0.0805439330544 	-9.19065843043e-19 	0.166540556607 	0.000639036752171 	260.611860025 	-235.584830537 	40.9913915902 	-5.18995443385 	4.03292661276e-18
0.336 	0.0820083682008 	-2.16135639967e-19 	0.167263762554 	0.000657367448951 	254.44485093 	-236.249525417 	41.0146161774 	-5.09471805482 	-1.96139543512e-18
0.336 	0.0834728033473 	2.77542562178e-19 	0.16756725468 	0.000666413539615 	251.446353832 	-236.569233184 	41.0260053136 	-5.04614583583 	-7.07185362763e-19
0.336 	0.0849372384937 	4.20251204813e-20 	0.167828799488 	0.000675356252153 	248.504102765 	-236.880087244 	41.0372311195 	-4.99694424293 	6.30177929731e-19
0.336 	0.0864016736402 	-1.04477792482e-19 	0.168215756391 	0.000692853644488 	242.786853659 	-237.473984582 	41.0591460988 	-4.896675549 	1.44901670876e-18
0.336 	0.0878661087866 	1.39841827629e-18 	0.16833559011 	0.00070136609146 	240.011018725 	-237.75641876 	41.0698130711 	-4.84562108097 	-2.60579069221e-18
0.336 	0.0893305439331 	2.47630688012e-18 	0.168412482642 	0.000717801607379 	234.622604506 	-238.290789636 	41.0905167935 	-4.74170773985 	2.15777512621e-18
0.336 	0.0907949790795 	-6.34853706114e-19 	0.168362717127 	0.000725673012789 	232.009064909 	-238.542163435 	41.1005373907 	-4.68886505194 	-2.33407938181e-18
0.336 	0.0922594142259 	-5.69481651412e-19 	0.168249253287 	0.000733276195796 	229.448677391 	-238.782636009 	41.1103293509 	-4.63544357102 	1.00291613283e-18
0.336 	0.0937238493724 	-1.27626849976e-18 	0.168068155286 	0.00074058087803 	226.940986829 	-239.011949569 	41.1198890602 	-4.58145294547 	3.5141998696e-20
0.336 	0.0951882845188 	-8.68803453766e-19 	0.167486002318 	0.000754163146551 	222.081923632 	-239.436122192 	41.1382995737 	-4.47180494942 	-1.03839095178e-19
0.336 	0.0966527196653 	-5.30112077395e-19 	0.167075575832 	0.000760368732906 	219.72967667 	-239.630521336 	41.1471429968 	-4.41616881535 	-1.54610615701e-18
0.336 	0.0981171548117 	-3.16310630072e-19 	0.166578583478 	0.000766130970967 	217.4283377 	-239.812842918 	41.1557399926 	-4.3600060927 	9.34936093381e-19
0.336 	0.0995815899582 	3.5086283874e-19 	0.165989004488 	0.000771405439453 	215.17738403 	-239.982888665 	41.1640878953 	-4.30332850087 	8.69078491046e-19
0.336 	0.101046025105 	-1.31694911039e-18 	0.164503595779 	0.000780287853741 	210.824242605 	-240.285429229 	41.1800332514 	-4.18847784903 	-3.18256586051e-19
0.336 	0.102510460251 	1.30060766246e-18 	0.163590832668 	0.000783778352924 	208.720784463 	-240.417599026 	41.1876314426 	-4.13033034613 	-1.43776456585e-18
0.336 	0.103974895397 	9.23195740964e-19 	0.162551707151 	0.000786545382977 	206.665388507 	-240.536844061 	41.1949827689 	-4.07171930501 	-1.35019053045e-20
0.336 	0.105439330544 	6.80942491025e-19 	0.161375928816 	0.000788515296149 	204.657956039 	-240.643040741 	41.2020966743 	-4.0126595205 	-2.4723159544e-19
0.336 	0.10690376569 	1.11455393155e-18 	0.16005406576 	0.000789614569805 	202.698977299 	-240.736081259 	41.2089977312 	-3.95316765806 	5.50878002741e-19
0.336 	0.108368200837 	5.28469336789e-19 	0.158579104216 	0.000789777359844 	200.789630444 	-240.815873042 	41.2157302882 	-3.89326206162 	2.05826655386e-18
0.336 	0.109832635983 	-4.61943237719e-19 	0.156948030113 	0.000788954983763 	198.931540257 	-240.882337885 	41.2223467357 	-3.83296066429 	-1.65902793312e-18
0.336 	0.11129707113 	-7.40940603557e-19 	0.155162988708 	0.000787124925345 	197.126254946 	-240.935411369 	41.2288713439 	-3.77227720112 	-3.52986201625e-19
0.336 	0.112761506276 	-1.20709716209e-18 	0.151167588224 	0.000780520347556 	193.675397058 	-241.001199904 	41.2413366975 	-3.64978231108 	2.62145712472e-19
0.336 	0.114225941423 	7.36517270666e-19 	0.148988605666 	0.000775874549971 	192.026669353 	-241.013865888 	41.2469033635 	-3.58796738266 	4.11073007548e-19
0.336 	0.115690376569 	-1.47468640313e-19 	0.146716981331 	0.000770472391164 	190.424709585 	-241.013046766 	41.2517467999 	-3.52577523277 	-6.56995320444e-19
0.336 	0.117154811715 	-1.64093875236e-19 	0.144377846889 	0.000764447622014 	188.865584418 	-240.99876863 	41.2557657783 	-3.46321713722 	4.46578401079e-19
0.336 	0.118619246862 	-1.28678452333e-19 	0.14199791799 	0.000757945288881 	187.345867932 	-240.971076975 	41.2589966201 	-3.40031310366 	1.49655259706e-18
0.336 	0.120083682008 	-2.49389173401e-19 	0.139603826399 	0.000751110564721 	185.863217688 	-240.93003573 	41.2615730808 	-3.3370876041 	-1.26377210203e-18
0.336 	0.121548117155 	1.72891449491e-18 	0.13722034399 	0.000744078455403 	184.416499353 	-240.875727673 	41.2636474283 	-3.27356484069 	-1.42916919014e-18
0.336 	0.123012552301 	-9.59188989167e-19 	0.134868839788 	0.000736965916736 	183.005532176 	-240.80825605 	41.2653272364 	-3.20976605054 	-1.96657090994e-19
0.336 	0.124476987448 	-7.84999726317e-19 	0.132566305655 	0.000729867422528 	181.630665465 	-240.727746307 	41.266657919 	-3.14570920275 	1.41140658611e-18
0.336 	0.125941422594 	-3.67950151498e-19 	0.130325097481 	0.000722854135947 	180.292386804 	-240.634347008 	41.2676422183 	-3.08141000564 	6.93944595505e-19
0.336 	0.127405857741 	1.10738373873e-18 	0.130325097481 	0.000722854135947 	180.292386804 	-240.634347008 	41.2676422183 	-3.08141000564 	6.93944595505e-19
0.336 	0.128870292887 	1.29559578036e-18 	0.128153301181 	0.000715975964258 	178.991066151 	-240.528229819 	41.2682688732 	-3.01688305905 	-1.7645135722e-19
0.336 	0.130334728033 	-5.17323174717e-19 	0.126055484773 	0.000709265308062 	177.726844017 	-240.409588973 	41.2685302891 	-2.95214259986 	-1.55054859921e-18
0.336 	0.13179916318 	-3.5925630135e-19 	0.124033577987 	0.000702741329218 	176.499620601 	-240.278640715 	41.268426291 	-2.88720280479 	1.73627122434e-18
0.336 	0.133263598326 	1.99901832147e-19 	0.122087688806 	0.0006964138909 	175.30909478 	-240.135622895 	41.2679610446 	-2.82207781836 	5.37820851624e-19
0.336 	0.134728033473 	-1.50649946233e-18 	0.120216760403 	0.000690286738667 	174.154816642 	-239.980794724 	41.2671398428 	-2.75678166851 	-5.27518671406e-19
0.336 	0.136192468619 	-8.19862284026e-19 	0.118419048231 	0.000684359827729 	173.036235374 	-239.814436595 	41.2659679529 	-2.69132817323 	-8.83322166978e-19
0.336 	0.137656903766 	-4.30190337874e-19 	0.116692440053 	0.000678630897885 	171.95273663 	-239.636849928 	41.2644507755 	-2.62573087772 	8.81740460302e-19
0.336 	0.139121338912 	5.48551951508e-20 	0.115034656724 	0.000673096471608 	170.903669201 	-239.448357034 	41.2625942107 	-2.56000301928 	-3.3638491655e-19
0.336 	0.140585774059 	1.05633454914e-18 	0.115034656724 	0.000673096471608 	170.903669201 	-239.448357034 	41.2625942107 	-2.56000301928 	-3.3638491655e-19
0.336 	0.142050209205 	-6.7095004761e-19 	0.113443370557 	0.00066775245058 	169.888362759 	-239.249300994 	41.260404809 	-2.49415750263 	-1.27294412174e-18
0.336 	0.143514644351 	7.77920959021e-19 	0.111916270759 	0.000662594453228 	168.906138912 	-239.04004554 	41.2578897668 	-2.42820687456 	6.95777688439e-19
0.336 	0.144979079498 	-4.01360543211e-19 	0.110451097084 	0.000657617996188 	167.956317687 	-238.820974934 	41.2550568923 	-2.36216329398 	-8.91473133967e-19
0.336 	0.146443514644 	-2.56942806436e-19 	0.109045655591 	0.000652818587446 	167.038221167 	-238.592493835 	41.2519145895 	-2.29603850143 	1.79388848542e-18
0.336 	0.147907949791 	-1.2071925018e-18 	0.107697824922 	0.000648191772292 	166.15117551 	-238.355027163 	41.2484718552 	-2.22984378752 	-9.13859089318e-19
0.336 	0.149372384937 	-1.33758077276e-18 	0.107697824922 	0.000648191772292 	166.15117551 	-238.355027163 	41.2484718552 	-2.22984378752 	-9.13859089318e-19
0.336 	0.150836820084 	-3.91631257699e-19 	0.106405557844 	0.000643733155396 	165.2945121 	-238.109019935 	41.2447382765 	-2.16358996284 	-2.95864244596e-19
0.336 	0.15230125523 	-8.6658714396e-20 	0.105166880562 	0.000639438411283 	164.46756827 	-237.854937107 	41.2407240265 	-2.09728732709 	5.06247670484e-19
0.336 	0.153765690377 	-2.36679777707e-19 	0.103979891086 	0.000635303289519 	163.66968785 	-237.59326339 	41.2364398579 	-2.03094563893 	-1.51268722497e-20
0.336 	0.155230125523 	3.74980542066e-19 	0.102842757257 	0.000631323617581 	162.900221681 	-237.32450307 	41.2318970964 	-1.96457408546 	9.40237871186e-19
0.336 	0.156694560669 	2.75352040126e-19 	0.102842757257 	0.000631323617581 	162.900221681 	-237.32450307 	41.2318970964 	-1.96457408546 	9.40237871186e-19
0.336 	0.158158995816 	1.31771582695e-18 	0.101753714717 	0.000627495302821 	162.158528135 	-237.049179807 	41.227107633 	-1.8981812519 	-1.56320293298e-19
0.336 	0.159623430962 	6.56868168269e-19 	0.100711064915 	0.000623814334026 	161.443973666 	-236.767836438 	41.2220839171 	-1.83177509125 	-1.99981403754e-20
0.336 	0.161087866109 	-5.58389012813e-20 	0.0997131731701 	0.000620276782838 	160.755933366 	-236.48103477 	41.2168389481 	-1.76536289418 	-8.03251391236e-19
0.336 	0.162552301255 	-3.11406587724e-20 	0.0997131731701 	0.000620276782838 	160.755933366 	-236.48103477 	41.2168389481 	-1.76536289418 	-8.03251391236e-19
0.336 	0.164016736402 	-1.74568400559e-18 	0.0987584667865 	0.00061687880504 	160.093791486 	-236.189355368 	41.2113862681 	-1.69895125857 	3.2693061919e-19
0.336 	0.165481171548 	7.85859272389e-19 	0.0978454332263 	0.000613616641874 	159.456941923 	-235.893397359 	41.2057399525 	-1.6325460598 	-9.84480484473e-19
0.336 	0.166945606695 	-2.20482910964e-19 	0.0978454332263 	0.000613616641874 	159.456941923 	-235.893397359 	41.2057399525 	-1.6325460598 	-9.84480484473e-19
0.336 	0.168410041841 	-7.57744222216e-19 	0.0969726183295 	0.000610486621378 	158.844788622 	-235.593778198 	41.1999146021 	-1.56615241943 	6.84866995506e-20
0.336 	0.169874476987 	-1.29029972567e-18 	0.0961386246171 	0.000607485159927 	158.25674594 	-235.291133498 	41.1939253335 	-1.49977467699 	1.35487946442e-18
0.336 	0.171338912134 	2.88347818493e-19 	0.0961386246171 	0.000607485159927 	158.25674594 	-235.291133498 	41.1939253335 	-1.49977467699 	1.35487946442e-18
0.336 	0.17280334728 	2.30911051342e-19 	0.0953421097637 	0.000604608763645 	157.692239174 	-234.986116778 	41.1877877704 	-1.43341635587 	-8.10842859936e-19
0.336 	0.174267782427 	9.2862530494e-19 	0.0945817847029 	0.000601853986519 	157.150715658 	-234.679399353 	41.1815180335 	-1.3670801389 	-1.02390524437e-19
0.336 	0.175732217573 	-4.86944046132e-20 	0.0938564122471 	0.000599217518614 	156.631622627 	-234.371670008 	41.1751327323 	-1.30076782731 	1.5423346296e-19
0.336 	0.17719665272 	-6.17582937612e-20 	0.0938564122471 	0.000599217518614 	156.631622627 	-234.371670008 	41.1751327323 	-1.30076782731 	1.5423346296e-19
0.336 	0.178661087866 	1.12445162931e-18 	0.0931648059787 	0.000596696143885 	156.134419392 	-234.063635044 	41.1686489538 	-1.23448032674 	3.58432832555e-20
0.336 	0.180125523013 	-2.19761271591e-18 	0.0925058286731 	0.000594286743436 	155.658576764 	-233.756017756 	41.1620842569 	-1.16821758775 	3.67840357521e-19
0.336 	0.181589958159 	1.04385920455e-18 	0.0925058286731 	0.000594286743436 	155.658576764 	-233.756017756 	41.1620842569 	-1.16821758775 	3.67840357521e-19
0.336 	0.183054393305 	8.5895775305e-19 	0.0918783911989 	0.000591986299988 	155.203576841 	-233.449558885 	41.1554566556 	-1.10197862027 	-6.15071720739e-20
0.336 	0.184518828452 	-4.46811426245e-20 	0.0918783911989 	0.000591986299988 	155.203576841 	-233.449558885 	41.1554566556 	-1.10197862027 	-6.15071720739e-20
0.336 	0.185983263598 	-4.5129058776e-19 	0.091281451033 	0.00058979189922 	154.768912821 	-233.145015489 	41.1487846221 	-1.03576138547 	-2.36647399214e-19
0.336 	0.187447698745 	-1.09900210224e-18 	0.0907140114982 	0.000587700730506 	154.354090083 	-232.843162475 	41.1420870558 	-0.969562887092 	-3.90361914134e-19
0.336 	0.188912133891 	5.08612192129e-19 	0.0907140114982 	0.000587700730506 	154.354090083 	-232.843162475 	41.1420870558 	-0.969562887092 	-3.90361914134e-19
0.336 	0.190376569038 	-4.89536325368e-19 	0.0901751199074 	0.000585710080907 	153.958627053 	-232.544789819 	41.1353833103 	-0.903378935601 	9.2638095412e-20
0.336 	0.191841004184 	8.88912404103e-19 	0.0896638675815 	0.00058381733482 	153.582057664 	-232.250706866 	41.1286931274 	-0.837204442152 	4.88243231381e-19
0.336 	0.193305439331 	-6.87997257379e-20 	0.0896638675815 	0.00058381733482 	153.582057664 	-232.250706866 	41.1286931274 	-0.837204442152 	4.88243231381e-19
0.336 	0.194769874477 	1.02359777969e-18 	0.089179387079 	0.000582019964545 	153.223931328 	-231.961735234 	41.1220367187 	-0.77103285353 	-4.20949476548e-19
0.336 	0.196234309623 	2.85250025083e-19 	0.089179387079 	0.000582019964545 	153.223931328 	-231.961735234 	41.1220367187 	-0.77103285353 	-4.20949476548e-19
0.336 	0.19769874477 	1.11026470333e-18 	0.0887208541334 	0.000580315539529 	152.883815942 	-231.678720127 	41.1154346137 	-0.704856966327 	-1.9747208401e-19
0.336 	0.199163179916 	-9.92978662386e-19 	0.0882874824629 	0.000578701711445 	152.561294907 	-231.402512253 	41.1089078759 	-0.638667532405 	2.89865580861e-19
0.336 	0.200627615063 	-2.25615501964e-19 	0.0882874824629 	0.000578701711445 	152.561294907 	-231.402512253 	41.1089078759 	-0.638667532405 	2.89865580861e-19
0.336 	0.202092050209 	-1.14522149187e-18 	0.0878785300693 	0.000577176241358 	152.255972738 	-231.133996608 	41.1024777461 	-0.572455374228 	4.70047266828e-19
0.336 	0.203556485356 	-4.0001785145e-19 	0.0878785300693 	0.000577176241358 	152.255972738 	-231.133996608 	41.1024777461 	-0.572455374228 	4.70047266828e-19
0.336 	0.205020920502 	1.12448777166e-18 	0.0874621843839 	0.000575506866791 	151.97418038 	-232.17261697 	41.1281871964 	-0.499727063051 	3.56467831178e-19
0.336 	0.206485355649 	-1.43811821531e-18 	0.0871027399269 	0.000574162249883 	151.704052199 	-231.908234026 	41.1216676998 	-0.433696445674 	-2.09912729048e-19
0.336 	0.207949790795 	7.26935898129e-19 	0.0871027399269 	0.000574162249883 	151.704052199 	-231.908234026 	41.1216676998 	-0.433696445674 	-2.09912729048e-19
0.336 	0.209414225941 	5.80441833446e-19 	0.0867655613668 	0.000572899266663 	151.44994315 	-231.654688003 	41.1153231105 	-0.367609084599 	-6.10124017038e-20
0.336 	0.210878661088 	-8.01040646845e-19 	0.0867655613668 	0.000572899266663 	151.44994315 	-231.654688003 	41.1153231105 	-0.367609084599 	-6.10124017038e-20
0.336 	0.212343096234 	-1.2227973538e-18 	0.0864500799995 	0.000571716134385 	151.211545031 	-231.412994204 	41.1091758265 	-0.301454238209 	-1.06117708738e-20
0.336 	0.213807531381 	-3.16737319891e-19 	0.0864500799995 	0.000571716134385 	151.211545031 	-231.412994204 	41.1091758265 	-0.301454238209 	-1.06117708738e-20
0.336 	0.215271966527 	-4.85814412264e-19 	0.0861557277733 	0.000570611035447 	150.988541092 	-231.184022229 	41.1032503509 	-0.23520750178 	1.77564872411e-19
0.336 	0.216736401674 	-8.96151770576e-19 	0.0861557277733 	0.000570611035447 	150.988541092 	-231.184022229 	41.1032503509 	-0.23520750178 	1.77564872411e-19
0.336 	0.21820083682 	2.70941778143e-19 	0.0858820312239 	0.000569582461173 	150.780680724 	-230.968909584 	41.0975689375 	-0.168861692204 	2.64031354857e-19
0.336 	0.219665271967 	7.83526333246e-19 	0.0856284679466 	0.000568628686499 	150.587668156 	-230.76842945 	41.0921580089 	-0.102379436066 	-4.30530776077e-19
0.336 	0.221129707113 	-1.12114807738e-19 	0.0856284679466 	0.000568628686499 	150.587668156 	-230.76842945 	41.0921580089 	-0.102379436066 	-4.30530776077e-19
0.336 	0.222594142259 	1.7233988819e-18 	0.0853946840533 	0.000567748565514 	150.409334766 	-230.583954576 	41.0870387558 	-0.0357652717733 	2.60943447984e-19
0.336 	0.224058577406 	6.49746785936e-19 	0.0853946840533 	0.000567748565514 	150.409334766 	-230.583954576 	41.0870387558 	-0.0357652717733 	2.60943447984e-19
0.336 	0.225523012552 	1.31309937659e-18 	0.0851801659106 	0.000566940324725 	150.245382443 	-230.41599752 	41.0822407608 	0.0310438253572 	-7.63687235873e-20
0.336 	0.226987447699 	-9.47614849948e-19 	0.0851801659106 	0.000566940324725 	150.245382443 	-230.41599752 	41.0822407608 	0.0310438253572 	-7.63687235873e-20
0.336 	0.228451882845 	5.7604429721e-19 	0.0849847344652 	0.000566203374646 	150.095775247 	-230.266413287 	41.0777824196 	0.0980133914948 	-8.45311105443e-20
0.336 	0.229916317992 	-7.06168891072e-19 	0.0849847344652 	0.000566203374646 	150.095775247 	-230.266413287 	41.0777824196 	0.0980133914948 	-8.45311105443e-20
0.336 	0.231380753138 	-9.56210764435e-19 	0.0848078055033 	0.000565535583295 	149.960158137 	-230.135095388 	41.0736987786 	0.16525950852 	-2.78977406745e-20
0.336 	0.232845188285 	-7.76972434753e-19 	0.0848078055033 	0.000565535583295 	149.960158137 	-230.135095388 	41.0736987786 	0.16525950852 	-2.78977406745e-20
0.336 	0.234309623431 	4.69354757348e-20 	0.0846494938932 	0.000564937331254 	149.838732918 	-230.024910701 	41.0700023787 	0.232678271909 	1.76736814122e-19
0.336 	0.235774058577 	5.42809651605e-20 	0.0846494938932 	0.000564937331254 	149.838732918 	-230.024910701 	41.0700023787 	0.232678271909 	1.76736814122e-19
0.336 	0.237238493724 	-7.34044968649e-19 	0.084508974417 	0.000564405458937 	149.730965707 	-229.934368981 	41.0667376723 	0.300497096869 	-7.54298940251e-20
0.336 	0.23870292887 	-1.71655009989e-18 	0.084508974417 	0.000564405458937 	149.730965707 	-229.934368981 	41.0667376723 	0.300497096869 	-7.54298940251e-20
0.336 	0.240167364017 	-1.42020664583e-19 	0.0843869066256 	0.000563942186967 	149.637513518 	-229.868462351 	41.0639063928 	0.36845883209 	2.49947355575e-19
0.336 	0.241631799163 	6.41261470407e-19 	0.0843869066256 	0.000563942186967 	149.637513518 	-229.868462351 	41.0639063928 	0.36845883209 	2.49947355575e-19
0.336 	0.24309623431 	-1.37293215934e-19 	0.0842818653987 	0.000563541917533 	149.557402523 	-229.822721201 	41.061568408 	0.437023913238 	-1.34893351186e-19
0.336 	0.244560669456 	5.01072011278e-19 	0.0842818653987 	0.000563541917533 	149.557402523 	-229.822721201 	41.061568408 	0.437023913238 	-1.34893351186e-19
0.336 	0.246025104603 	-8.2400891008e-19 	0.0841955727896 	0.000563210505538 	149.492191573 	-229.806553609 	41.0597076885 	0.505608140477 	3.7262063719e-20
0.336 	0.247489539749 	2.91494402814e-19 	0.0841955727896 	0.000563210505538 	149.492191573 	-229.806553609 	41.0597076885 	0.505608140477 	3.7262063719e-20
0.336 	0.248953974895 	-6.23631085487e-19 	0.084125264926 	0.000562937005064 	149.439926971 	-229.809262728 	41.0584068015 	0.575153804793 	1.94500448933e-19
0.336 	0.250418410042 	-3.34416036181e-19 	0.084125264926 	0.000562937005064 	149.439926971 	-229.809262728 	41.0584068015 	0.575153804793 	1.94500448933e-19
0.336 	0.251882845188 	-1.95414446465e-19 	0.0840747896775 	0.000562734573762 	149.403988306 	-229.849265796 	41.0576275484 	0.64439769271 	-2.36942419903e-20
0.336 	0.253347280335 	8.43786757695e-19 	0.0840747896775 	0.000562734573762 	149.403988306 	-229.849265796 	41.0576275484 	0.64439769271 	-2.36942419903e-20
0.336 	0.254811715481 	1.03305160919e-18 	0.0840385203618 	0.000562580881094 	149.380334785 	-229.903216132 	41.0574700838 	0.715260999345 	9.71060455634e-20
0.336 	0.256276150628 	2.65679849366e-19 	0.0840385203618 	0.000562580881094 	149.380334785 	-229.903216132 	41.0574700838 	0.715260999345 	9.71060455634e-20
0.336 	0.257740585774 	1.22264264514e-18 	0.0840385203618 	0.000562580881094 	149.380334785 	-229.903216132 	41.0574700838 	0.715260999345 	9.71060455634e-20
0.336 	0.259205020921 	-4.76393677421e-19 	0.0840244355718 	0.000562503180228 	149.375929817 	-230.007467237 	41.0578636207 	0.785107261188 	-1.02692688825e-19
0.336 	0.260669456067 	-3.22000945941e-19 	0.0840244355718 	0.000562503180228 	149.375929817 	-230.007467237 	41.0578636207 	0.785107261188 	-1.02692688825e-19
0.336 	0.262133891213 	5.50296405992e-20 	0.0840211890098 	0.000562456231651 	149.382626206 	-230.11374693 	41.0589735161 	0.85780138581 	-7.93672258863e-20
0.336 	0.26359832636 	-7.39741014504e-19 	0.0840211890098 	0.000562456231651 	149.382626206 	-230.11374693 	41.0589735161 	0.85780138581 	-7.93672258863e-20
0.336 	0.265062761506 	7.53330043226e-19 	0.0840447351392 	0.000562493943124 	149.414471332 	-230.293107781 	41.0607404999 	0.928006182189 	4.79079552013e-20
0.336 	0.266527196653 	3.69076454885e-19 	0.0840447351392 	0.000562493943124 	149.414471332 	-230.293107781 	41.0607404999 	0.928006182189 	4.79079552013e-20
0.336 	0.267991631799 	2.91397193554e-19 	0.0840718953615 	0.000562523087333 	149.455013056 	-230.449706032 	41.0632200392 	1.00334935974 	1.59821861808e-20
0.336 	0.269456066946 	1.21768629715e-18 	0.0840718953615 	0.000562523087333 	149.455013056 	-230.449706032 	41.0632200392 	1.00334935974 	1.59821861808e-20
0.336 	0.270920502092 	1.46622802723e-20 	0.0840718953615 	0.000562523087333 	149.455013056 	-230.449706032 	41.0632200392 	1.00334935974 	1.59821861808e-20
0.336 	0.272384937238 	4.35292621687e-19 	0.0841331194066 	0.000562643455959 	149.531854526 	-230.71958102 	41.0664069293 	1.0733151486 	-7.49749116644e-20
0.336 	0.273849372385 	2.76285824044e-19 	0.0841331194066 	0.000562643455959 	149.531854526 	-230.71958102 	41.0664069293 	1.0733151486 	-7.49749116644e-20
0.336 	0.275313807531 	2.90608640063e-19 	0.0841805816435 	0.000562659064097 	149.612059976 	-230.919335446 	41.0702752147 	1.1526330614 	-4.37535281147e-20
0.336 	0.276778242678 	-3.4827330382e-20 	0.0841805816435 	0.000562659064097 	149.612059976 	-230.919335446 	41.0702752147 	1.1526330614 	-4.37535281147e-20
0.336 	0.278242677824 	2.17172791869e-19 	0.0842667490327 	0.000562728973904 	149.74659728 	-231.302089005 	41.0751195909 	1.2211735791 	1.0939201036e-19
0.336 	0.279707112971 	1.83727234651e-18 	0.0842667490327 	0.000562728973904 	149.74659728 	-231.302089005 	41.0751195909 	1.2211735791 	1.0939201036e-19
0.336 	0.281171548117 	4.0121377571e-19 	0.0842667490327 	0.000562728973904 	149.74659728 	-231.302089005 	41.0751195909 	1.2211735791 	1.0939201036e-19
0.336 	0.282635983264 	-1.23320918599e-19 	0.0842908274893 	0.000562429298139 	149.86919737 	-231.530139985 	41.0804321698 	1.30661382639 	2.22068308301e-20
0.336 	0.28410041841 	7.42290108091e-19 	0.0842908274893 	0.000562429298139 	149.86919737 	-231.530139985 	41.0804321698 	1.30661382639 	2.22068308301e-20
0.336 	0.285564853556 	1.287892551e-19 	0.0843360137715 	0.000561969993964 	150.072094022 	-232.057658531 	41.0871503224 	1.37159069243 	1.43691740943e-20
0.336 	0.287029288703 	1.85779067539e-19 	0.0843360137715 	0.000561969993964 	150.072094022 	-232.057658531 	41.0871503224 	1.37159069243 	1.43691740943e-20
0.336 	0.288493723849 	8.94358272207e-19 	0.084201061042 	0.000560472366536 	150.232314864 	-232.289303222 	41.0939045273 	1.46651598082 	5.31983722612e-20
0.336 	0.289958158996 	5.9511302517e-20 	0.084201061042 	0.000560472366536 	150.232314864 	-232.289303222 	41.0939045273 	1.46651598082 	5.31983722612e-20
0.336 	0.291422594142 	-5.47971795243e-19 	0.084201061042 	0.000560472366536 	150.232314864 	-232.289303222 	41.0939045273 	1.46651598082 	5.31983722612e-20
0.336 	0.292887029289 	-3.99569897301e-19 	0.0840220750945 	0.000558178761305 	150.528971934 	-233.004463562 	41.1028053853 	1.52441848296 	5.85415729561e-20
0.336 	0.294351464435 	-1.10141744457e-18 	0.0840220750945 	0.000558178761305 	150.528971934 	-233.004463562 	41.1028053853 	1.52441848296 	5.85415729561e-20
0.336 	0.295815899582 	-1.15628299302e-18 	0.0834536330105 	0.000553520585815 	150.768797312 	-233.20538741 	41.1091233435 	1.63381107492 	9.24233825139e-20
0.336 	0.297280334728 	8.1253953191e-19 	0.0834536330105 	0.000553520585815 	150.768797312 	-233.20538741 	41.1091233435 	1.63381107492 	9.24233825139e-20
0.336 	0.298744769874 	1.49414669603e-19 	0.0834536330105 	0.000553520585815 	150.768797312 	-233.20538741 	41.1091233435 	1.63381107492 	9.24233825139e-20
0.336 	0.300209205021 	-4.66391946088e-19 	0.0828415126529 	0.000547238406413 	151.381028236 	-234.159079579 	41.1135156277 	1.67917776021 	5.15901037819e-20
0.336 	0.301673640167 	4.73684783936e-19 	0.0828415126529 	0.000547238406413 	151.381028236 	-234.159079579 	41.1135156277 	1.67917776021 	5.15901037819e-20
0.336 	0.303138075314 	-2.47611442493e-19 	0.0817363178551 	0.000537633682597 	152.029756507 	-234.292746601 	41.1075633307 	1.80963346928 	5.01427979492e-21
0.336 	0.30460251046 	1.53317341227e-19 	0.0817363178551 	0.000537633682597 	152.029756507 	-234.292746601 	41.1075633307 	1.80963346928 	5.01427979492e-21
0.336 	0.306066945607 	7.08022703147e-19 	0.0817363178551 	0.000537633682597 	152.029756507 	-234.292746601 	41.1075633307 	1.80963346928 	5.01427979492e-21
0.336 	0.307531380753 	-4.0178035239e-19 	0.0810297648278 	0.000528215160878 	153.402951731 	-235.521333349 	41.0900721309 	1.83494131317 	-4.07097458339e-20
0.336 	0.3089958159 	1.0590189739e-19 	0.0810297648278 	0.000528215160878 	153.402951731 	-235.521333349 	41.0900721309 	1.83494131317 	-4.07097458339e-20
0.336 	0.310460251046 	-5.73590661058e-19 	0.0810297648278 	0.000528215160878 	153.402951731 	-235.521333349 	41.0900721309 	1.83494131317 	-4.07097458339e-20
0.336 	0.311924686192 	-1.05563579432e-18 	0.081088844075 	0.000521278468755 	155.557631737 	-235.575546963 	41.011350052 	1.99206391325 	-3.90383358835e-20
0.336 	0.313389121339 	-1.04360382604e-19 	0.081088844075 	0.000521278468755 	155.557631737 	-235.575546963 	41.011350052 	1.99206391325 	-3.90383358835e-20
0.336 	0.314853556485 	1.92834517742e-20 	0.0822910788952 	0.000518903424793 	158.586501771 	-237.098937053 	40.883150247 	1.98411327898 	-1.79386253646e-19
0.336 	0.316317991632 	-1.96982764284e-19 	0.0822910788952 	0.000518903424793 	158.586501771 	-237.098937053 	40.883150247 	1.98411327898 	-1.79386253646e-19
0.336 	0.317782426778 	-6.39484388796e-19 	0.0822910788952 	0.000518903424793 	158.586501771 	-237.098937053 	40.883150247 	1.98411327898 	-1.79386253646e-19
0.336 	0.319246861925 	-1.14945925515e-18 	0.0827943862873 	0.000390217811906 	160.615973653 	-237.082267439 	40.7200055687 	2.17541570934 	6.56399769326e-20
0.336 	0.320711297071 	-5.41523870904e-19 	0.0827943862873 	0.000390217811906 	160.615973653 	-237.082267439 	40.7200055687 	2.17541570934 	6.56399769326e-20
0.336 	0.322175732218 	-1.5168054214e-19 	0.0827943862873 	0.000390217811906 	160.615973653 	-237.082267439 	40.7200055687 	2.17541570934 	6.56399769326e-20
0.336 	0.323640167364 	3.04383140734e-19 	0.0797700437135 	0.000508538736924 	156.861292801 	-238.852438727 	40.4048647497 	2.12444076377 	-2.46655433489e-20
0.336 	0.32510460251 	3.7578873639e-19 	0.0797700437135 	0.000508538736924 	156.861292801 	-238.852438727 	40.4048647497 	2.12444076377 	-2.46655433489e-20
