0.378 	0.00585774058577 	3.03883950025e-18 	8.90081386623 	0.000970291340978 	9173.34154219 	-121.658693714 	-6.84584192907 	1.65207388518 	2.03680715319e-18
0.378 	0.00732217573222 	3.59303236434e-18 	15.8811049752 	0.00333510289231 	4761.80360486 	-122.25672071 	-5.76439241134 	1.43903325835 	-4.55783530038e-19
0.378 	0.00878661087866 	2.82369583202e-18 	21.2200012661 	0.00541636303347 	3917.75830664 	-122.85810854 	-4.50410894421 	1.17786072884 	-4.69561084057e-19
0.378 	0.0102510460251 	-8.82815078865e-19 	26.0130288402 	0.00700908450869 	3711.33046091 	-123.44747926 	-3.0545598815 	0.866145510762 	-1.71171320992e-19
0.378 	0.0117154811715 	-1.36846668253e-18 	29.6548272169 	0.00790089779807 	3753.3490465 	-123.89315327 	-1.72590498743 	0.572210937363 	-4.97618000747e-19
0.378 	0.013179916318 	-1.4683603708e-18 	33.210332216 	0.00844461583917 	3932.7226778 	-124.293312894 	-0.209052978244 	0.229925010296 	-2.30287494113e-19
0.378 	0.0146443514644 	-5.38967491712e-18 	36.7496617985 	0.00863561644708 	4255.59217732 	-124.61755193 	1.54843694277 	-0.171143911607 	4.69054965917e-19
0.378 	0.0161087866109 	-2.23161933194e-18 	40.359822171 	0.00829941133896 	4758.38456001 	-124.819380724 	3.63269214624 	-0.645687969869 	1.28792334694e-19
0.378 	0.0175732217573 	-2.98736323167e-18 	43.1935120911 	0.00744129091327 	5284.6563227 	-124.84456182 	5.578096234 	-1.08007357628 	-1.27223283299e-19
0.378 	0.0190376569038 	-1.30134801265e-18 	46.4096338743 	0.00643332854554 	6017.14670924 	-124.676616142 	8.90951900272 	-1.79241752463 	-1.11999449038e-18
0.378 	0.0205020920502 	9.38706998033e-19 	47.2227415046 	0.00585021953312 	6416.17090925 	-124.415921161 	12.0331208882 	-2.41855161486 	7.23447160994e-19
0.378 	0.0219665271967 	1.8746178347e-18 	45.4086346023 	0.00564752179352 	6579.28442412 	-124.106824549 	15.5677006019 	-3.08063116842 	-1.88286913831e-19
0.378 	0.0234309623431 	1.40540249949e-18 	40.9377562558 	0.00596801498235 	6508.34464506 	-123.811412088 	19.1054297687 	-3.69835440512 	-3.11830803776e-19
0.378 	0.0248953974895 	1.05761764333e-18 	34.8320133438 	0.00549344244711 	6340.65318408 	-123.404297757 	22.4810399821 	-4.2418845331 	-1.38012282031e-18
0.378 	0.026359832636 	2.06787494439e-18 	26.8542539939 	0.00446724660539 	6011.36591866 	-122.977915028 	25.9829346715 	-4.75349248871 	-2.76458469583e-19
0.378 	0.0278242677824 	1.22630325185e-18 	17.6880921002 	0.00332510934449 	5319.55201097 	-122.576643795 	29.4008541127 	-5.20493359764 	-2.36921070861e-18
0.378 	0.0292887029289 	5.52027070629e-19 	12.021840076 	0.00262818281691 	4574.20237234 	-122.336375713 	31.4016411962 	-5.44801248197 	-7.16548654205e-19
0.378 	0.0307531380753 	9.09598883791e-19 	6.1766920747 	0.00191986285201 	3217.25693492 	-122.00019462 	33.5994302632 	-5.69458899492 	4.46815307119e-19
0.378 	0.0322175732218 	-4.73140820722e-19 	4.18134291459 	0.00171044143194 	2444.59870798 	-121.780171642 	34.5279312832 	-5.78738422513 	2.37415704872e-18
0.378 	0.0336820083682 	-9.84850836922e-20 	3.11867485199 	0.00163792132312 	1904.04435669 	-121.570718484 	35.2018736501 	-5.84564785028 	1.10471678325e-18
0.378 	0.0351464435146 	2.71465294334e-19 	2.28955038534 	0.00160091129437 	1430.15443353 	-121.297969645 	36.0088119554 	-5.90164718703 	-1.0310862498e-18
0.378 	0.0366108786611 	3.04896055609e-19 	1.92149099574 	0.00154941959113 	1240.13598817 	-121.152308135 	36.4847435938 	-5.92686546138 	1.47024082035e-19
0.378 	0.0380753138075 	-4.93851106799e-19 	1.6000705595 	0.00145667128557 	1098.44312533 	-121.039365683 	36.9223383622 	-5.94342248235 	1.23054385452e-19
0.378 	0.039539748954 	2.1941293986e-18 	1.30161363285 	0.00132676547482 	981.042737057 	-120.960980166 	37.3126471007 	-5.94982256616 	4.60141095716e-19
0.378 	0.0410041841004 	8.40204059086e-19 	1.02673807552 	0.00117306585755 	875.260386206 	-120.918141164 	37.6384122726 	-5.9435173103 	8.39428531109e-19
0.378 	0.0424686192469 	5.79154358631e-19 	0.785585265996 	0.00101242594817 	775.94343311 	-120.913027371 	37.8796831138 	-5.9217839717 	8.46575266869e-19
0.378 	0.0439330543933 	1.15077177045e-18 	0.587555885442 	0.000860441357783 	682.854072654 	-120.947082316 	38.0236494096 	-5.88318661845 	8.46301135724e-19
0.378 	0.0453974895397 	2.29484776776e-18 	0.435185528916 	0.000727842269783 	597.911864951 	-121.022262507 	38.0790190195 	-5.82961308618 	-4.25624283254e-19
0.378 	0.0468619246862 	1.2783570897e-18 	0.324579923546 	0.000620185355303 	523.359542064 	-121.140164885 	38.0811083276 	-5.76668406103 	-1.6811042135e-18
0.378 	0.0483263598326 	1.75873498325e-18 	0.249288482669 	0.000540226747354 	461.451573602 	-121.301389734 	38.0716812205 	-5.70050360557 	1.99635809372e-19
0.378 	0.0497907949791 	-1.06580272476e-19 	0.222605206794 	0.000510905820225 	435.706930676 	-121.398209681 	38.0701878406 	-5.66722630923 	-2.31122155221e-18
0.378 	0.0512552301255 	8.16966685538e-19 	0.186255629123 	0.000472284457392 	394.371710117 	-121.624228515 	38.0748610857 	-5.60039588757 	-3.55329361739e-19
0.378 	0.052719665272 	2.10567141286e-19 	0.16634947975 	0.000456143707556 	364.686560386 	-121.89368583 	38.0847657096 	-5.53246575244 	5.15197320831e-19
0.378 	0.0541841004184 	8.66233768422e-19 	0.156647350824 	0.00045596063922 	343.554546928 	-122.206950908 	38.096399432 	-5.46292858945 	-1.78544245943e-19
0.378 	0.0556485355649 	1.38689965487e-18 	0.154168877004 	0.000459881334727 	335.236212827 	-122.380044372 	38.1026952171 	-5.42752688073 	8.8261891962e-19
0.378 	0.0571129707113 	7.07899677048e-19 	0.151999353576 	0.000472699876786 	321.555729206 	-122.758987282 	38.1163334667 	-5.35545563599 	-1.63344819899e-18
0.378 	0.0585774058577 	7.08673495396e-19 	0.15178918777 	0.000480739625134 	315.740953801 	-122.964696459 	38.1236801177 	-5.31878179463 	8.83014112919e-19
0.378 	0.0600418410042 	9.05638634323e-19 	0.15229457427 	0.000498702092746 	305.381863212 	-123.408074671 	38.1393887001 	-5.24414073556 	7.43130771113e-19
0.378 	0.0615062761506 	2.03919104907e-19 	0.1528143247 	0.000508296500685 	300.640127354 	-123.645478972 	38.1477322729 	-5.20616656991 	-1.09578411042e-18
0.378 	0.0629707112971 	3.12532954847e-19 	0.154100386031 	0.000528228001224 	291.730816378 	-124.150928274 	38.1653552253 	-5.12889448962 	6.77621050309e-19
0.378 	0.0644351464435 	1.31245693786e-18 	0.154801913044 	0.00053845311493 	287.493764547 	-124.418610961 	38.1746182893 	-5.08959033571 	3.33031420939e-20
0.378 	0.06589958159 	-1.14666209036e-19 	0.15551538531 	0.000548800750451 	283.373128011 	-124.696000188 	38.184172285 	-5.04983687445 	1.441401677e-18
0.378 	0.0673640167364 	-8.12368799795e-19 	0.156929761734 	0.000569756163956 	275.433196974 	-125.279019825 	38.2041278011 	-4.96897163386 	5.04402413296e-19
0.378 	0.0688284518828 	-1.57013767116e-18 	0.157613791497 	0.000580318090272 	271.598962946 	-125.584177984 	38.2145189161 	-4.92785520925 	2.60737370826e-19
0.378 	0.0702928870293 	1.31094320183e-18 	0.158905336201 	0.000601504233556 	264.179913185 	-126.220513773 	38.2361048359 	-4.84424437085 	1.89603850597e-19
0.378 	0.0717573221757 	1.14418036801e-18 	0.15950342266 	0.000612086554041 	260.589652896 	-126.551142825 	38.247290402 	-4.8017461936 	1.84022585324e-19
0.378 	0.0732217573222 	-4.44670673842e-19 	0.160064305605 	0.000622633444183 	257.076305651 	-126.889693207 	38.2587314216 	-4.75878389142 	5.1372926712e-19
0.378 	0.0746861924686 	-6.47369481328e-19 	0.160584391967 	0.000633123362043 	253.638392759 	-127.235860413 	38.2704228603 	-4.71535589077 	-1.98763604847e-19
0.378 	0.0761506276151 	1.10353505299e-18 	0.161489161395 	0.000653844454624 	246.984065175 	-127.949769547 	38.2945318762 	-4.62709667803 	5.7717850484e-19
0.378 	0.0776150627615 	1.22299231664e-18 	0.161867844736 	0.000664030729513 	243.76559328 	-128.316845762 	38.3069330035 	-4.58226239813 	6.74666440286e-19
0.378 	0.0790794979079 	1.41678370655e-18 	0.162193606626 	0.000674069976261 	240.618351711 	-128.690208182 	38.3195517272 	-4.5369563417 	-9.87980924431e-19
0.378 	0.0805439330544 	3.36128629428e-19 	0.162463653046 	0.000683938041721 	237.541477642 	-129.069497984 	38.3323767427 	-4.49117715495 	6.25608054887e-19
0.378 	0.0820083682008 	-5.39069782524e-19 	0.162675120123 	0.00069360958781 	234.534128395 	-129.454346809 	38.3453963956 	-4.4449236759 	-1.30985005384e-18
0.378 	0.0834728033473 	1.31382830414e-18 	0.162909897937 	0.000712253401201 	228.724633202 	-130.239203611 	38.3719729014 	-4.35099040178 	1.50763079915e-19
0.378 	0.0849372384937 	1.75571440767e-18 	0.162926177018 	0.000721165110022 	225.92077009 	-130.63843218 	38.385506827 	-4.30330958555 	-1.97233254658e-19
0.378 	0.0864016736402 	2.75444983577e-19 	0.162869556638 	0.000729757949225 	223.182983907 	-131.041662265 	38.3991898775 	-4.2551524953 	-6.52292363348e-20
0.378 	0.0878661087866 	1.12300976204e-18 	0.162735087732 	0.000737992953293 	220.510354477 	-131.448486743 	38.4130119031 	-4.20651945907 	-7.69339243362e-19
0.378 	0.0893305439331 	-2.59653330915e-19 	0.162516942977 	0.000745826104661 	217.901923734 	-131.858492859 	38.4269638359 	-4.15741120699 	-1.72410927992e-19
0.378 	0.0907949790795 	-2.31277328178e-18 	0.162208206931 	0.000753207190859 	215.356689235 	-132.271263053 	38.4410380605 	-4.10782891134 	3.46197775713e-19
0.378 	0.0922594142259 	1.33112639878e-18 	0.161800652857 	0.000760078500524 	212.873608114 	-132.686375815 	38.4552286671 	-4.05777421287 	-1.9109212481e-19
0.378 	0.0937238493724 	2.02711959886e-19 	0.161284546998 	0.000766373504516 	210.451621888 	-133.103406571 	38.4695314824 	-4.00724922266 	1.95172073216e-19
0.378 	0.0951882845188 	1.38147960531e-18 	0.160648561991 	0.000772015849307 	208.089720095 	-133.521928585 	38.4839440372 	-3.95625652377 	3.97180137389e-19
0.378 	0.0966527196653 	1.83166324949e-18 	0.159879923369 	0.000776919250293 	205.787053557 	-133.941513844 	38.4984662281 	-3.90479926478 	1.21254326306e-18
0.378 	0.0981171548117 	-5.71773368026e-19 	0.158964928814 	0.000780989071769 	203.543089859 	-134.361733947 	38.5131031019 	-3.85288149409 	-4.50684547745e-19
0.378 	0.0995815899582 	-7.72111317333e-19 	0.157889932387 	0.000784126353342 	201.357768061 	-134.782160945 	38.5278707061 	-3.80050876735 	3.55109811884e-19
0.378 	0.101046025105 	-5.64789398667e-19 	0.156642760496 	0.000786234654322 	199.23156482 	-135.202368026 	38.5428024857 	-3.74768863718 	-5.92638689329e-19
0.378 	0.102510460251 	-4.00835718303e-19 	0.15521436414 	0.000787229345916 	197.165368575 	-135.621929748 	38.5579476999 	-3.69443007988 	-2.13668381221e-19
0.378 	0.103974895397 	6.60530328243e-19 	0.153600409226 	0.000787048175724 	195.16011086 	-136.040421479 	38.5733506327 	-3.64074095885 	-3.81406611175e-19
0.378 	0.105439330544 	5.59427146432e-19 	0.151802541947 	0.000785661424582 	193.216234369 	-136.457418376 	38.5890084594 	-3.58662389719 	5.89709997619e-19
0.378 	0.10690376569 	1.17408321587e-18 	0.149829196773 	0.000783079906801 	191.33321577 	-136.872494909 	38.6048266644 	-3.53207290986 	-1.97705201545e-19
0.378 	0.108368200837 	-8.24796635352e-20 	0.147695883776 	0.000779359230365 	189.509379015 	-137.285226261 	38.6206075425 	-3.4770739419 	1.16041511605e-20
0.378 	0.109832635983 	-7.38343666299e-19 	0.145424828569 	0.000774599001475 	187.742081118 	-137.695191747 	38.6360972673 	-3.42161050594 	-1.79246094705e-19
0.378 	0.11129707113 	3.4267370338e-19 	0.143043811712 	0.000768936359183 	186.028154351 	-138.101978713 	38.6510778139 	-3.36567185419 	-3.96010317397e-19
0.378 	0.112761506276 	-6.16360178875e-20 	0.143043811712 	0.000768936359183 	186.028154351 	-138.101978713 	38.6510778139 	-3.36567185419 	-3.96010317397e-19
0.378 	0.114225941423 	-1.12764022662e-18 	0.140584246173 	0.000762534603121 	184.364415198 	-138.505184847 	38.6654511879 	-3.30925876079 	7.90796762909e-19
0.378 	0.115690376569 	8.31806184421e-20 	0.138078815274 	0.000755569092685 	182.748098897 	-138.904418289 	38.6792624129 	-3.25238343519 	-2.22394379731e-19
0.378 	0.117154811715 	-9.39543026198e-19 	0.135559111805 	0.000748213123883 	181.177137206 	-139.299297126 	38.6926501857 	-3.1950642431 	-1.27492537746e-19
0.378 	0.118619246862 	5.49716934222e-19 	0.133053645888 	0.000740626046471 	179.6502385 	-139.689450349 	38.7057640205 	-3.13731916934 	-1.25221624199e-19
0.378 	0.120083682008 	-3.25991037852e-19 	0.130586455327 	0.000732945008395 	178.166784453 	-140.074520754 	38.7187018705 	-3.07916182975 	-1.95105026613e-20
0.378 	0.121548117155 	-5.46624472791e-19 	0.130586455327 	0.000732945008395 	178.166784453 	-140.074520754 	38.7187018705 	-3.07916182975 	-1.95105026613e-20
0.378 	0.123012552301 	-9.40420467177e-19 	0.12817641218 	0.000725280776974 	176.726608852 	-140.454168361 	38.7314955963 	-3.02060113998 	4.50530173682e-19
0.378 	0.124476987448 	9.1658769054e-19 	0.125837183763 	0.000717717269076 	175.329742205 	-140.828072643 	38.7441332723 	-2.96164319995 	-1.74699338785e-19
0.378 	0.125941422594 	7.95856407e-19 	0.123577708113 	0.000710313891784 	173.97619495 	-141.195933089 	38.7565895448 	-2.90229333305 	1.00475832456e-19
0.378 	0.127405857741 	8.31189066529e-19 	0.121402995915 	0.000703109588625 	172.665823193 	-141.557468916 	38.768843772 	-2.84255716802 	6.19846102168e-20
0.378 	0.128870292887 	4.52904561416e-19 	0.121402995915 	0.000703109588625 	172.665823193 	-141.557468916 	38.768843772 	-2.84255716802 	6.19846102168e-20
0.378 	0.130334728033 	6.59758772686e-19 	0.119315062146 	0.000696127525457 	171.39828233 	-141.912418925 	38.780883466 	-2.78244080577 	-4.07018386984e-19
0.378 	0.13179916318 	1.37378238316e-18 	0.117313818453 	0.000689379565622 	170.173042984 	-142.260541912 	38.7927007095 	-2.72195059395 	3.52616615472e-19
0.378 	0.133263598326 	4.69188536512e-19 	0.115397817003 	0.000682870010413 	168.989434655 	-142.60161745 	38.8042886386 	-2.66109290579 	-1.95923132752e-19
0.378 	0.134728033473 	-2.29283264972e-20 	0.115397817003 	0.000682870010413 	168.989434655 	-142.60161745 	38.8042886386 	-2.66109290579 	-1.95923132752e-19
0.378 	0.136192468619 	4.08128642948e-20 	0.113564805773 	0.000676598415829 	167.846691799 	-142.935446736 	38.8156402478 	-2.59987403391 	3.56065860361e-19
0.378 	0.137656903766 	-7.09558387694e-19 	0.111812107793 	0.000670561541742 	166.743991166 	-143.261853378 	38.8267486332 	-2.53830015419 	-2.74806862012e-19
0.378 	0.139121338912 	2.36086043289e-19 	0.110136861884 	0.000664754609789 	165.680478574 	-143.580684133 	38.8376074358 	-2.47637730136 	2.58770746235e-19
0.378 	0.140585774059 	-5.43207189266e-19 	0.110136861884 	0.000664754609789 	165.680478574 	-143.580684133 	38.8376074358 	-2.47637730136 	2.58770746235e-19
0.378 	0.142050209205 	1.954514351e-19 	0.108536165979 	0.000659172068096 	164.655286885 	-143.891809621 	38.8482110293 	-2.41411133305 	-3.78772514592e-19
0.378 	0.143514644351 	1.71997388285e-19 	0.10700715704 	0.000653808031561 	163.667547468 	-144.19512504 	38.8585545273 	-2.35150788469 	2.1534330907e-19
0.378 	0.144979079498 	-3.244727581e-20 	0.105547052309 	0.000648656522511 	162.716397116 	-144.490550866 	38.8686337631 	-2.28857231939 	-4.48050586913e-20
0.378 	0.146443514644 	-5.62658867552e-20 	0.105547052309 	0.000648656522511 	162.716397116 	-144.490550866 	38.8686337631 	-2.28857231939 	-4.48050586913e-20
0.378 	0.147907949791 	-1.74784179889e-18 	0.10415316838 	0.000643711595946 	161.800982048 	-144.778033507 	38.878445292 	-2.22530967666 	3.72354264622e-19
0.378 	0.149372384937 	2.69608693176e-19 	0.102822928381 	0.000638967401935 	160.920460214 	-145.057545924 	38.8879864071 	-2.1617246193 	-3.36145378585e-19
0.378 	0.150836820084 	-1.03812092653e-18 	0.102822928381 	0.000638967401935 	160.920460214 	-145.057545924 	38.8879864071 	-2.1617246193 	-3.36145378585e-19
0.378 	0.15230125523 	-9.64672158297e-19 	0.10155386318 	0.000634418215729 	160.074002703 	-145.329088205 	38.8972551558 	-2.09782137828 	8.19671710899e-20
0.378 	0.153765690377 	-3.35926458439e-20 	0.100343609812 	0.000630058452059 	159.260794747 	-145.592688086 	38.9062503529 	-2.03360369566 	2.49223419987e-19
0.378 	0.155230125523 	-3.31168876469e-19 	0.100343609812 	0.000630058452059 	159.260794747 	-145.592688086 	38.9062503529 	-2.03360369566 	2.49223419987e-19
0.378 	0.156694560669 	-9.3827699362e-19 	0.0991899087411 	0.000625882672065 	158.480036544 	-145.848401442 	38.9149715903 	-1.96907476521 	-1.84534199583e-19
0.378 	0.158158995816 	-8.0923569531e-20 	0.0980906006925 	0.000621885586829 	157.730944035 	-146.096312701 	38.9234192456 	-1.90423717025 	-7.74536965974e-20
0.378 	0.159623430962 	1.30951930532e-19 	0.0980906006925 	0.000621885586829 	157.730944035 	-146.096312701 	38.9234192456 	-1.90423717025 	-7.74536965974e-20
0.378 	0.161087866109 	2.85076156104e-19 	0.0970436234359 	0.000618062059487 	157.012749685 	-146.336535258 	38.9315944891 	-1.83909282125 	2.7345048303e-19
0.378 	0.162552301255 	1.0263892162e-18 	0.0970436234359 	0.000618062059487 	157.012749685 	-146.336535258 	38.9315944891 	-1.83909282125 	2.7345048303e-19
0.378 	0.164016736402 	-1.26015870646e-18 	0.0960470086403 	0.000614407106709 	156.324703265 	-146.569211764 	38.9394992888 	-1.77364288677 	-5.85000302138e-19
0.378 	0.165481171548 	5.93361601688e-19 	0.0950988789202 	0.000610915900197 	155.666072678 	-146.79451449 	38.947136414 	-1.70788773066 	3.01982581426e-19
0.378 	0.166945606695 	-9.80579953861e-20 	0.0950988789202 	0.000610915900197 	155.666072678 	-146.79451449 	38.947136414 	-1.70788773066 	3.01982581426e-19
0.378 	0.168410041841 	3.5618377763e-19 	0.0941974450117 	0.000607583768069 	155.036144746 	-147.012645436 	38.9545094361 	-1.64182683131 	1.50771606391e-21
0.378 	0.169874476987 	8.43099199307e-19 	0.0933410033935 	0.000604406195547 	154.434226653 	-147.223836764 	38.9616227297 	-1.57545872635 	-1.75487077258e-19
0.378 	0.171338912134 	9.4532284356e-19 	0.0933410033935 	0.000604406195547 	154.434226653 	-147.223836764 	38.9616227297 	-1.57545872635 	-1.75487077258e-19
0.378 	0.17280334728 	1.00526696596e-18 	0.09252793328 	0.000601378773286 	153.859659486 	-147.428350518 	38.9684814678 	-1.50878090559 	-3.3399740962e-20
0.378 	0.174267782427 	-7.2592415953e-19 	0.09252793328 	0.000601378773286 	153.859659486 	-147.428350518 	38.9684814678 	-1.50878090559 	-3.3399740962e-20
0.378 	0.175732217573 	-6.60592841489e-19 	0.0917566950357 	0.000598497323564 	153.311788413 	-147.626479481 	38.9750916225 	-1.44178978769 	2.02989370203e-19
0.378 	0.17719665272 	6.99891670692e-19 	0.0910258281012 	0.000595757827778 	152.789982535 	-147.81854591 	38.981459951 	-1.37448054385 	1.38357743042e-19
0.378 	0.178661087866 	3.36403684683e-19 	0.0910258281012 	0.000595757827778 	152.789982535 	-147.81854591 	38.981459951 	-1.37448054385 	1.38357743042e-19
0.378 	0.180125523013 	1.33474609376e-19 	0.0903339496591 	0.000593156438064 	152.293634297 	-148.004903845 	38.9875940018 	-1.30684717847 	-9.43582896753e-20
0.378 	0.181589958159 	2.96297302436e-19 	0.0903339496591 	0.000593156438064 	152.293634297 	-148.004903845 	38.9875940018 	-1.30684717847 	-9.43582896753e-20
0.378 	0.183054393305 	-9.40349425766e-19 	0.0896797520223 	0.000590689480406 	151.822158676 	-148.185935178 	38.9935020824 	-1.2388821607 	6.34926004401e-20
0.378 	0.184518828452 	1.04044104458e-19 	0.0896797520223 	0.000590689480406 	151.822158676 	-148.185935178 	38.9935020824 	-1.2388821607 	6.34926004401e-20
0.378 	0.185983263598 	1.01523575668e-18 	0.089062003126 	0.00058835346735 	151.374994911 	-148.362056217 	38.9991932849 	-1.1705768122 	-2.50158509885e-19
0.378 	0.187447698745 	5.58367787438e-20 	0.089062003126 	0.00058835346735 	151.374994911 	-148.362056217 	38.9991932849 	-1.1705768122 	-2.50158509885e-19
0.378 	0.188912133891 	-1.53802829324e-18 	0.088479542318 	0.000586145090997 	150.951605118 	-148.53370645 	39.0046774118 	-1.10192041004 	1.28633929353e-19
0.378 	0.190376569038 	1.57056644916e-18 	0.0879312843517 	0.000584061242748 	150.551479735 	-148.701367027 	39.0099650619 	-1.03290143089 	8.55038066334e-20
0.378 	0.191841004184 	-2.17034872983e-20 	0.0879312843517 	0.000584061242748 	150.551479735 	-148.701367027 	39.0099650619 	-1.03290143089 	8.55038066334e-20
0.378 	0.193305439331 	-1.08185693194e-18 	0.0874162104049 	0.000582098983105 	150.17413351 	-148.865529762 	39.0150674478 	-0.963505229419 	-1.25037373943e-19
0.378 	0.194769874477 	3.09706973176e-20 	0.0874162104049 	0.000582098983105 	150.17413351 	-148.865529762 	39.0150674478 	-0.963505229419 	-1.25037373943e-19
0.378 	0.196234309623 	6.02528132721e-19 	0.0869333807675 	0.000580255590237 	149.819118041 	-149.026747655 	39.0199966482 	-0.893717582737 	8.59293137935e-20
0.378 	0.19769874477 	1.0803478393e-19 	0.0869333807675 	0.000580255590237 	149.819118041 	-149.026747655 	39.0199966482 	-0.893717582737 	8.59293137935e-20
0.378 	0.199163179916 	-1.63356207958e-18 	0.0864819132227 	0.000578528483031 	149.48600762 	-149.185551902 	39.0247651444 	-0.823518627909 	1.05765116644e-19
0.378 	0.200627615063 	4.05427741161e-19 	0.0864819132227 	0.000578528483031 	149.48600762 	-149.185551902 	39.0247651444 	-0.823518627909 	1.05765116644e-19
0.378 	0.202092050209 	1.55135837218e-18 	0.0860610172771 	0.000576915351607 	149.174427474 	-149.342585784 	39.0293865135 	-0.752892387906 	-1.52960326841e-19
0.378 	0.203556485356 	-4.06005159298e-19 	0.0860610172771 	0.000576915351607 	149.174427474 	-149.342585784 	39.0293865135 	-0.752892387906 	-1.52960326841e-19
0.378 	0.205020920502 	-1.68636758604e-20 	0.0856699402562 	0.000575413962904 	148.884013561 	-149.498388614 	39.033874248 	-0.681811152266 	2.95411889602e-20
0.378 	0.206485355649 	-3.44266715138e-19 	0.0856699402562 	0.000575413962904 	148.884013561 	-149.498388614 	39.033874248 	-0.681811152266 	2.95411889602e-20
0.378 	0.207949790795 	-1.45265392048e-19 	0.0853080538638 	0.00057402248723 	148.614480724 	-149.653740121 	39.038243581 	-0.610260098029 	3.78298742049e-20
0.378 	0.209414225941 	4.17244878504e-19 	0.0853080538638 	0.00057402248723 	148.614480724 	-149.653740121 	39.038243581 	-0.610260098029 	3.78298742049e-20
0.378 	0.210878661088 	1.25319160473e-19 	0.0849747206184 	0.000572739006718 	148.365520109 	-149.809113541 	39.0425085021 	-0.538197924761 	-1.37608993375e-19
0.378 	0.212343096234 	2.56635871836e-19 	0.0849747206184 	0.000572739006718 	148.365520109 	-149.809113541 	39.0425085021 	-0.538197924761 	-1.37608993375e-19
0.378 	0.213807531381 	7.60195534389e-19 	0.08466950546 	0.000571562307552 	148.136964844 	-149.965535988 	39.0466864116 	-0.465618491716 	1.252649163e-19
0.378 	0.215271966527 	2.30799744672e-21 	0.08466950546 	0.000571562307552 	148.136964844 	-149.965535988 	39.0466864116 	-0.465618491716 	1.252649163e-19
0.378 	0.216736401674 	2.32807092973e-19 	0.0843918518251 	0.000570490674321 	147.928538754 	-150.123242471 	39.0507906969 	-0.392454072174 	9.66253343044e-20
0.378 	0.21820083682 	1.74900972341e-18 	0.0843918518251 	0.000570490674321 	147.928538754 	-150.123242471 	39.0507906969 	-0.392454072174 	9.66253343044e-20
0.378 	0.219665271967 	9.57313691065e-20 	0.0841415861559 	0.00056952377719 	147.740251638 	-150.283764401 	39.0548422743 	-0.318725225588 	-2.06004921044e-19
0.378 	0.221129707113 	-1.33353906708e-19 	0.0841415861559 	0.00056952377719 	147.740251638 	-150.283764401 	39.0548422743 	-0.318725225588 	-2.06004921044e-19
0.378 	0.222594142259 	1.66822419769e-19 	0.0839181512613 	0.00056865980302 	147.571800953 	-150.446709872 	39.0588515197 	-0.24430923463 	1.6880146765e-19
0.378 	0.224058577406 	4.5206022781e-19 	0.0839181512613 	0.00056865980302 	147.571800953 	-150.446709872 	39.0588515197 	-0.24430923463 	1.6880146765e-19
0.378 	0.225523012552 	6.022053795e-19 	0.0837217815656 	0.000567899858544 	147.423494312 	-150.614689187 	39.0628461084 	-0.169294405332 	-1.9979669166e-19
0.378 	0.226987447699 	9.22567772711e-20 	0.0837217815656 	0.000567899858544 	147.423494312 	-150.614689187 	39.0628461084 	-0.169294405332 	-1.9979669166e-19
0.378 	0.228451882845 	5.69213001373e-19 	0.0835517326635 	0.000567241324399 	147.294862115 	-150.785832169 	39.0668281788 	-0.0934406230433 	-4.50967573893e-20
0.378 	0.229916317992 	5.96787626246e-19 	0.0835517326635 	0.000567241324399 	147.294862115 	-150.785832169 	39.0668281788 	-0.0934406230433 	-4.50967573893e-20
0.378 	0.231380753138 	1.12904284461e-18 	0.0835517326635 	0.000567241324399 	147.294862115 	-150.785832169 	39.0668281788 	-0.0934406230433 	-4.50967573893e-20
0.378 	0.232845188285 	1.79617374561e-19 	0.0834089559875 	0.000566687895371 	147.1867613 	-150.965069853 	39.0708393091 	-0.0169938966176 	4.96717052925e-20
0.378 	0.234309623431 	-2.25182546558e-19 	0.0834089559875 	0.000566687895371 	147.1867613 	-150.965069853 	39.0708393091 	-0.0169938966176 	4.96717052925e-20
0.378 	0.235774058577 	-2.90695387176e-19 	0.0832921121439 	0.000566234583679 	147.098242574 	-151.147248013 	39.0748626741 	0.0605362701379 	-7.51176785541e-20
0.378 	0.237238493724 	-1.11656918006e-19 	0.0832921121439 	0.000566234583679 	147.098242574 	-151.147248013 	39.0748626741 	0.0605362701379 	-7.51176785541e-20
0.378 	0.23870292887 	-2.40132078154e-19 	0.0832035134861 	0.000565890062345 	147.031232783 	-151.342212163 	39.0789701244 	0.138555658695 	-8.34797770221e-20
0.378 	0.240167364017 	2.91051767758e-19 	0.0832035134861 	0.000565890062345 	147.031232783 	-151.342212163 	39.0789701244 	0.138555658695 	-8.34797770221e-20
0.378 	0.241631799163 	5.59542897825e-19 	0.0831403231385 	0.0005656435022 	146.983608607 	-151.537822006 	39.0830958891 	0.21808082491 	-6.45728041272e-20
0.378 	0.24309623431 	1.03553346747e-18 	0.0831403231385 	0.0005656435022 	146.983608607 	-151.537822006 	39.0830958891 	0.21808082491 	-6.45728041272e-20
0.378 	0.244560669456 	-4.90722890569e-19 	0.0831403231385 	0.0005656435022 	146.983608607 	-151.537822006 	39.0830958891 	0.21808082491 	-6.45728041272e-20
0.378 	0.246025104603 	1.25065414249e-18 	0.0831075594325 	0.000565513549392 	146.959448667 	-151.754060103 	39.0873764848 	0.297778893402 	2.71827407305e-21
0.378 	0.247489539749 	-7.59832362055e-19 	0.0831075594325 	0.000565513549392 	146.959448667 	-151.754060103 	39.0873764848 	0.297778893402 	2.71827407305e-21
0.378 	0.248953974895 	7.54635270372e-19 	0.0830991163908 	0.000565476753098 	146.954080668 	-151.96449334 	39.0916648298 	0.379745863114 	4.17376369056e-21
0.378 	0.250418410042 	3.30890805707e-19 	0.0830991163908 	0.000565476753098 	146.954080668 	-151.96449334 	39.0916648298 	0.379745863114 	4.17376369056e-21
0.378 	0.251882845188 	2.37076376761e-20 	0.0830991163908 	0.000565476753098 	146.954080668 	-151.96449334 	39.0916648298 	0.379745863114 	4.17376369056e-21
0.378 	0.253347280335 	-7.87708101152e-19 	0.0831253126212 	0.000565571237156 	146.97584877 	-152.209354058 	39.0962356752 	0.461137993304 	-6.90242670995e-20
0.378 	0.254811715481 	-6.31532016321e-19 	0.0831253126212 	0.000565571237156 	146.97584877 	-152.209354058 	39.0962356752 	0.461137993304 	-6.90242670995e-20
0.378 	0.256276150628 	4.3112327461e-19 	0.0831730767351 	0.000565746718539 	147.014686978 	-152.434054856 	39.1007395927 	0.546205586763 	1.8317067641e-20
0.378 	0.257740585774 	3.85699857429e-19 	0.0831730767351 	0.000565746718539 	147.014686978 	-152.434054856 	39.1007395927 	0.546205586763 	1.8317067641e-20
0.378 	0.259205020921 	-1.09554317663e-18 	0.0832632830922 	0.000566080165433 	147.087441279 	-152.717843575 	39.1057069529 	0.629117723185 	-4.29858502148e-20
0.378 	0.260669456067 	1.11731165918e-18 	0.0832632830922 	0.000566080165433 	147.087441279 	-152.717843575 	39.1057069529 	0.629117723185 	-4.29858502148e-20
0.378 	0.262133891213 	9.85141307062e-19 	0.0832632830922 	0.000566080165433 	147.087441279 	-152.717843575 	39.1057069529 	0.629117723185 	-4.29858502148e-20
0.378 	0.26359832636 	1.63179970418e-19 	0.083368818547 	0.000566467195036 	147.173250768 	-152.952868571 	39.1104218973 	0.718293297406 	1.55654723168e-20
0.378 	0.265062761506 	3.91250529142e-19 	0.083368818547 	0.000566467195036 	147.173250768 	-152.952868571 	39.1104218973 	0.718293297406 	1.55654723168e-20
0.378 	0.266527196653 	1.60630288084e-21 	0.0835309344402 	0.000567059164354 	147.305501244 	-153.290541384 	39.1159301622 	0.802200840896 	2.36403597647e-20
0.378 	0.267991631799 	1.661972884e-19 	0.0835309344402 	0.000567059164354 	147.305501244 	-153.290541384 	39.1159301622 	0.802200840896 	2.36403597647e-20
0.378 	0.269456066946 	1.01319097432e-19 	0.0835309344402 	0.000567059164354 	147.305501244 	-153.290541384 	39.1159301622 	0.802200840896 	2.36403597647e-20
0.378 	0.270920502092 	4.65443690405e-19 	0.0836949700318 	0.00056764535366 	147.442359023 	-153.526589559 	39.1208262451 	0.897053809734 	2.63794051186e-20
0.378 	0.272384937238 	3.1226104365e-19 	0.0836949700318 	0.00056764535366 	147.442359023 	-153.526589559 	39.1208262451 	0.897053809734 	2.63794051186e-20
0.378 	0.273849372385 	-3.4106400705e-19 	0.0839406233812 	0.000568515440374 	147.648801457 	-153.939879629 	39.127074117 	0.980836260555 	-2.36351150859e-20
0.378 	0.275313807531 	-4.31236138525e-19 	0.0839406233812 	0.000568515440374 	147.648801457 	-153.939879629 	39.127074117 	0.980836260555 	-2.36351150859e-20
0.378 	0.276778242678 	-6.47925121431e-19 	0.0839406233812 	0.000568515440374 	147.648801457 	-153.939879629 	39.127074117 	0.980836260555 	-2.36351150859e-20
0.378 	0.278242677824 	-1.46092949772e-18 	0.0841605672073 	0.000569253755342 	147.843675018 	-154.160071103 	39.1320515456 	1.08380201938 	-5.91667801059e-20
0.378 	0.279707112971 	1.35156490881e-19 	0.0841605672073 	0.000569253755342 	147.843675018 	-154.160071103 	39.1320515456 	1.08380201938 	-5.91667801059e-20
0.378 	0.281171548117 	5.57894390046e-19 	0.0841605672073 	0.000569253755342 	147.843675018 	-154.160071103 	39.1320515456 	1.08380201938 	-5.91667801059e-20
0.378 	0.282635983264 	-1.62690993572e-19 	0.0845031284781 	0.000570388484409 	148.150130636 	-154.67950861 	39.1392898117 	1.16540641587 	-1.92769568221e-20
0.378 	0.28410041841 	-1.20501991901e-18 	0.0845031284781 	0.000570388484409 	148.150130636 	-154.67950861 	39.1392898117 	1.16540641587 	-1.92769568221e-20
0.378 	0.285564853556 	8.80089334331e-19 	0.0847574552743 	0.000571093157833 	148.412661073 	-154.857825324 	39.1441646377 	1.28017584366 	-7.7833715573e-20
0.378 	0.287029288703 	-1.10353100509e-19 	0.0847574552743 	0.000571093157833 	148.412661073 	-154.857825324 	39.1441646377 	1.28017584366 	-7.7833715573e-20
0.378 	0.288493723849 	-9.93563527697e-19 	0.0847574552743 	0.000571093157833 	148.412661073 	-154.857825324 	39.1441646377 	1.28017584366 	-7.7833715573e-20
0.378 	0.289958158996 	-6.60443208924e-19 	0.0851722207574 	0.00057220858476 	148.848205053 	-155.523226421 	39.1526210389 	1.35622106783 	-5.50960945159e-21
0.378 	0.291422594142 	-2.58611666197e-19 	0.0851722207574 	0.00057220858476 	148.848205053 	-155.523226421 	39.1526210389 	1.35622106783 	-5.50960945159e-21
0.378 	0.292887029289 	1.49277520321e-19 	0.0851722207574 	0.00057220858476 	148.848205053 	-155.523226421 	39.1526210389 	1.35622106783 	-5.50960945159e-21
0.378 	0.294351464435 	9.97332317021e-20 	0.0853075711507 	0.00057198253209 	149.143664998 	-155.625702842 	39.1570601753 	1.48813998238 	-5.89085254486e-20
0.378 	0.295815899582 	-8.80786474171e-19 	0.0853075711507 	0.00057198253209 	149.143664998 	-155.625702842 	39.1570601753 	1.48813998238 	-5.89085254486e-20
0.378 	0.297280334728 	-8.09688994379e-19 	0.0853075711507 	0.00057198253209 	149.143664998 	-155.625702842 	39.1570601753 	1.48813998238 	-5.89085254486e-20
0.378 	0.298744769874 	6.03037651479e-19 	0.0855387329619 	0.000571539298167 	149.663782064 	-156.482377238 	39.1668788153 	1.55358524108 	-6.94680472834e-20
0.378 	0.300209205021 	-4.91423180091e-20 	0.0855387329619 	0.000571539298167 	149.663782064 	-156.482377238 	39.1668788153 	1.55358524108 	-6.94680472834e-20
0.378 	0.301673640167 	-1.86016907874e-19 	0.0849772218194 	0.000567299551313 	149.792506662 	-156.474864684 	39.1707756429 	1.70989741776 	-6.99457751493e-20
0.378 	0.303138075314 	9.99169994582e-19 	0.0849772218194 	0.000567299551313 	149.792506662 	-156.474864684 	39.1707756429 	1.70989741776 	-6.99457751493e-20
0.378 	0.30460251046 	-2.33571605181e-19 	0.0849772218194 	0.000567299551313 	149.792506662 	-156.474864684 	39.1707756429 	1.70989741776 	-6.99457751493e-20
0.378 	0.306066945607 	-1.34258916797e-19 	0.0844104513335 	0.000544812993151 	150.360981131 	-157.561232525 	39.1822303328 	1.75805445303 	-5.72858963128e-20
0.378 	0.307531380753 	5.94319361388e-19 	0.0844104513335 	0.000544812993151 	150.360981131 	-157.561232525 	39.1822303328 	1.75805445303 	-5.72858963128e-20
0.378 	0.3089958159 	-1.03950305209e-18 	0.0844104513335 	0.000544812993151 	150.360981131 	-157.561232525 	39.1822303328 	1.75805445303 	-5.72858963128e-20
0.378 	0.310460251046 	-3.14504564393e-19 	0.0831214711498 	0.000550917242942 	150.878325583 	-157.42889292 	39.1865323647 	1.94765474231 	-2.48000774918e-20
0.378 	0.311924686192 	1.05389725356e-18 	0.0831214711498 	0.000550917242942 	150.878325583 	-157.42889292 	39.1865323647 	1.94765474231 	-2.48000774918e-20
0.378 	0.313389121339 	-8.36373374036e-19 	0.0831214711498 	0.000550917242942 	150.878325583 	-157.42889292 	39.1865323647 	1.94765474231 	-2.48000774918e-20
0.378 	0.314853556485 	-5.11714915992e-19 	0.082518235847 	0.000540443423034 	152.686169042 	-158.757473944 	39.2003605745 	1.97088387477 	9.61530864456e-20
0.378 	0.316317991632 	-1.89411608707e-19 	0.082518235847 	0.000540443423034 	152.686169042 	-158.757473944 	39.2003605745 	1.97088387477 	9.61530864456e-20
0.378 	0.317782426778 	-8.90605993227e-19 	0.082518235847 	0.000540443423034 	152.686169042 	-158.757473944 	39.2003605745 	1.97088387477 	9.61530864456e-20
0.378 	0.319246861925 	1.02733909375e-18 	0.081667223689 	0.000528865766443 	154.419568955 	-158.538399122 	39.2038268333 	2.20287689826 	1.98052347567e-20
0.378 	0.320711297071 	-6.37531429025e-19 	0.081667223689 	0.000528865766443 	154.419568955 	-158.538399122 	39.2038268333 	2.20287689826 	1.98052347567e-20
0.378 	0.322175732218 	4.28365344882e-19 	0.081667223689 	0.000528865766443 	154.419568955 	-158.538399122 	39.2038268333 	2.20287689826 	1.98052347567e-20
0.378 	0.323640167364 	6.02523560212e-19 	0.0808157467379 	0.000519412544967 	155.590671656 	-161.468498665 	39.2095352749 	2.18708018909 	2.67228433242e-20
0.378 	0.32510460251 	-1.72467290448e-19 	0.0808157467379 	0.000519412544967 	155.590671656 	-161.468498665 	39.2095352749 	2.18708018909 	2.67228433242e-20
0.378 	0.326569037657 	-5.91846692705e-19 	0.0808157467379 	0.000519412544967 	155.590671656 	-161.468498665 	39.2095352749 	2.18708018909 	2.67228433242e-20
0.378 	0.328033472803 	-7.46433487593e-19 	0.0799044780309 	0.000512509566865 	155.908266298 	-161.281170406 	39.3763199655 	2.47710430225 	-1.12295984388e-19
0.378 	0.32949790795 	9.86142798587e-19 	0.0799044780309 	0.000512509566865 	155.908266298 	-161.281170406 	39.3763199655 	2.47710430225 	-1.12295984388e-19
0.378 	0.330962343096 	-4.61771827088e-21 	0.0799044780309 	0.000512509566865 	155.908266298 	-161.281170406 	39.3763199655 	2.47710430225 	-1.12295984388e-19
0.378 	0.332426778243 	1.97027253848e-19 	0.0801006674728 	0.000511432223515 	156.620298428 	-162.892726858 	38.8614447281 	2.40556905226 	1.34220351685e-19
0.378 	0.333891213389 	3.99590094627e-19 	0.0801006674728 	0.000511432223515 	156.620298428 	-162.892726858 	38.8614447281 	2.40556905226 	1.34220351685e-19
0.378 	0.335355648536 	1.31119426664e-18 	0.0801006674728 	0.000511432223515 	156.620298428 	-162.892726858 	38.8614447281 	2.40556905226 	1.34220351685e-19
