0.504 	0 	0 	3.85898122 	3.60665930407e-05 	96444.2056334 	21.7698987766 	14.0308405089 	-0.00598091146704 	5.09228185547e-22
0.504 	0.00146443514644 	9.04630413473e-19 	2.45742264739 	0.000315867919516 	7288.73316518 	21.0083099646 	23.8735636665 	-0.0600267245557 	-3.34485255207e-21
0.504 	0.00292887029289 	1.73616343935e-18 	0.706728497054 	0.000236281158176 	2991.04889492 	20.9768524881 	25.9352028851 	-0.147071167367 	-5.38409284589e-22
0.504 	0.00439330543933 	-2.91520110607e-18 	0.348907528923 	0.000245668557228 	1226.32225148 	20.8835850974 	26.8547211232 	-0.255753057031 	5.0330169956e-21
0.504 	0.00585774058577 	1.20144024691e-18 	0.378806165525 	0.000308497516392 	1143.50056678 	20.7759869455 	27.3328385447 	-0.3436397584 	-1.13490404837e-20
0.504 	0.00732217573222 	3.7936384587e-18 	0.395374730548 	0.0002813429992 	1069.32817845 	20.6516506658 	27.8907984258 	-0.421162442673 	-2.31270327122e-21
0.504 	0.00878661087866 	2.99692447393e-18 	0.366573282272 	0.000313889736148 	898.574716947 	20.4871545405 	28.4666891195 	-0.48281740477 	-4.70992707689e-21
0.504 	0.0102510460251 	4.24649170997e-18 	0.337186310472 	0.000354434693821 	760.191408399 	20.2867341883 	28.9573276388 	-0.535632799476 	-7.42447832406e-21
0.504 	0.0117154811715 	-1.01957073757e-18 	0.319459291611 	0.000389612268071 	680.407148229 	20.1125742819 	29.2793167986 	-0.570319663427 	8.77635835226e-21
0.504 	0.013179916318 	4.57520804744e-18 	0.301775787722 	0.000440846696979 	599.857070994 	19.8464167247 	29.6590185942 	-0.611573689222 	2.97911636143e-22
0.504 	0.0146443514644 	-1.88236076721e-18 	0.292719465076 	0.00048076787994 	555.530111466 	19.6195993377 	29.9159769286 	-0.639737253069 	-7.86466122438e-21
0.504 	0.0161087866109 	9.25830228449e-19 	0.286532445988 	0.000526253226646 	521.638741228 	19.3678375285 	30.1556743128 	-0.666123110311 	1.43684638253e-20
0.504 	0.0175732217573 	1.79108705263e-18 	0.282257139579 	0.000569805857243 	495.356683319 	19.0893616029 	30.3783374193 	-0.690623364935 	6.31819886893e-22
0.504 	0.0190376569038 	1.74359561631e-18 	0.279195602156 	0.000588627414174 	474.316342449 	18.7813564395 	30.5885210329 	-0.713766065689 	-3.21651160341e-21
0.504 	0.0205020920502 	-8.17023266199e-19 	0.276939812177 	0.000606387990665 	456.703985633 	18.4417543238 	30.7887629158 	-0.735705135657 	-2.35374667351e-21
0.504 	0.0219665271967 	-5.69261975447e-19 	0.275185451992 	0.000623328722663 	441.47725267 	18.068756113 	30.9797819227 	-0.756490587401 	-7.01281676649e-21
0.504 	0.0234309623431 	-7.00725452415e-19 	0.274171269294 	0.00063412514056 	432.361456372 	17.8006359348 	31.1022088991 	-0.769735173623 	2.04235216023e-20
0.504 	0.0248953974895 	-2.0907992252e-18 	0.272731827759 	0.000649339102846 	420.014483286 	17.3678603402 	31.2787650223 	-0.788730520338 	-4.54539314903e-21
0.504 	0.026359832636 	-2.24984422785e-18 	0.271764258311 	0.000658661898773 	412.600544858 	17.0580724908 	31.3920976931 	-0.800836883582 	-2.62606852211e-23
0.504 	0.0278242677824 	-1.78636104788e-18 	0.270743501282 	0.000667204616343 	405.787811789 	16.7305326916 	31.5024122339 	-0.812507229026 	-1.65572496808e-20
0.504 	0.0292887029289 	4.90896452998e-19 	0.268997994632 	0.000678387157595 	396.525776793 	16.2045255571 	31.6631648998 	-0.829195896942 	2.13562817571e-20
0.504 	0.0307531380753 	-9.03827226744e-19 	0.267628416817 	0.00068472918424 	390.852942998 	15.8297935923 	31.7675168782 	-0.839781651736 	7.27970871245e-21
0.504 	0.0322175732218 	1.76557433804e-19 	0.266087806978 	0.00069025454787 	385.492290923 	15.435080554 	31.8696082106 	-0.84995056661 	-3.919789224e-21
0.504 	0.0336820083682 	-8.31987538611e-19 	0.264408413237 	0.000695086612175 	380.396354362 	15.0197425627 	31.9693227514 	-0.85972347603 	-2.49050661962e-20
0.504 	0.0351464435146 	-1.55122199483e-18 	0.262634937383 	0.000699361967548 	375.535058482 	14.5831020127 	32.066545257 	-0.869122938741 	7.93107899158e-21
0.504 	0.0366108786611 	-8.7152194511e-19 	0.260808408744 	0.000703203502 	370.88610623 	14.1244571983 	32.1611875783 	-0.878170845793 	2.38503212184e-21
0.504 	0.0380753138075 	-2.76597995095e-18 	0.258960880173 	0.000706711772227 	366.43068695 	13.643110311 	32.2531841847 	-0.886888298185 	-3.33089797939e-22
0.504 	0.039539748954 	-9.29429549304e-19 	0.257117624707 	0.000709968822394 	362.153402512 	13.1383844369 	32.3424844982 	-0.895295471494 	-1.36300163826e-20
0.504 	0.0410041841004 	2.61329625413e-19 	0.25530364994 	0.000713049314878 	358.044870969 	12.6096200492 	32.4290558827 	-0.903411305481 	-1.13529675342e-21
0.504 	0.0424686192469 	-1.45265046039e-19 	0.253553577712 	0.000716037059812 	354.106780141 	12.0561703988 	32.5129193555 	-0.911256466972 	2.38003147125e-21
0.504 	0.0439330543933 	-5.51610342918e-19 	0.252718657695 	0.000717529090426 	352.20684578 	11.7699909818 	32.5538825498 	-0.915086947456 	-5.40625402553e-21
0.504 	0.0453974895397 	-1.15126589951e-18 	0.251174424693 	0.000720591142146 	348.56718325 	11.1783368288 	32.6341516027 	-0.922597661706 	-4.12110779331e-21
0.504 	0.0468619246862 	5.96428834381e-19 	0.249866315223 	0.000723867584661 	345.182351741 	10.5604422157 	32.7130253202 	-0.9299878056 	6.98088725943e-21
0.504 	0.0483263598326 	1.598542044e-18 	0.248852515793 	0.000727430396089 	342.098044199 	9.91566774221 	32.7921694063 	-0.937399971649 	3.88738519306e-21
0.504 	0.0497907949791 	1.11963808723e-18 	0.248452580885 	0.000729298329561 	340.673453942 	9.58298518549 	32.8325525537 	-0.941167896416 	-8.19097916005e-21
0.504 	0.0512552301255 	3.3336719912e-19 	0.24778785741 	0.000733031363205 	338.031726674 	8.89655481639 	32.9164494424 	-0.948920876525 	1.06086049349e-20
0.504 	0.052719665272 	-2.05125447627e-19 	0.247464543323 	0.000734777530215 	336.788392605 	8.54260303722 	32.9604556785 	-0.952925981811 	-4.89531246589e-21
0.504 	0.0541841004184 	-1.5924767283e-19 	0.246644895887 	0.000737653559924 	334.364136888 	7.81269902927 	33.0532150623 	-0.961177647734 	-3.78290260217e-21
0.504 	0.0556485355649 	-8.17655058154e-20 	0.246070654952 	0.000738631246301 	333.144117831 	7.43653868418 	33.1019337493 	-0.965390805645 	6.40985116192e-21
0.504 	0.0571129707113 	-1.82994929929e-18 	0.244447542473 	0.000739373297646 	330.614512657 	6.66131604717 	33.2033640058 	-0.973859978884 	3.16824386233e-21
0.504 	0.0585774058577 	1.46174130243e-18 	0.243371698124 	0.000739076896799 	329.291443391 	6.26208073731 	33.2556648022 	-0.978054561328 	-4.29844759261e-22
0.504 	0.0600418410042 	1.1424767972e-18 	0.240700362427 	0.000737139314802 	326.533068571 	5.43999189035 	33.3623545155 	-0.986212630231 	6.03874185914e-21
0.504 	0.0615062761506 	9.42916609617e-19 	0.239128151904 	0.00073553418244 	325.108142644 	5.01701620143 	33.4163343289 	-0.990119806365 	-5.9700004389e-22
0.504 	0.0629707112971 	-1.34767759944e-18 	0.23741773027 	0.000733539707152 	323.660366242 	4.58601981353 	33.4704729563 	-0.993876661797 	2.2996666858e-21
0.504 	0.0644351464435 	-1.37343013021e-18 	0.233642198992 	0.000728503809541 	320.715136876 	3.69982346728 	33.5783955538 	-1.00083625739 	4.86411966425e-22
0.504 	0.06589958159 	3.48053394362e-19 	0.231608668918 	0.000725530313885 	319.226729035 	3.24458007767 	33.6317426925 	-1.00399083761 	-3.75939927206e-21
0.504 	0.0673640167364 	-2.10913496481e-18 	0.229502482443 	0.000722306664698 	317.73551825 	2.78123101283 	33.684396653 	-1.00690152078 	2.72908131363e-21
0.504 	0.0688284518828 	1.95952059206e-19 	0.227345721784 	0.000718880632975 	316.24961274 	2.30978518633 	33.7361799549 	-1.00955422313 	3.8788095692e-22
0.504 	0.0702928870293 	2.76516529598e-18 	0.222978255176 	0.000711632395453 	313.333480321 	1.34269524013 	33.8367092137 	-1.01406132212 	1.36957649876e-22
0.504 	0.0717573221757 	-1.97736933671e-18 	0.220814788464 	0.000707914049595 	311.923161563 	0.847120686787 	33.8854163369 	-1.01591848296 	2.01554440177e-22
0.504 	0.0732217573222 	7.24875731022e-20 	0.218690383863 	0.000704192116482 	310.555001603 	0.343585499839 	33.9331684997 	-1.01752004717 	-8.8578937963e-23
0.504 	0.0746861924686 	-1.19250956947e-18 	0.216617121203 	0.000700498402279 	309.23285549 	-0.167858402478 	33.9800864346 	-1.01887420603 	-2.78230394919e-22
0.504 	0.0761506276151 	-1.15709962935e-18 	0.214600854763 	0.00069685316701 	307.957063155 	-0.687154142857 	34.0263103109 	-1.01998780315 	1.23232278264e-21
0.504 	0.0776150627615 	1.045430923e-18 	0.210737582248 	0.000689740009117 	305.531909795 	-1.74905102389 	34.11720778 	-1.02150531084 	1.2324607622e-21
0.504 	0.0790794979079 	1.68769263291e-18 	0.208882280292 	0.000686271963937 	304.372451839 	-2.29151488687 	34.1620920599 	-1.02190611301 	7.70434025813e-22
0.504 	0.0805439330544 	5.22452229107e-19 	0.207070912164 	0.00068285835019 	303.24138543 	-2.84155376983 	34.2066940933 	-1.02206076373 	-1.82734265508e-21
0.504 	0.0820083682008 	3.68719692165e-19 	0.205299139113 	0.000679495950596 	302.134455596 	-3.39908126 	34.2510531785 	-1.02196066744 	3.19131941481e-21
0.504 	0.0834728033473 	1.99852967229e-18 	0.203564053081 	0.000676183228225 	301.0486575 	-3.96400158229 	34.2951910263 	-1.02159585308 	-4.87655063154e-21
0.504 	0.0849372384937 	1.70562378186e-18 	0.201864160314 	0.000672920476987 	299.982192871 	-4.53620874321 	34.3391184154 	-1.02095561356 	3.49574564359e-21
0.504 	0.0864016736402 	-9.15508152527e-19 	0.200199043898 	0.000669709373489 	298.934212097 	-5.11558573622 	34.3828404248 	-1.0200288939 	-5.23945691754e-21
0.504 	0.0878661087866 	-1.74689086189e-18 	0.198568916768 	0.000666552296763 	297.904482113 	-5.70200472983 	34.4263597658 	-1.01880447051 	5.31274480621e-21
0.504 	0.0893305439331 	5.12441794621e-19 	0.196974223493 	0.00066345170189 	296.893086463 	-6.295327845 	34.4696784445 	-1.0172709965 	-6.66099468109e-21
0.504 	0.0907949790795 	-5.73409252857e-19 	0.195415369767 	0.000660409698744 	295.900211852 	-6.89540670887 	34.5127982994 	-1.01541697224 	-1.14781898013e-21
0.504 	0.0922594142259 	7.54764428134e-19 	0.193892588356 	0.00065742786166 	294.92602864 	-7.50208157348 	34.5557209889 	-1.01323071132 	1.18604396134e-20
0.504 	0.0937238493724 	-4.037030492e-19 	0.192405908273 	0.000654507217073 	293.970644255 	-8.11518110108 	34.5984478272 	-1.01070034213 	-7.73229309508e-21
0.504 	0.0951882845188 	-1.41210265305e-18 	0.190955181842 	0.000651648330296 	293.034099781 	-8.73452141942 	34.6409796616 	-1.00781383998 	4.06378190279e-21
0.504 	0.0966527196653 	4.226545521e-19 	0.189540131854 	0.00064885142337 	292.116384471 	-9.35990599744 	34.6833168642 	-1.00455903675 	-7.56539873271e-21
0.504 	0.0981171548117 	-7.72017546496e-19 	0.188160395925 	0.000646116481947 	291.217452553 	-9.99112620348 	34.7254593899 	-1.00092363854 	-1.03354568082e-20
0.504 	0.0995815899582 	2.20209876756e-19 	0.186815558963 	0.00064344333433 	290.337235613 	-10.6279604663 	34.7674068319 	-0.996895275269 	3.07149310338e-21
0.504 	0.101046025105 	9.49881340188e-19 	0.185505173289 	0.000640831702325 	289.475649559 	-11.2701741566 	34.8091584779 	-0.992461526043 	-2.79354030248e-21
0.504 	0.102510460251 	-2.01769170158e-18 	0.184228769441 	0.000638281230443 	288.632597441 	-11.9175202481 	34.850713339 	-0.987609912597 	2.66909079444e-20
0.504 	0.103974895397 	3.29441873509e-19 	0.182985861278 	0.000635791501271 	287.807969927 	-12.5697394763 	34.8920701178 	-0.982327898517 	-5.07060908723e-21
0.504 	0.105439330544 	-1.99803934506e-19 	0.181775948334 	0.000633362043611 	287.0016449 	-13.2265599055 	34.9332271152 	-0.976602897684 	1.31678384198e-20
0.504 	0.10690376569 	1.57921998511e-18 	0.181775948334 	0.000633362043611 	287.0016449 	-13.2265599055 	34.9332271152 	-0.976602897684 	1.31678384198e-20
0.504 	0.108368200837 	4.96359029759e-19 	0.180598517504 	0.000630992338126 	286.21348722 	-13.8876965518 	34.9741820958 	-0.970422270926 	-1.75234770626e-20
0.504 	0.109832635983 	2.56847766514e-19 	0.179453045222 	0.000628681823264 	285.443349214 	-14.5528511089 	35.0149321299 	-0.963773317654 	-2.66157605417e-20
0.504 	0.11129707113 	1.45070228565e-18 	0.178339000735 	0.000626429902901 	284.691072232 	-15.2217116678 	35.0554734382 	-0.9566432795 	1.04788588809e-20
0.504 	0.112761506276 	2.20466018856e-19 	0.177255850577 	0.000624235956003 	283.956489325 	-15.8939523976 	35.095801274 	-0.949019361029 	2.07014771043e-20
0.504 	0.114225941423 	4.65709469582e-20 	0.176203063832 	0.000622099347451 	283.239428804 	-16.5692335069 	35.1359098804 	-0.940888746649 	-1.07092411412e-20
0.504 	0.115690376569 	-8.36399275345e-19 	0.176203063832 	0.000622099347451 	283.239428804 	-16.5692335069 	35.1359098804 	-0.940888746649 	-1.07092411412e-20
0.504 	0.117154811715 	-1.41506391953e-18 	0.175180117194 	0.000620019438146 	282.539717978 	-17.2472014964 	35.1757925361 	-0.932238610024 	1.47854373037e-20
0.504 	0.118619246862 	-1.33943194042e-19 	0.174186498545 	0.000617995591989 	281.857186043 	-17.9274893387 	35.2154416747 	-0.923056128107 	1.13618084692e-20
0.504 	0.120083682008 	-1.30225221007e-19 	0.173221707887 	0.000616027177704 	281.191665167 	-18.609716353 	35.2548490406 	-0.913328504343 	-2.95335276377e-21
0.504 	0.121548117155 	-1.21516687367e-18 	0.172285255269 	0.000614113564916 	280.542989296 	-19.2934878958 	35.2940058431 	-0.903042988579 	-3.00495120143e-20
0.504 	0.123012552301 	7.00803537165e-19 	0.172285255269 	0.000614113564916 	280.542989296 	-19.2934878958 	35.2940058431 	-0.903042988579 	-3.00495120143e-20
0.504 	0.124476987448 	-2.22910498146e-19 	0.171376656414 	0.000612254115872 	279.910991157 	-19.9783950935 	35.3329028718 	-0.892186882637 	5.91926048679e-21
0.504 	0.125941422594 	5.5006990469e-19 	0.17049542771 	0.000610448175948 	279.295498664 	-20.6640146047 	35.3715305509 	-0.880747542603 	-8.65934782226e-21
0.504 	0.127405857741 	-1.59670187264e-19 	0.169641082326 	0.000608695066326 	278.696332057 	-21.3499083844 	35.409878934 	-0.868712393799 	1.13002374055e-20
0.504 	0.128870292887 	7.92733148849e-19 	0.168813128495 	0.000606994080914 	278.113302589 	-22.03562357 	35.4479376561 	-0.856068955234 	1.2631018711e-20
0.504 	0.130334728033 	-9.36402918003e-19 	0.168813128495 	0.000606994080914 	278.113302589 	-22.03562357 	35.4479376561 	-0.856068955234 	1.2631018711e-20
0.504 	0.13179916318 	5.46066352304e-19 	0.168011069968 	0.000605344487622 	277.546212782 	-22.7206926198 	35.4856958667 	-0.84280485473 	1.83684242486e-20
0.504 	0.133263598326 	-9.17742884424e-20 	0.16723440801 	0.000603745532782 	276.994857816 	-23.4046335256 	35.5231421577 	-0.828907826403 	-2.25645545383e-20
0.504 	0.134728033473 	-3.67327317389e-19 	0.16723440801 	0.000603745532782 	276.994857816 	-23.4046335256 	35.5231421577 	-0.828907826403 	-2.25645545383e-20
0.504 	0.136192468619 	-1.42638173624e-18 	0.166482644119 	0.000602196447124 	276.459027472 	-24.0869498279 	35.5602644959 	-0.814365701037 	-5.00191317303e-21
0.504 	0.137656903766 	9.17430464046e-19 	0.165755282819 	0.000600696451979 	275.938508165 	-24.7671303393 	35.59705017 	-0.799166401463 	-9.0559472358e-21
0.504 	0.139121338912 	7.62012475781e-19 	0.165051834033 	0.000599244764747 	275.433084681 	-25.4446487292 	35.6334857625 	-0.783297946859 	2.94017004632e-20
0.504 	0.140585774059 	-1.55175338996e-19 	0.165051834033 	0.000599244764747 	275.433084681 	-25.4446487292 	35.6334857625 	-0.783297946859 	2.94017004632e-20
0.504 	0.142050209205 	8.47592092562e-19 	0.164371814769 	0.000597840603082 	274.942541409 	-26.1189631848 	35.6695571474 	-0.766748461165 	-5.24791147879e-20
0.504 	0.143514644351 	-3.02769268439e-19 	0.163714749832 	0.000596483187257 	274.466662816 	-26.7895163069 	35.7052495125 	-0.749506178333 	5.88252355913e-20
0.504 	0.144979079498 	-4.07371909703e-19 	0.163714749832 	0.000596483187257 	274.466662816 	-26.7895163069 	35.7052495125 	-0.749506178333 	5.88252355913e-20
0.504 	0.146443514644 	3.32499824945e-19 	0.163080171405 	0.000595171740214 	274.005233089 	-27.4557352516 	35.7405473941 	-0.73155943949 	5.04006276683e-21
0.504 	0.147907949791 	-3.92250410056e-19 	0.162467617628 	0.000593905485356 	273.558035133 	-28.1170319358 	35.7754347034 	-0.712896686046 	-3.07168839512e-20
0.504 	0.149372384937 	6.87394048612e-19 	0.162467617628 	0.000593905485356 	273.558035133 	-28.1170319358 	35.7754347034 	-0.712896686046 	-3.07168839512e-20
0.504 	0.150836820084 	1.29828809931e-18 	0.161876631049 	0.000592683643532 	273.124849683 	-28.7728030395 	35.8098947269 	-0.693506456396 	2.48557537638e-20
0.504 	0.15230125523 	5.04992147875e-19 	0.16130675821 	0.00059150543185 	272.705455477 	-29.4224296812 	35.8439101001 	-0.67337739072 	-1.0245295028e-20
0.504 	0.153765690377 	1.96861336758e-19 	0.16130675821 	0.00059150543185 	272.705455477 	-29.4224296812 	35.8439101001 	-0.67337739072 	-1.0245295028e-20
0.504 	0.155230125523 	1.10874565421e-18 	0.160757550844 	0.000590370065785 	272.299630623 	-30.0652768797 	35.8774627696 	-0.652498236651 	-3.79982852854e-20
0.504 	0.156694560669 	-1.00867045335e-18 	0.160757550844 	0.000590370065785 	272.299630623 	-30.0652768797 	35.8774627696 	-0.652498236651 	-3.79982852854e-20
0.504 	0.158158995816 	-8.40872484569e-20 	0.160228567576 	0.000589276762871 	271.907154111 	-30.7006930542 	35.9105339536 	-0.630857847662 	7.61960424141e-21
0.504 	0.159623430962 	6.49127721212e-19 	0.159719374992 	0.000588224745508 	271.527806696 	-31.3280096942 	35.9431041073 	-0.608445172472 	-1.22624617924e-21
0.504 	0.161087866109 	-5.06182586969e-19 	0.159719374992 	0.000588224745508 	271.527806696 	-31.3280096942 	35.9431041073 	-0.608445172472 	-1.22624617924e-21
0.504 	0.162552301255 	8.51939445547e-19 	0.159229548557 	0.000587213243237 	271.161371769 	-31.9465411915 	35.9751529112 	-0.585249241132 	2.84399415539e-20
0.504 	0.164016736402 	-3.96627869233e-19 	0.158758673773 	0.00058624149514 	270.807636595 	-32.5555847028 	36.0066593048 	-0.561259153054 	-3.90810385474e-20
0.504 	0.165481171548 	7.55235565039e-19 	0.158758673773 	0.00058624149514 	270.807636595 	-32.5555847028 	36.0066593048 	-0.561259153054 	-3.90810385474e-20
0.504 	0.166945606695 	-4.211210498e-19 	0.158306346909 	0.000585308751424 	270.466393205 	-33.1544199558 	36.0376015594 	-0.536464070197 	-1.05600969155e-20
0.504 	0.168410041841 	-2.98619675112e-19 	0.158306346909 	0.000585308751424 	270.466393205 	-33.1544199558 	36.0376015594 	-0.536464070197 	-1.05600969155e-20
0.504 	0.169874476987 	-1.47720054262e-18 	0.157872174692 	0.000584414273609 	270.137438151 	-33.7423089515 	36.067957343 	-0.510853209965 	2.78898479254e-20
0.504 	0.171338912134 	-6.31467595799e-19 	0.157455773225 	0.000583557334219 	269.820571162 	-34.31849542 	36.0977037127 	-0.484415831879 	-1.23577028959e-20
0.504 	0.17280334728 	-5.01504813731e-19 	0.157455773225 	0.000583557334219 	269.820571162 	-34.31849542 	36.0977037127 	-0.484415831879 	-1.23577028959e-20
0.504 	0.174267782427 	-1.19037601387e-19 	0.157056767231 	0.000582737216749 	269.515594194 	-34.8822039449 	36.126817011 	-0.457141217001 	1.77831821345e-20
0.504 	0.175732217573 	-3.79379913331e-19 	0.157056767231 	0.000582737216749 	269.515594194 	-34.8822039449 	36.126817011 	-0.457141217001 	1.77831821345e-20
0.504 	0.17719665272 	1.25406166894e-19 	0.156674790863 	0.000581953237597 	269.222302998 	-35.4326389491 	36.1552727146 	-0.429018648318 	-2.53032272651e-20
0.504 	0.178661087866 	3.23033414051e-19 	0.156674790863 	0.000581953237597 	269.222302998 	-35.4326389491 	36.1552727146 	-0.429018648318 	-2.53032272651e-20
0.504 	0.180125523013 	7.7408322258e-19 	0.156309489521 	0.000581204715254 	268.940504815 	-35.9689838639 	36.1830453253 	-0.400037395761 	1.88475241504e-20
0.504 	0.181589958159 	-9.04917590763e-19 	0.156309489521 	0.000581204715254 	268.940504815 	-35.9689838639 	36.1830453253 	-0.400037395761 	1.88475241504e-20
0.504 	0.183054393305 	-2.27734656746e-19 	0.155960522351 	0.000580490989302 	268.67001422 	-36.4904004785 	36.210108343 	-0.370186699948 	1.44206762392e-20
0.504 	0.184518828452 	-5.89925093626e-19 	0.155627563857 	0.000579811425365 	268.410653961 	-36.9960281611 	36.236434289 	-0.339455744074 	2.93861057171e-20
0.504 	0.185983263598 	-7.33321572052e-19 	0.155627563857 	0.000579811425365 	268.410653961 	-36.9960281611 	36.236434289 	-0.339455744074 	2.93861057171e-20
0.504 	0.187447698745 	3.69203369192e-19 	0.155310304444 	0.00057916541669 	268.162255494 	-37.4849828885 	36.2619947209 	-0.307833619088 	-2.03290876738e-20
0.504 	0.188912133891 	-6.0038966426e-19 	0.155310304444 	0.00057916541669 	268.162255494 	-37.4849828885 	36.2619947209 	-0.307833619088 	-2.03290876738e-20
0.504 	0.190376569038 	-7.88977809201e-19 	0.155008450558 	0.000578552384661 	267.924659319 	-37.9563562077 	36.2867602155 	-0.275309293914 	2.58558612192e-20
0.504 	0.191841004184 	1.06219500268e-18 	0.155008450558 	0.000578552384661 	267.924659319 	-37.9563562077 	36.2867602155 	-0.275309293914 	2.58558612192e-20
0.504 	0.193305439331 	2.73893145279e-20 	0.154721725102 	0.000577971779794 	267.697715547 	-38.409214146 	36.3107003244 	-0.241871593295 	-7.26848547999e-20
0.504 	0.194769874477 	-2.17396310445e-20 	0.154721725102 	0.000577971779794 	267.697715547 	-38.409214146 	36.3107003244 	-0.241871593295 	-7.26848547999e-20
0.504 	0.196234309623 	7.8008206615e-19 	0.15444986829 	0.000577423083701 	267.48128478 	-38.8425961141 	36.3337835219 	-0.207509171178 	8.59874480734e-20
0.504 	0.19769874477 	-4.95580799578e-19 	0.15444986829 	0.000577423083701 	267.48128478 	-38.8425961141 	36.3337835219 	-0.207509171178 	8.59874480734e-20
0.504 	0.199163179916 	4.19668644673e-19 	0.154192638787 	0.000576905811722 	267.275239137 	-39.2555137982 	36.3559771539 	-0.172210471346 	-1.08021710424e-19
0.504 	0.200627615063 	2.22350061876e-20 	0.154192638787 	0.000576905811722 	267.275239137 	-39.2555137982 	36.3559771539 	-0.172210471346 	-1.08021710424e-19
0.504 	0.202092050209 	9.23808232995e-19 	0.153949814941 	0.000576419515865 	267.079463314 	-39.6469495407 	36.3772473788 	-0.135963676354 	6.88911617511e-20
0.504 	0.203556485356 	4.21410584518e-19 	0.153949814941 	0.000576419515865 	267.079463314 	-39.6469495407 	36.3772473788 	-0.135963676354 	6.88911617511e-20
0.504 	0.205020920502 	-1.18691835926e-19 	0.1537211961 	0.000575963787948 	266.893855684 	-40.0158541165 	36.3975590971 	-0.0987566498414 	-4.32560421626e-20
0.504 	0.206485355649 	1.11820684516e-18 	0.1537211961 	0.000575963787948 	266.893855684 	-40.0158541165 	36.3975590971 	-0.0987566498414 	-4.32560421626e-20
0.504 	0.207949790795 	-3.48536100852e-19 	0.153506603979 	0.000575538262854 	266.718329408 	-40.3611443903 	36.4168758761 	-0.0605768738775 	9.13674076801e-20
0.504 	0.209414225941 	6.2069030164e-19 	0.153506603979 	0.000575538262854 	266.718329408 	-40.3611443903 	36.4168758761 	-0.0605768738775 	9.13674076801e-20
0.504 	0.210878661088 	5.29248557575e-19 	0.153305884118 	0.000575142621911 	266.552813645 	-40.6817013749 	36.4351598736 	-0.0214113997013 	-1.25844959565e-20
0.504 	0.212343096234 	-1.3027620359e-20 	0.153305884118 	0.000575142621911 	266.552813645 	-40.6817013749 	36.4351598736 	-0.0214113997013 	-1.25844959565e-20
0.504 	0.213807531381 	-1.3072241394e-19 	0.153118907527 	0.000574776596606 	266.397254917 	-40.9763687951 	36.4523717638 	0.0187531753504 	-4.27260995303e-20
0.504 	0.215271966527 	-3.49334568704e-19 	0.153118907527 	0.000574776596606 	266.397254917 	-40.9763687951 	36.4523717638 	0.0187531753504 	-4.27260995303e-20
0.504 	0.216736401674 	1.0716763881e-18 	0.152945571736 	0.000574439970976 	266.251618034 	-41.2439505809 	36.4684706495 	0.0599308338243 	-5.6723486968e-20
0.504 	0.21820083682 	7.73967022491e-19 	0.152945571736 	0.000574439970976 	266.251618034 	-41.2439505809 	36.4684706495 	0.0599308338243 	-5.6723486968e-20
0.504 	0.219665271967 	-1.5909798591e-19 	0.152785804575 	0.000574132589595 	266.115889159 	-41.4832100572 	36.4834139238 	0.102135835693 	1.18141828406e-20
0.504 	0.221129707113 	2.7117193735e-19 	0.152785804575 	0.000574132589595 	266.115889159 	-41.4832100572 	36.4834139238 	0.102135835693 	1.18141828406e-20
0.504 	0.222594142259 	6.03359346748e-20 	0.152639566168 	0.000573854361616 	265.990077583 	-41.6928576199 	36.4971571556 	0.145383676048 	7.4848564132e-20
0.504 	0.224058577406 	-5.38740958971e-19 	0.152639566168 	0.000573854361616 	265.990077583 	-41.6928576199 	36.4971571556 	0.145383676048 	7.4848564132e-20
0.504 	0.225523012552 	-1.02211548042e-18 	0.152639566168 	0.000573854361616 	265.990077583 	-41.6928576199 	36.4971571556 	0.145383676048 	7.4848564132e-20
0.504 	0.226987447699 	1.57483848138e-18 	0.152506821434 	0.000573605203812 	265.874194343 	-41.8715466918 	36.5096540941 	0.18969302087 	-1.03716423147e-19
0.504 	0.228451882845 	3.00178402818e-19 	0.152506821434 	0.000573605203812 	265.874194343 	-41.8715466918 	36.5096540941 	0.18969302087 	-1.03716423147e-19
0.504 	0.229916317992 	1.12702321005e-19 	0.152387718594 	0.000573385410483 	265.768392093 	-42.0180092897 	36.5208558615 	0.235063496859 	3.00933458687e-20
0.504 	0.231380753138 	-1.10082211869e-19 	0.152387718594 	0.000573385410483 	265.768392093 	-42.0180092897 	36.5208558615 	0.235063496859 	3.00933458687e-20
0.504 	0.232845188285 	-5.91893478249e-20 	0.152281922435 	0.000573194268008 	265.67244464 	-42.1303244827 	36.5307136173 	0.281578184038 	7.26824543667e-20
0.504 	0.234309623431 	1.08562825366e-20 	0.152281922435 	0.000573194268008 	265.67244464 	-42.1303244827 	36.5307136173 	0.281578184038 	7.26824543667e-20
0.504 	0.235774058577 	-4.60617441682e-19 	0.152190591745 	0.000573034164655 	265.587291531 	-42.2084908513 	36.5391694392 	0.329069401689 	-3.36505290843e-20
0.504 	0.237238493724 	-5.67562567927e-20 	0.152190591745 	0.000573034164655 	265.587291531 	-42.2084908513 	36.5391694392 	0.329069401689 	-3.36505290843e-20
0.504 	0.23870292887 	-9.96703292295e-19 	0.152190591745 	0.000573034164655 	265.587291531 	-42.2084908513 	36.5391694392 	0.329069401689 	-3.36505290843e-20
0.504 	0.240167364017 	1.39069726645e-19 	0.152111607821 	0.000572900664483 	265.511313306 	-42.2473432998 	36.5461765484 	0.377984670922 	5.9382007858e-20
0.504 	0.241631799163 	9.59584893727e-19 	0.152111607821 	0.000572900664483 	265.511313306 	-42.2473432998 	36.5461765484 	0.377984670922 	5.9382007858e-20
0.504 	0.24309623431 	7.14600808603e-19 	0.152049378979 	0.000572802903797 	265.447989126 	-42.2523842761 	36.5516592897 	0.427530666211 	-1.09517435309e-20
0.504 	0.244560669456 	-8.24874179862e-19 	0.152049378979 	0.000572802903797 	265.447989126 	-42.2523842761 	36.5516592897 	0.427530666211 	-1.09517435309e-20
0.504 	0.246025104603 	1.65083934525e-18 	0.152049378979 	0.000572802903797 	265.447989126 	-42.2523842761 	36.5516592897 	0.427530666211 	-1.09517435309e-20
0.504 	0.247489539749 	1.25423509533e-19 	0.15199743476 	0.000572727370637 	265.392301037 	-42.2099723958 	36.5555832486 	0.479055938848 	-5.56176611817e-20
0.504 	0.248953974895 	-3.4315025003e-19 	0.15199743476 	0.000572727370637 	265.392301037 	-42.2099723958 	36.5555832486 	0.479055938848 	-5.56176611817e-20
0.504 	0.250418410042 	7.39490196703e-19 	0.151965665282 	0.00057269457803 	265.35202377 	-42.13569304 	36.5578469554 	0.530690428857 	-1.14489322812e-20
0.504 	0.251882845188 	-4.18441276471e-19 	0.151965665282 	0.00057269457803 	265.35202377 	-42.13569304 	36.5578469554 	0.530690428857 	-1.14489322812e-20
0.504 	0.253347280335 	2.4390193119e-20 	0.151941788468 	0.000572678897925 	265.317595984 	-42.0048316737 	36.5584344552 	0.584931988762 	5.20700084731e-20
0.504 	0.254811715481 	2.21419615967e-19 	0.151941788468 	0.000572678897925 	265.317595984 	-42.0048316737 	36.5584344552 	0.584931988762 	5.20700084731e-20
0.504 	0.256276150628 	1.00566297628e-19 	0.151941788468 	0.000572678897925 	265.317595984 	-42.0048316737 	36.5584344552 	0.584931988762 	5.20700084731e-20
0.504 	0.257740585774 	9.2633676879e-19 	0.151942323513 	0.000572714558357 	265.302010043 	-41.8439481962 	36.5572000774 	0.638719585095 	-9.55253856229e-20
0.504 	0.259205020921 	-5.86021699353e-19 	0.151942323513 	0.000572714558357 	265.302010043 	-41.8439481962 	36.5572000774 	0.638719585095 	-9.55253856229e-20
0.504 	0.260669456067 	3.36342386027e-19 	0.151947071325 	0.000572759406237 	265.289525882 	-41.6161780251 	36.5541834053 	0.695941835767 	6.69264362994e-20
0.504 	0.262133891213 	3.23574333637e-19 	0.151947071325 	0.000572759406237 	265.289525882 	-41.6161780251 	36.5541834053 	0.695941835767 	6.69264362994e-20
0.504 	0.26359832636 	2.77857173018e-19 	0.151947071325 	0.000572759406237 	265.289525882 	-41.6161780251 	36.5541834053 	0.695941835767 	6.69264362994e-20
0.504 	0.265062761506 	2.34895182934e-19 	0.151984179063 	0.000572871691514 	265.302302967 	-41.3624167979 	36.5491269157 	0.751674371742 	2.72556337366e-20
0.504 	0.266527196653 	1.12209426158e-18 	0.151984179063 	0.000572871691514 	265.302302967 	-41.3624167979 	36.5491269157 	0.751674371742 	2.72556337366e-20
0.504 	0.267991631799 	7.99661699258e-19 	0.151984179063 	0.000572871691514 	265.302302967 	-41.3624167979 	36.5491269157 	0.751674371742 	2.72556337366e-20
0.504 	0.269456066946 	-2.96119746195e-19 	0.152016426142 	0.000572973720517 	265.31134099 	-41.0260204022 	36.5421819741 	0.812527598395 	2.38429439561e-20
0.504 	0.270920502092 	-8.35339401988e-19 	0.152016426142 	0.000572973720517 	265.31134099 	-41.0260204022 	36.5421819741 	0.812527598395 	2.38429439561e-20
0.504 	0.272384937238 	7.08368216361e-19 	0.152097324391 	0.000573176134067 	265.358788252 	-40.6756061065 	36.5329842238 	0.869607690299 	-3.83182463597e-20
0.504 	0.273849372385 	-5.43053110403e-20 	0.152097324391 	0.000573176134067 	265.358788252 	-40.6756061065 	36.5329842238 	0.869607690299 	-3.83182463597e-20
0.504 	0.275313807531 	9.04196989061e-20 	0.152097324391 	0.000573176134067 	265.358788252 	-40.6756061065 	36.5329842238 	0.869607690299 	-3.83182463597e-20
0.504 	0.276778242678 	6.00684670458e-19 	0.152154596873 	0.000573327995242 	265.38839571 	-40.2144161769 	36.5217169881 	0.935165151779 	-1.22769801795e-20
0.504 	0.278242677824 	-7.76268617516e-19 	0.152154596873 	0.000573327995242 	265.38839571 	-40.2144161769 	36.5217169881 	0.935165151779 	-1.22769801795e-20
0.504 	0.279707112971 	1.34170669826e-18 	0.15228902956 	0.000573637308626 	265.479645883 	-39.7640557261 	36.5079515276 	0.992742602256 	-6.60619461158e-20
0.504 	0.281171548117 	6.89254709363e-20 	0.15228902956 	0.000573637308626 	265.479645883 	-39.7640557261 	36.5079515276 	0.992742602256 	-6.60619461158e-20
0.504 	0.282635983264 	-5.90615623125e-19 	0.15228902956 	0.000573637308626 	265.479645883 	-39.7640557261 	36.5079515276 	0.992742602256 	-6.60619461158e-20
0.504 	0.28410041841 	-1.60024030355e-19 	0.15236712859 	0.000573824945467 	265.528938388 	-39.1640132531 	36.4920735665 	1.06414033408 	2.12076598233e-20
0.504 	0.285564853556 	6.78763217021e-19 	0.15236712859 	0.000573824945467 	265.528938388 	-39.1640132531 	36.4920735665 	1.06414033408 	2.12076598233e-20
0.504 	0.287029288703 	-1.63330909276e-18 	0.15236712859 	0.000573824945467 	265.528938388 	-39.1640132531 	36.4920735665 	1.06414033408 	2.12076598233e-20
0.504 	0.288493723849 	1.21951896505e-18 	0.152567435422 	0.000574257661136 	265.677666572 	-38.6042599303 	36.4731212055 	1.12145800084 	5.42299536549e-20
0.504 	0.289958158996 	3.55166169254e-19 	0.152567435422 	0.000574257661136 	265.677666572 	-38.6042599303 	36.4731212055 	1.12145800084 	5.42299536549e-20
0.504 	0.291422594142 	-8.16624091799e-19 	0.152567435422 	0.000574257661136 	265.677666572 	-38.6042599303 	36.4731212055 	1.12145800084 	5.42299536549e-20
0.504 	0.292887029289 	1.34689196671e-18 	0.152653323884 	0.000574438270761 	265.743651937 	-37.8532075067 	36.4523450402 	1.19991568506 	-4.30824049017e-20
0.504 	0.294351464435 	-2.26772765796e-19 	0.152653323884 	0.000574438270761 	265.743651937 	-37.8532075067 	36.4523450402 	1.19991568506 	-4.30824049017e-20
0.504 	0.295815899582 	7.24401416908e-19 	0.152653323884 	0.000574438270761 	265.743651937 	-37.8532075067 	36.4523450402 	1.19991568506 	-4.30824049017e-20
0.504 	0.297280334728 	1.26765196146e-19 	0.152913478767 	0.000574951187629 	265.959062363 	-37.1680907291 	36.427300773 	1.25610943137 	-4.78400878606e-21
0.504 	0.298744769874 	2.91577148854e-19 	0.152913478767 	0.000574951187629 	265.959062363 	-37.1680907291 	36.427300773 	1.25610943137 	-4.78400878606e-21
0.504 	0.300209205021 	9.93927401035e-19 	0.152899072255 	0.000574840810159 	265.985068479 	-36.2623939101 	36.4012423149 	1.34284310531 	-2.37371410654e-20
0.504 	0.301673640167 	-8.36163671785e-19 	0.152899072255 	0.000574840810159 	265.985068479 	-36.2623939101 	36.4012423149 	1.34284310531 	-2.37371410654e-20
0.504 	0.303138075314 	-2.71277149355e-19 	0.152899072255 	0.000574840810159 	265.985068479 	-36.2623939101 	36.4012423149 	1.34284310531 	-2.37371410654e-20
0.504 	0.30460251046 	-7.21204850497e-20 	0.152951155037 	0.000574762668729 	266.111846434 	-35.4210977908 	36.3685870163 	1.39770256966 	8.19108492715e-20
0.504 	0.306066945607 	3.67806590878e-20 	0.152951155037 	0.000574762668729 	266.111846434 	-35.4210977908 	36.3685870163 	1.39770256966 	8.19108492715e-20
0.504 	0.307531380753 	7.12693638413e-19 	0.152951155037 	0.000574762668729 	266.111846434 	-35.4210977908 	36.3685870163 	1.39770256966 	8.19108492715e-20
0.504 	0.3089958159 	7.90490576203e-19 	0.152252457351 	0.000572959275677 	265.729980846 	-34.384310216 	36.3384776095 	1.49234777672 	-5.42349878897e-20
0.504 	0.310460251046 	-2.9009246094e-19 	0.152252457351 	0.000572959275677 	265.729980846 	-34.384310216 	36.3384776095 	1.49234777672 	-5.42349878897e-20
0.504 	0.311924686192 	-1.04602066199e-19 	0.152252457351 	0.000572959275677 	265.729980846 	-34.384310216 	36.3384776095 	1.49234777672 	-5.42349878897e-20
0.504 	0.313389121339 	1.35403697733e-19 	0.151915508322 	0.000571591576077 	265.776324705 	-33.3139105544 	36.2992271549 	1.54764699759 	-1.27794237171e-20
0.504 	0.314853556485 	-8.19855963432e-20 	0.151915508322 	0.000571591576077 	265.776324705 	-33.3139105544 	36.2992271549 	1.54764699759 	-1.27794237171e-20
0.504 	0.316317991632 	-1.38500081942e-19 	0.151915508322 	0.000571591576077 	265.776324705 	-33.3139105544 	36.2992271549 	1.54764699759 	-1.27794237171e-20
0.504 	0.317782426778 	4.94574673456e-19 	0.150986547228 	0.00056841931055 	265.625295316 	-32.2081077355 	36.2723006219 	1.64612740154 	3.07770217038e-20
0.504 	0.319246861925 	-7.09257781819e-19 	0.150986547228 	0.00056841931055 	265.625295316 	-32.2081077355 	36.2723006219 	1.64612740154 	3.07770217038e-20
0.504 	0.320711297071 	3.7740224245e-21 	0.150986547228 	0.00056841931055 	265.625295316 	-32.2081077355 	36.2723006219 	1.64612740154 	3.07770217038e-20
0.504 	0.322175732218 	-1.15802391375e-18 	0.150729669388 	0.000565466756676 	266.557967571 	-30.775878678 	36.2318065402 	1.70814592467 	2.96458606707e-20
0.504 	0.323640167364 	3.08816641965e-19 	0.150729669388 	0.000565466756676 	266.557967571 	-30.775878678 	36.2318065402 	1.70814592467 	2.96458606707e-20
0.504 	0.32510460251 	5.30316132712e-19 	0.150729669388 	0.000565466756676 	266.557967571 	-30.775878678 	36.2318065402 	1.70814592467 	2.96458606707e-20
0.504 	0.326569037657 	4.72436908461e-19 	0.150440627205 	0.000561087743261 	268.12317505 	-29.7367851126 	36.2294885886 	1.80169429843 	-1.14699454709e-20
0.504 	0.328033472803 	-3.58361708222e-19 	0.150440627205 	0.000561087743261 	268.12317505 	-29.7367851126 	36.2294885886 	1.80169429843 	-1.14699454709e-20
0.504 	0.32949790795 	2.52771132344e-19 	0.150440627205 	0.000561087743261 	268.12317505 	-29.7367851126 	36.2294885886 	1.80169429843 	-1.14699454709e-20
0.504 	0.330962343096 	1.23988189353e-19 	0.150440627205 	0.000561087743261 	268.12317505 	-29.7367851126 	36.2294885886 	1.80169429843 	-1.14699454709e-20
0.504 	0.332426778243 	4.46472210986e-19 	0.150709944061 	0.000559004931201 	269.603961699 	-27.7258538477 	36.2711026349 	1.88763306634 	-1.39372471638e-20
0.504 	0.333891213389 	2.98641116764e-19 	0.150709944061 	0.000559004931201 	269.603961699 	-27.7258538477 	36.2711026349 	1.88763306634 	-1.39372471638e-20
0.504 	0.335355648536 	7.79722453555e-19 	0.150709944061 	0.000559004931201 	269.603961699 	-27.7258538477 	36.2711026349 	1.88763306634 	-1.39372471638e-20
0.504 	0.336820083682 	-4.68505828622e-19 	0.154352273162 	0.000564288332174 	273.534404951 	-26.9816999399 	36.5657527602 	1.9734424835 	-3.58965589022e-21
0.504 	0.338284518828 	5.52933839158e-19 	0.154352273162 	0.000564288332174 	273.534404951 	-26.9816999399 	36.5657527602 	1.9734424835 	-3.58965589022e-21
0.504 	0.339748953975 	-1.42571452446e-19 	0.154352273162 	0.000564288332174 	273.534404951 	-26.9816999399 	36.5657527602 	1.9734424835 	-3.58965589022e-21
0.504 	0.341213389121 	-8.91481456376e-20 	0.15068966928 	0.000558876998294 	269.629399206 	-23.9633516006 	36.2405186902 	2.15329836784 	1.24885424783e-20
0.504 	0.342677824268 	-4.02856147627e-19 	0.15068966928 	0.000558876998294 	269.629399206 	-23.9633516006 	36.2405186902 	2.15329836784 	1.24885424783e-20
0.504 	0.344142259414 	-2.47197727678e-19 	0.15068966928 	0.000558876998294 	269.629399206 	-23.9633516006 	36.2405186902 	2.15329836784 	1.24885424783e-20
