0.462 	0 	0 	2.57096444436 	2.10206129194e-05 	122306.825887 	61.7000317195 	6.99442291109 	-0.0240575361825 	1.61038590857e-21
0.462 	0.00146443514644 	1.55190197905e-18 	15.2115657788 	0.00227179001361 	6695.85027125 	60.5982909442 	11.4221660521 	-0.306695565867 	-2.41212449777e-21
0.462 	0.00292887029289 	2.27894282525e-19 	20.2941266603 	0.00448402198868 	4525.87581229 	59.3001970579 	12.9914574615 	-0.634612891839 	-1.64882210402e-21
0.462 	0.00439330543933 	4.06206515118e-18 	23.1636608338 	0.0056018662516 	4134.98998252 	58.3697418155 	14.2624267571 	-0.923271019776 	-1.86303271227e-21
0.462 	0.00585774058577 	2.90849898855e-18 	25.3975304359 	0.00619663491486 	4098.60041537 	57.3143754301 	15.9497344354 	-1.28313501319 	3.36523692831e-23
0.462 	0.00732217573222 	4.03663395467e-18 	26.1122275461 	0.00624701659146 	4179.95168794 	56.3358544667 	17.577346621 	-1.58960403198 	1.90859574707e-23
0.462 	0.00878661087866 	-5.78355133948e-19 	25.7503777625 	0.00607744938777 	4237.03697382 	55.3972113578 	19.0552672345 	-1.83555240863 	-1.0534836326e-21
0.462 	0.0102510460251 	-4.79338217431e-18 	23.8530984652 	0.00522642091066 	4226.38743636 	54.1532409022 	21.1725380227 	-2.13640258318 	-1.21118048027e-20
0.462 	0.0117154811715 	-2.81118413051e-18 	20.9116030128 	0.00442281101437 	4080.48134734 	52.8173246061 	23.1429178521 	-2.3635565688 	-1.14171506927e-20
0.462 	0.013179916318 	-1.57469312492e-18 	16.9901180595 	0.00372918429016 	3806.96943914 	51.0482331649 	25.2168772121 	-2.57901279401 	-8.66758266613e-21
0.462 	0.0146443514644 	-1.42755524277e-18 	13.7670776685 	0.00332302973706 	3530.9675032 	49.4263816094 	26.7425457748 	-2.72885540808 	-2.4767419951e-21
0.462 	0.0161087866109 	-2.30545665495e-18 	9.74531226923 	0.00298416655786 	3103.45402146 	46.8812979704 	28.5657735396 	-2.90284482522 	1.98252869459e-20
0.462 	0.0175732217573 	-2.03125158182e-18 	7.1318267684 	0.00261099043487 	2731.46414983 	44.7143020152 	29.7337670635 	-3.0102676947 	-8.33907820876e-21
0.462 	0.0190376569038 	-1.5153142064e-18 	4.27571992143 	0.00199824388739 	2139.73877184 	41.4930019307 	31.0775648179 	-3.12718912111 	-1.25164973874e-20
0.462 	0.0205020920502 	-2.76445174537e-18 	2.82786580787 	0.00168423817153 	1679.01776345 	38.8499788394 	31.86388419 	-3.19360249755 	1.08029262056e-20
0.462 	0.0219665271967 	-2.00232504733e-19 	1.96826094741 	0.0015002225103 	1311.97934566 	36.0471104515 	32.4751064335 	-3.24528673163 	9.89788653489e-22
0.462 	0.0234309623431 	1.46625959785e-19 	1.47271841603 	0.00137458153612 	1071.39400416 	33.1102642174 	32.9766954238 	-3.28657164669 	2.51525717472e-20
0.462 	0.0248953974895 	1.26246999068e-18 	1.24163645828 	0.0012912053393 	961.610381008 	31.0857880506 	33.272027215 	-3.3092893834 	-1.20008376684e-21
0.462 	0.026359832636 	3.58764873118e-19 	0.963185265746 	0.00115077641474 	836.987318653 	27.9575663043 	33.6628139161 	-3.33593353396 	2.49707366627e-23
0.462 	0.0278242677824 	-1.45123683558e-18 	0.733511424301 	0.000997315222116 	735.486040958 	24.730865807 	33.9812726501 	-3.35251377416 	-1.50753276431e-20
0.462 	0.0292887029289 	-3.27180112727e-20 	0.604153947946 	0.000895357902467 	674.762512601 	22.5330560054 	34.1472192862 	-3.35747153408 	-1.44643763443e-20
0.462 	0.0307531380753 	-5.99302813682e-19 	0.447178468847 	0.000754861128938 	592.398325605 	19.1804665279 	34.3277867966 	-3.35614877344 	1.90888968111e-20
0.462 	0.0322175732218 	-3.14266856485e-18 	0.366820290609 	0.000674713209693 	543.66845845 	16.9160652846 	34.4123510592 	-3.35050210096 	-2.9574457947e-21
0.462 	0.0336820083682 	2.81423118758e-18 	0.278644140853 	0.000579693132529 	480.675249054 	13.4856495865 	34.5121674789 	-3.33751756134 	-3.71410930043e-21
0.462 	0.0351464435146 	8.1680661254e-19 	0.237964028964 	0.000533946670845 	445.670030281 	11.1796523119 	34.5742329134 	-3.32708070128 	-4.0731442509e-21
0.462 	0.0366108786611 	1.20407971431e-18 	0.208834858153 	0.000501748789706 	416.213974877 	8.85996264046 	34.6379978887 	-3.31563262423 	6.2098505132e-21
0.462 	0.0380753138075 	1.95066938084e-18 	0.188882303469 	0.000481825233265 	392.014137966 	6.52752236287 	34.7038370936 	-3.30314286134 	-1.71755377687e-21
0.462 	0.039539748954 	1.61312122246e-18 	0.175951458236 	0.000472328744488 	372.519056461 	4.18330111194 	34.7707936624 	-3.28948114215 	-9.77116981751e-21
0.462 	0.0410041841004 	1.42536458743e-18 	0.16815361026 	0.000471086202377 	356.948705802 	1.82835597267 	34.8380967867 	-3.2745522452 	-1.07020884033e-21
0.462 	0.0424686192469 	-2.95817441982e-19 	0.163917788687 	0.000475923391257 	344.420534266 	-0.536216051374 	34.9054729371 	-3.25831253873 	-9.72377701073e-22
0.462 	0.0439330543933 	1.26291738104e-18 	0.162021823169 	0.000484960600447 	334.092755204 	-2.90931586046 	34.9729082683 	-3.24074257103 	7.36865871906e-21
0.462 	0.0453974895397 	1.69611656028e-19 	0.161582478585 	0.000496766950786 	325.268173194 	-5.28984967276 	35.0404377199 	-3.22182783695 	8.64304272665e-22
0.462 	0.0468619246862 	-1.35554822484e-18 	0.162004790846 	0.000510363494127 	317.430209468 	-7.67672478008 	35.1080753539 	-3.20155337929 	1.37675482975e-21
0.462 	0.0483263598326 	3.72043041686e-19 	0.162912012069 	0.000525135900333 	310.228289411 	-10.0688463222 	35.1758109167 	-3.17990361372 	6.33118336603e-21
0.462 	0.0497907949791 	-7.03835078134e-19 	0.16347230286 	0.000532842256893 	306.793053189 	-11.2665317252 	35.2097077075 	-3.16855806169 	6.91950517738e-21
0.462 	0.0512552301255 	-8.1761687539e-20 	0.164712627307 	0.000548746365049 	300.161673586 	-13.6644655335 	35.2775382858 	-3.14481577205 	-1.89161261032e-20
0.462 	0.052719665272 	-3.05188199277e-19 	0.166035162267 	0.000565179665942 	293.774125773 	-16.0649018085 	35.3453864036 	-3.11965893582 	1.00808000676e-20
0.462 	0.0541841004184 	8.80599450696e-19 	0.166707748712 	0.000573560730607 	290.654049024 	-17.2657156487 	35.3793049891 	-3.10654531016 	1.29586200245e-21
0.462 	0.0556485355649 	6.09447310273e-19 	0.16804994785 	0.000590599345731 	284.541371515 	-19.6678508266 	35.4471090997 	-3.07923852595 	-2.11451744001e-20
0.462 	0.0571129707113 	5.05022947169e-19 	0.169363543513 	0.000607944173552 	278.58403926 	-22.0697538332 	35.5148446477 	-3.05048084623 	2.61234914876e-20
0.462 	0.0585774058577 	8.20549164057e-20 	0.17000201753 	0.000616708176754 	275.660391637 	-23.270278683 	35.5486794794 	-3.0355538136 	-2.07262935326e-20
0.462 	0.0600418410042 	-7.02024634081e-19 	0.171229081965 	0.000634370365268 	269.919736703 	-25.6697991955 	35.6162733514 	-3.00459558059 	2.63251894293e-20
0.462 	0.0615062761506 	-1.27493916076e-18 	0.171812680023 	0.000643247479211 	267.101987299 	-26.8685257283 	35.650029729 	-2.98856137013 	1.36230148172e-20
0.462 	0.0629707112971 	-2.05419706347e-18 	0.172907805778 	0.000661036538833 	261.570723584 	-29.2632415843 	35.7174567947 	-2.95537534698 	8.65877494453e-21
0.462 	0.0644351464435 	1.73651095725e-18 	0.173414470718 	0.000669923605379 	258.857083592 	-30.4589641518 	35.7511259576 	-2.93822055096 	3.21393303861e-20
0.462 	0.06589958159 	-8.32756553214e-19 	0.174333721941 	0.000687615264244 	253.533816083 	-32.8464740755 	35.8183703701 	-2.90277965677 	2.52942047962e-20
0.462 	0.0673640167364 	1.40587615379e-18 	0.174741305362 	0.000696390621934 	250.924265575 	-34.0379963088 	35.8519421189 	-2.88449026892 	-9.41571041124e-21
0.462 	0.0688284518828 	-8.75728584163e-19 	0.175110793707 	0.00070509823524 	248.349499339 	-35.2278534711 	35.8854767416 	-2.86581925618 	-3.90314115559e-20
0.462 	0.0702928870293 	-2.67439518301e-19 	0.175724991228 	0.000722242969105 	243.304537039 	-37.6020425332 	35.952420212 	-2.82732490402 	6.69261862555e-21
0.462 	0.0717573221757 	5.95546463437e-20 	0.175964292052 	0.000730644103593 	240.83447904 	-38.7861089421 	35.9858209218 	-2.80749771114 	-2.08367045943e-20
0.462 	0.0732217573222 	2.41630779023e-19 	0.176154647873 	0.000738905313725 	238.399487188 	-39.9679791377 	36.0191688478 	-2.78728123649 	-8.16180962657e-21
0.462 	0.0746861924686 	1.42510256936e-18 	0.176376594923 	0.000754923270386 	233.635128022 	-42.3245963507 	36.0856927948 	-2.74567271633 	-7.74881905014e-21
0.462 	0.0761506276151 	8.75990261815e-19 	0.176401829614 	0.000762634120261 	231.305976126 	-43.499075091 	36.1188641185 	-2.72427690526 	-6.84645458534e-20
0.462 	0.0776150627615 	1.92519348055e-19 	0.17636535794 	0.00077011292197 	229.012334307 	-44.6708210407 	36.1519734785 	-2.70248428539 	-6.19056262533e-20
0.462 	0.0790794979079 	-5.0400583018e-19 	0.176263456127 	0.000777332362783 	226.754300434 	-45.8396989978 	36.1850207961 	-2.68029305518 	7.83045243663e-20
0.462 	0.0805439330544 	-2.41978707537e-18 	0.176092136227 	0.000784263318116 	224.531904221 	-47.0055732781 	36.2180065558 	-2.65770140691 	4.99053664097e-20
0.462 	0.0820083682008 	-9.2526975748e-19 	0.175523652449 	0.000797131373156 	220.194134066 	-49.3277654005 	36.2837966534 	-2.61130947217 	2.14749187851e-20
0.462 	0.0834728033473 	-2.14088386495e-19 	0.175116794764 	0.000802997965708 	218.078752677 	-50.4838089868 	36.3166028963 	-2.58750539267 	-1.43918870743e-20
0.462 	0.0849372384937 	-1.84821218179e-18 	0.174621075926 	0.000808434517464 	215.999035363 	-51.6363002394 	36.3493514042 	-2.5632933122 	-2.46214763214e-20
0.462 	0.0864016736402 	-8.41580990532e-20 	0.174030655349 	0.000813398394879 	213.955002179 	-52.7851001575 	36.3820435696 	-2.53867124617 	-6.77793074796e-21
0.462 	0.0878661087866 	-6.16168155031e-19 	0.173339328294 	0.000817843905721 	211.946713892 	-53.9300688609 	36.4146812857 	-2.51363719336 	7.27680096512e-20
0.462 	0.0893305439331 	-1.45289889858e-18 	0.172540621999 	0.000821722579937 	209.974298153 	-55.0710655248 	36.447267537 	-2.48818917822 	-5.06454664722e-20
0.462 	0.0907949790795 	-1.78344282585e-18 	0.171627963 	0.000824983813561 	208.037976235 	-56.2079483413 	36.479807631 	-2.46232534947 	-8.37526050947e-22
0.462 	0.0922594142259 	3.17668791291e-19 	0.17059491493 	0.000827575968136 	206.138072514 	-57.3405745651 	36.5123111448 	-2.43604413966 	1.12790479299e-20
0.462 	0.0937238493724 	1.30494720955e-18 	0.168144376153 	0.000830551404107 	202.449090233 	-59.592482648 	36.5772789737 	-2.38222559835 	-8.94960710189e-21
0.462 	0.0951882845188 	-2.96921895862e-19 	0.166717485469 	0.000830843062173 	200.660621794 	-60.7114762166 	36.6097925084 	-2.35468720404 	3.05086069998e-20
0.462 	0.0966527196653 	-1.51681277526e-19 	0.165152167084 	0.000830287957477 	198.909505548 	-61.8256367528 	36.64235546 	-2.3267282697 	4.0785801683e-21
0.462 	0.0981171548117 	-1.783872705e-20 	0.163447824569 	0.000828862826603 	197.195264793 	-62.9348184178 	36.6749685991 	-2.29834615872 	-1.31076389734e-19
0.462 	0.0995815899582 	2.7814497135e-19 	0.161606568899 	0.000826560072633 	195.517028041 	-64.0388722803 	36.707596964 	-2.26953551103 	1.19949840796e-19
0.462 	0.101046025105 	8.23071616509e-19 	0.159634003863 	0.000823391771498 	193.873693409 	-65.1376435332 	36.7401609196 	-2.2402878386 	-9.45034373543e-20
0.462 	0.102510460251 	9.40463455214e-19 	0.157539941275 	0.000819392917083 	192.264221463 	-66.2309685435 	36.7725416875 	-2.2105922861 	-1.48809958993e-20
0.462 	0.103974895397 	-4.92849762668e-19 	0.15533873338 	0.000814622771237 	190.687934177 	-67.3186728433 	36.8046040142 	-2.18043755774 	7.97783547568e-20
0.462 	0.105439330544 	-6.75227605901e-19 	0.153048915773 	0.000809163286901 	189.14466122 	-68.4005711178 	36.8362300084 	-2.14981434744 	-7.85949981207e-20
0.462 	0.10690376569 	2.4771404597e-19 	0.153048915773 	0.000809163286901 	189.14466122 	-68.4005711178 	36.8362300084 	-2.14981434744 	-7.85949981207e-20
0.462 	0.108368200837 	9.89986149135e-19 	0.150692055796 	0.00080311426975 	187.634638646 	-69.4764695101 	36.8673508199 	-2.11871720462 	1.53487598434e-19
0.462 	0.109832635983 	-1.0429740901e-19 	0.148291023311 	0.000796586026032 	186.158203214 	-70.5461695903 	36.8979619948 	-2.08714495662 	3.65398407518e-20
0.462 	0.11129707113 	-1.09230454251e-18 	0.145868157293 	0.000789691149862 	184.715451502 	-71.6094725318 	36.9281156682 	-2.05509953549 	-2.22232384101e-19
0.462 	0.112761506276 	-1.21081402851e-18 	0.143443827838 	0.000782537301972 	183.306057712 	-72.6661820388 	36.957894311 	-2.02258388243 	8.42097270116e-20
0.462 	0.114225941423 	1.15991615461e-18 	0.141035664838 	0.000775222207898 	181.92934026 	-73.7161052631 	36.9873793728 	-1.98959998476 	-4.3036316969e-20
0.462 	0.115690376569 	-7.79666742358e-19 	0.138658389423 	0.000767831055121 	180.58450293 	-74.7590519516 	37.0166286751 	-1.95614784375 	8.60595232115e-20
0.462 	0.117154811715 	-1.27439729946e-18 	0.136323979155 	0.000760435675632 	179.270888418 	-75.7948327189 	37.0456693847 	-1.92222552165 	2.1414942957e-20
0.462 	0.118619246862 	2.41233247292e-19 	0.134041923621 	0.00075309474986 	177.988126522 	-76.8232574361 	37.0745042567 	-1.88782984869 	-2.00869874848e-20
0.462 	0.120083682008 	-3.25586430551e-19 	0.131819437534 	0.000745854496082 	176.736130473 	-77.8441342686 	37.1031233968 	-1.85295720354 	7.0409000013e-20
0.462 	0.121548117155 	7.39706025232e-19 	0.131819437534 	0.000745854496082 	176.736130473 	-77.8441342686 	37.1031233968 	-1.85295720354 	7.0409000013e-20
0.462 	0.123012552301 	-4.57813004316e-19 	0.129661635237 	0.000738749669336 	175.514982434 	-78.857269397 	37.131514208 	-1.81760399524 	-9.08626621065e-20
0.462 	0.124476987448 	-1.40639574848e-18 	0.127571738488 	0.000731804903581 	174.324793212 	-79.8624671177 	37.15966629 	-1.78176679841 	4.59450021061e-20
0.462 	0.125941422594 	-1.02169427416e-18 	0.125551361556 	0.000725036382312 	173.165601919 	-80.8595300353 	37.1875720535 	-1.74544229213 	-2.84773127909e-20
0.462 	0.127405857741 	1.41974493967e-18 	0.123600849358 	0.000718453655656 	172.037330988 	-81.8482591995 	37.2152254493 	-1.70862716281 	-2.71829391448e-20
0.462 	0.128870292887 	5.28392375777e-19 	0.123600849358 	0.000718453655656 	172.037330988 	-81.8482591995 	37.2152254493 	-1.70862716281 	-2.71829391448e-20
0.462 	0.130334728033 	9.35567394706e-19 	0.121719612445 	0.00071206136159 	170.939779928 	-82.8284541677 	37.242620712 	-1.67131804956 	-5.48755715182e-20
0.462 	0.13179916318 	1.95011535731e-19 	0.119906430918 	0.000705860730917 	169.872647204 	-83.7999130415 	37.2697518087 	-1.6335115348 	5.95924181694e-22
0.462 	0.133263598326 	7.42557674782e-19 	0.118159719926 	0.000699850847961 	168.835574423 	-84.7624325132 	37.2966124358 	-1.59520415331 	1.11893509719e-19
0.462 	0.134728033473 	6.08490075812e-19 	0.116477714229 	0.000694029544011 	167.828178547 	-85.7158079526 	37.3231961743 	-1.55639239819 	-2.93647465126e-20
0.462 	0.136192468619 	-5.7354081267e-20 	0.116477714229 	0.000694029544011 	167.828178547 	-85.7158079526 	37.3231961743 	-1.55639239819 	-2.93647465126e-20
0.462 	0.137656903766 	-1.48984836835e-18 	0.114858562879 	0.000688393907568 	166.850057237 	-86.6598335207 	37.3494965775 	-1.5170727189 	-5.44840810693e-20
0.462 	0.139121338912 	1.65362396872e-18 	0.113300387644 	0.000682940603008 	165.900793049 	-87.5943023063 	37.3755071835 	-1.47724151687 	-9.00769255894e-20
0.462 	0.140585774059 	-9.84429428323e-19 	0.111801319491 	0.000677666070123 	164.979957563 	-88.5190064703 	37.4012214993 	-1.4368951393 	2.17339700259e-19
0.462 	0.142050209205 	1.48359461561e-20 	0.111801319491 	0.000677666070123 	164.979957563 	-88.5190064703 	37.4012214993 	-1.4368951393 	2.17339700259e-19
0.462 	0.143514644351 	1.3419783659e-18 	0.110359520172 	0.000672566644495 	164.08711475 	-89.4337373989 	37.4266329841 	-1.3960298733 	-2.19724201066e-19
0.462 	0.144979079498 	7.72034760603e-19 	0.108973196294 	0.000667638634736 	163.221824838 	-90.3382858683 	37.451735044 	-1.35464193976 	1.12214610195e-19
0.462 	0.146443514644 	1.78280692235e-18 	0.107640611667 	0.000662878383786 	162.383650305 	-91.2324422137 	37.4765210488 	-1.31272748816 	-2.01930083223e-19
0.462 	0.147907949791 	-9.31293363067e-19 	0.107640611667 	0.000662878383786 	162.383650305 	-91.2324422137 	37.4765210488 	-1.31272748816 	-2.01930083223e-19
0.462 	0.149372384937 	1.22513967586e-19 	0.106360096433 	0.00065828231331 	161.572161794 	-92.1159964942 	37.5009843675 	-1.27028259123 	3.2213040505e-19
0.462 	0.150836820084 	-9.3773558478e-19 	0.105130039831 	0.00065384690802 	160.786934283 	-92.9887386752 	37.5251183815 	-1.22730323609 	-2.08038664819e-19
0.462 	0.15230125523 	4.19727345581e-19 	0.105130039831 	0.00065384690802 	160.786934283 	-92.9887386752 	37.5251183815 	-1.22730323609 	-2.08038664819e-19
0.462 	0.153765690377 	-2.06146797929e-19 	0.103948861874 	0.000649568624533 	160.027528961 	-93.8504588112 	37.548916452 	-1.18378531242 	2.60178510001e-19
0.462 	0.155230125523 	4.09773094937e-19 	0.102815006792 	0.000645443873292 	159.293489406 	-94.700947224 	37.5723718928 	-1.13972460218 	-1.93163258068e-20
0.462 	0.156694560669 	-2.21953190142e-20 	0.102815006792 	0.000645443873292 	159.293489406 	-94.700947224 	37.5723718928 	-1.13972460218 	-1.93163258068e-20
0.462 	0.158158995816 	2.08855427797e-18 	0.101726985547 	0.000641469169583 	158.584372205 	-95.5399946784 	37.5954779881 	-1.09511676954 	-2.58225394343e-19
0.462 	0.159623430962 	-3.78470599555e-19 	0.100683365621 	0.000637641106513 	157.899741081 	-96.3673925666 	37.6182280106 	-1.04995734778 	1.57060893896e-19
0.462 	0.161087866109 	-7.65740299742e-19 	0.100683365621 	0.000637641106513 	157.899741081 	-96.3673925666 	37.6182280106 	-1.04995734778 	1.57060893896e-19
0.462 	0.162552301255 	1.36809157397e-19 	0.0996827642456 	0.000633956332856 	157.239164717 	-97.1829330815 	37.6406152237 	-1.00424172511 	-2.57824615643e-19
0.462 	0.164016736402 	-2.22809130717e-19 	0.0987238463364 	0.00063041154822 	156.602217417 	-97.9864093922 	37.662632884 	-0.957965130886 	1.13878758963e-20
0.462 	0.165481171548 	-2.67524886724e-19 	0.0987238463364 	0.00063041154822 	156.602217417 	-97.9864093922 	37.662632884 	-0.957965130886 	1.13878758963e-20
0.462 	0.166945606695 	7.45592973984e-19 	0.0978053234283 	0.000627003508824 	155.988478616 	-98.7776157933 	37.6842742445 	-0.911122618402 	3.2072515231e-19
0.462 	0.168410041841 	4.95622358063e-19 	0.0969259525607 	0.000623729042373 	155.397529979 	-99.5563478776 	37.7055325561 	-0.863709050361 	-6.78268723436e-20
0.462 	0.169874476987 	6.10769089901e-21 	0.0969259525607 	0.000623729042373 	155.397529979 	-99.5563478776 	37.7055325561 	-0.863709050361 	-6.78268723436e-20
0.462 	0.171338912134 	3.5618206194e-19 	0.0960845358045 	0.000620585126021 	154.828937684 	-100.322402633 	37.7264010689 	-0.815719076019 	1.31966932349e-19
0.462 	0.17280334728 	1.7043259654e-20 	0.0960845358045 	0.000620585126021 	154.828937684 	-100.322402633 	37.7264010689 	-0.815719076019 	1.31966932349e-19
0.462 	0.174267782427 	4.64502618925e-19 	0.0952799188228 	0.000617568755834 	154.282285046 	-101.075578649 	37.7468730287 	-0.76714711984 	1.15299431426e-21
0.462 	0.175732217573 	5.91018036057e-19 	0.0945109900043 	0.000614676996761 	153.757161082 	-101.815676083 	37.7669416752 	-0.717987344816 	2.62063998062e-20
0.462 	0.17719665272 	-1.36580434396e-19 	0.0945109900043 	0.000614676996761 	153.757161082 	-101.815676083 	37.7669416752 	-0.717987344816 	2.62063998062e-20
0.462 	0.178661087866 	-1.78294670325e-20 	0.0937766835736 	0.000611907003664 	153.253162673 	-102.542496999 	37.7866002425 	-0.668233657844 	-4.26339156133e-19
0.462 	0.180125523013 	9.16161244365e-19 	0.0937766835736 	0.000611907003664 	153.253162673 	-102.542496999 	37.7866002425 	-0.668233657844 	-4.26339156133e-19
0.462 	0.181589958159 	-8.14156409927e-19 	0.0930759837198 	0.000609256042296 	152.769898464 	-103.255844997 	37.8058419829 	-0.617879637417 	2.76283348122e-19
0.462 	0.183054393305 	7.06005137544e-19 	0.092407919946 	0.000606721476111 	152.306986953 	-103.955526035 	37.8246601611 	-0.566918592878 	-8.59457456328e-20
0.462 	0.184518828452 	-1.08217705552e-19 	0.092407919946 	0.000606721476111 	152.306986953 	-103.955526035 	37.8246601611 	-0.566918592878 	-8.59457456328e-20
0.462 	0.185983263598 	-7.79263234133e-19 	0.0917715452147 	0.000604300689115 	151.864041971 	-104.641347094 	37.8430480466 	-0.515343387086 	1.64155023837e-19
0.462 	0.187447698745 	7.10664181788e-19 	0.0917715452147 	0.000604300689115 	151.864041971 	-104.641347094 	37.8430480466 	-0.515343387086 	1.64155023837e-19
0.462 	0.188912133891 	-7.84720228741e-19 	0.0911659508892 	0.000601991140372 	151.440685378 	-105.313118505 	37.8609988633 	-0.463146667568 	-1.58121900851e-19
0.462 	0.190376569038 	8.39015138491e-19 	0.0911659508892 	0.000601991140372 	151.440685378 	-105.313118505 	37.8609988633 	-0.463146667568 	-1.58121900851e-19
0.462 	0.191841004184 	1.4924287564e-18 	0.0905902728602 	0.000599790389214 	151.036552918 	-105.970649893 	37.8785058454 	-0.410320391726 	3.77303868578e-21
0.462 	0.193305439331 	-1.26646846511e-19 	0.0900436916301 	0.000597696097363 	150.651295913 	-106.613756896 	37.8955621542 	-0.356856551488 	-1.09058520019e-19
0.462 	0.194769874477 	8.40775200932e-20 	0.0900436916301 	0.000597696097363 	150.651295913 	-106.613756896 	37.8955621542 	-0.356856551488 	-1.09058520019e-19
0.462 	0.196234309623 	-4.92632697532e-20 	0.0895254200961 	0.00059570598644 	150.284573488 	-107.242249587 	37.9121610055 	-0.30274586143 	1.8573318043e-19
0.462 	0.19769874477 	2.63974157799e-19 	0.0895254200961 	0.00059570598644 	150.284573488 	-107.242249587 	37.9121610055 	-0.30274586143 	1.8573318043e-19
0.462 	0.199163179916 	1.09622474006e-18 	0.0890347205078 	0.00059381790255 	149.93606647 	-107.855951423 	37.9282954398 	-0.247979863623 	-1.90534799876e-19
0.462 	0.200627615063 	-9.49512108511e-19 	0.0890347205078 	0.00059381790255 	149.93606647 	-107.855951423 	37.9282954398 	-0.247979863623 	-1.90534799876e-19
0.462 	0.202092050209 	1.07643435763e-18 	0.0885708759974 	0.000592029715817 	149.605456671 	-108.454667399 	37.9439586616 	-0.192547336163 	2.67722182602e-19
0.462 	0.203556485356 	6.32902487845e-19 	0.0885708759974 	0.000592029715817 	149.605456671 	-108.454667399 	37.9439586616 	-0.192547336163 	2.67722182602e-19
0.462 	0.205020920502 	8.80230258151e-19 	0.0881332362008 	0.000590339490435 	149.292462437 	-109.038235662 	37.9591434713 	-0.136440107231 	-1.70408038001e-19
0.462 	0.206485355649 	-3.66496903585e-19 	0.0881332362008 	0.000590339490435 	149.292462437 	-109.038235662 	37.9591434713 	-0.136440107231 	-1.70408038001e-19
0.462 	0.207949790795 	-6.02539622165e-19 	0.0877211439591 	0.000588745218927 	148.996783565 	-109.606442807 	37.9738431184 	-0.0796434546137 	1.44553481518e-19
0.462 	0.209414225941 	-7.21195361778e-19 	0.0877211439591 	0.000588745218927 	148.996783565 	-109.606442807 	37.9738431184 	-0.0796434546137 	1.44553481518e-19
0.462 	0.210878661088 	3.40502604365e-19 	0.0873340520776 	0.000587245253168 	148.718191601 	-110.159159518 	37.988049938 	-0.022151546449 	-2.02080858118e-19
0.462 	0.212343096234 	-6.91470843384e-19 	0.0873340520776 	0.000587245253168 	148.718191601 	-110.159159518 	37.988049938 	-0.022151546449 	-2.02080858118e-19
0.462 	0.213807531381 	5.86923040432e-19 	0.0869713391667 	0.000585837628001 	148.456389637 	-110.696122753 	38.0017573979 	0.0360574714749 	2.98518528871e-19
0.462 	0.215271966527 	7.39252411236e-19 	0.0869713391667 	0.000585837628001 	148.456389637 	-110.696122753 	38.0017573979 	0.0360574714749 	2.98518528871e-19
0.462 	0.216736401674 	2.06177716182e-19 	0.08663259868 	0.000584521127783 	148.211235766 	-111.217279475 	38.0149569371 	0.0949819192415 	-2.22968430956e-19
0.462 	0.21820083682 	1.80925857496e-18 	0.08663259868 	0.000584521127783 	148.211235766 	-111.217279475 	38.0149569371 	0.0949819192415 	-2.22968430956e-19
0.462 	0.219665271967 	-8.71056463933e-19 	0.0863171900717 	0.000583293627418 	147.982398597 	-111.72224571 	38.0276426617 	0.154659162232 	-1.93272418817e-20
0.462 	0.221129707113 	1.14845388263e-18 	0.0863171900717 	0.000583293627418 	147.982398597 	-111.72224571 	38.0276426617 	0.154659162232 	-1.93272418817e-20
0.462 	0.222594142259 	1.65537147957e-19 	0.0860249319837 	0.000582154656641 	147.769894138 	-112.211146351 	38.0398042941 	0.215067774555 	-1.23143963385e-19
0.462 	0.224058577406 	4.60060858153e-19 	0.0860249319837 	0.000582154656641 	147.769894138 	-112.211146351 	38.0398042941 	0.215067774555 	-1.23143963385e-19
0.462 	0.225523012552 	-2.92202867816e-19 	0.0857550422504 	0.00058110146659 	147.573267632 	-112.683318913 	38.0514374851 	0.276279506138 	1.18009611389e-19
0.462 	0.226987447699 	8.14957439358e-19 	0.0857550422504 	0.00058110146659 	147.573267632 	-112.683318913 	38.0514374851 	0.276279506138 	1.18009611389e-19
0.462 	0.228451882845 	-7.17657628452e-19 	0.0855077486045 	0.000580135005844 	147.392844326 	-113.139291242 	38.0625287089 	0.338225606796 	2.57038922769e-19
0.462 	0.229916317992 	-1.28795091918e-19 	0.0855077486045 	0.000580135005844 	147.392844326 	-113.139291242 	38.0625287089 	0.338225606796 	2.57038922769e-19
0.462 	0.231380753138 	6.93346338254e-19 	0.085281863348 	0.000579250893526 	147.227849454 	-113.577786447 	38.0730769671 	0.40105338289 	-1.89350779554e-19
0.462 	0.232845188285 	4.00080343828e-20 	0.085281863348 	0.000579250893526 	147.227849454 	-113.577786447 	38.0730769671 	0.40105338289 	-1.89350779554e-19
0.462 	0.234309623431 	3.67338581801e-19 	0.0850784098732 	0.000578452910426 	147.079232103 	-114.000210891 	38.0830627009 	0.464587206223 	-6.6558777224e-20
0.462 	0.235774058577 	-3.44027435259e-19 	0.0850784098732 	0.000578452910426 	147.079232103 	-114.000210891 	38.0830627009 	0.464587206223 	-6.6558777224e-20
0.462 	0.237238493724 	-6.11419943489e-19 	0.0848952459921 	0.000577732939654 	146.945483224 	-114.403985242 	38.0924916591 	0.529136560233 	2.3135410419e-19
0.462 	0.23870292887 	6.44582966708e-19 	0.0848952459921 	0.000577732939654 	146.945483224 	-114.403985242 	38.0924916591 	0.529136560233 	2.3135410419e-19
0.462 	0.240167364017 	2.11762153276e-19 	0.0847349759357 	0.000577100464616 	146.82881254 	-114.792354031 	38.1013332825 	0.594295584552 	-1.5366137424e-19
0.462 	0.241631799163 	-2.90192848003e-19 	0.0847349759357 	0.000577100464616 	146.82881254 	-114.792354031 	38.1013332825 	0.594295584552 	-1.5366137424e-19
0.462 	0.24309623431 	-1.78224787943e-19 	0.084593402218 	0.000576539404688 	146.726141405 	-115.160085725 	38.1096062426 	0.660711204814 	5.82100512416e-21
0.462 	0.244560669456 	2.32238408322e-19 	0.084593402218 	0.000576539404688 	146.726141405 	-115.160085725 	38.1096062426 	0.660711204814 	5.82100512416e-21
0.462 	0.246025104603 	4.36399532015e-19 	0.084593402218 	0.000576539404688 	146.726141405 	-115.160085725 	38.1096062426 	0.660711204814 	5.82100512416e-21
0.462 	0.247489539749 	-1.09229387954e-18 	0.0844762489563 	0.000576070563903 	146.642189776 	-115.514109787 	38.1172606521 	0.727502332925 	4.39696461687e-20
0.462 	0.248953974895 	-1.08288071895e-18 	0.0844762489563 	0.000576070563903 	146.642189776 	-115.514109787 	38.1172606521 	0.727502332925 	4.39696461687e-20
0.462 	0.250418410042 	1.6592096283e-19 	0.0843751315226 	0.000575661688425 	146.570691118 	-115.844015222 	38.1243396122 	0.795993537121 	5.17549302112e-21
0.462 	0.251882845188 	-3.88412088593e-19 	0.0843751315226 	0.000575661688425 	146.570691118 	-115.844015222 	38.1243396122 	0.795993537121 	5.17549302112e-21
0.462 	0.253347280335 	-2.08441873282e-19 	0.0843017895579 	0.000575355420909 	146.521239732 	-116.16379688 	38.1307551243 	0.86436258961 	-5.11080821365e-20
0.462 	0.254811715481 	4.34831586744e-19 	0.0843017895579 	0.000575355420909 	146.521239732 	-116.16379688 	38.1307551243 	0.86436258961 	-5.11080821365e-20
0.462 	0.256276150628 	1.12065809418e-18 	0.0843017895579 	0.000575355420909 	146.521239732 	-116.16379688 	38.1307551243 	0.86436258961 	-5.11080821365e-20
0.462 	0.257740585774 	-6.35214251368e-19 	0.0842396681815 	0.000575087930814 	146.481370357 	-116.453365521 	38.1365849044 	0.935244183213 	-2.02252199856e-20
0.462 	0.259205020921 	-4.43779356823e-19 	0.0842396681815 	0.000575087930814 	146.481370357 	-116.453365521 	38.1365849044 	0.935244183213 	-2.02252199856e-20
0.462 	0.260669456067 	-1.03174333177e-18 	0.0842118617704 	0.00057494290096 	146.469956634 	-116.739645627 	38.1416835471 	1.00502790036 	-1.27141814788e-19
0.462 	0.262133891213 	-2.1964519322e-19 	0.0842118617704 	0.00057494290096 	146.469956634 	-116.739645627 	38.1416835471 	1.00502790036 	-1.27141814788e-19
0.462 	0.26359832636 	-2.26578239217e-19 	0.0841865747815 	0.000574797263227 	146.463075187 	-116.98529303 	38.1462445129 	1.07878078229 	6.58193897713e-20
0.462 	0.265062761506 	1.30540827387e-19 	0.0841865747815 	0.000574797263227 	146.463075187 	-116.98529303 	38.1462445129 	1.07878078229 	6.58193897713e-20
0.462 	0.266527196653 	1.63027273674e-19 	0.0841865747815 	0.000574797263227 	146.463075187 	-116.98529303 	38.1462445129 	1.07878078229 	6.58193897713e-20
0.462 	0.267991631799 	-5.6545485125e-19 	0.0842071209149 	0.00057480676235 	146.496399191 	-117.239754096 	38.1500152781 	1.14963821096 	-1.6660114355e-20
0.462 	0.269456066946 	-2.15455392304e-19 	0.0842071209149 	0.00057480676235 	146.496399191 	-117.239754096 	38.1500152781 	1.14963821096 	-1.6660114355e-20
0.462 	0.270920502092 	-1.63607570985e-18 	0.0842133086068 	0.000574736853377 	146.524984629 	-117.436446372 	38.1532919071 	1.22699493156 	8.89993793354e-20
0.462 	0.272384937238 	-7.45852446759e-20 	0.0842133086068 	0.000574736853377 	146.524984629 	-117.436446372 	38.1532919071 	1.22699493156 	8.89993793354e-20
0.462 	0.273849372385 	5.38066227892e-19 	0.0842133086068 	0.000574736853377 	146.524984629 	-117.436446372 	38.1532919071 	1.22699493156 	8.89993793354e-20
0.462 	0.275313807531 	-1.44762842609e-19 	0.0842832551712 	0.000574863592347 	146.614355637 	-117.661989751 	38.1555634982 	1.29831311998 	-1.37002383186e-19
0.462 	0.276778242678 	3.89388964828e-19 	0.0842832551712 	0.000574863592347 	146.614355637 	-117.661989751 	38.1555634982 	1.29831311998 	-1.37002383186e-19
0.462 	0.278242677824 	1.03554513432e-18 	0.0843058324196 	0.000574748020468 	146.68311924 	-117.802951609 	38.1574667305 	1.38035063148 	5.85235494435e-20
0.462 	0.279707112971 	5.74831110779e-19 	0.0843058324196 	0.000574748020468 	146.68311924 	-117.802951609 	38.1574667305 	1.38035063148 	5.85235494435e-20
0.462 	0.281171548117 	-3.94729498333e-19 	0.0843058324196 	0.000574748020468 	146.68311924 	-117.802951609 	38.1574667305 	1.38035063148 	5.85235494435e-20
0.462 	0.282635983264 	-7.7527650252e-19 	0.0844135380242 	0.000574841454097 	146.846643405 	-118.003726451 	38.1580833015 	1.45114523708 	1.15183078337e-19
0.462 	0.28410041841 	-7.21497058894e-19 	0.0844135380242 	0.000574841454097 	146.846643405 	-118.003726451 	38.1580833015 	1.45114523708 	1.15183078337e-19
0.462 	0.285564853556 	-1.93090900577e-19 	0.0844021804991 	0.000574319278846 	146.960381808 	-118.080580074 	38.1586620457 	1.53939270062 	-1.2071986085e-19
0.462 	0.287029288703 	-9.8495725904e-19 	0.0844021804991 	0.000574319278846 	146.960381808 	-118.080580074 	38.1586620457 	1.53939270062 	-1.2071986085e-19
0.462 	0.288493723849 	6.08054407583e-19 	0.0844021804991 	0.000574319278846 	146.960381808 	-118.080580074 	38.1586620457 	1.53939270062 	-1.2071986085e-19
0.462 	0.289958158996 	-2.70733413485e-19 	0.0844844975496 	0.000573854620018 	147.222823695 	-118.261400102 	38.157394841 	1.60823493673 	4.611829236e-20
0.462 	0.291422594142 	6.82754358981e-20 	0.0844844975496 	0.000573854620018 	147.222823695 	-118.261400102 	38.157394841 	1.60823493673 	4.611829236e-20
0.462 	0.292887029289 	1.22108046063e-18 	0.0844844975496 	0.000573854620018 	147.222823695 	-118.261400102 	38.157394841 	1.60823493673 	4.611829236e-20
0.462 	0.294351464435 	6.24075749578e-19 	0.0842991935864 	0.000571941000013 	147.391415521 	-118.265221719 	38.1568472512 	1.7047131006 	8.0454885575e-20
0.462 	0.295815899582 	-9.12320767057e-19 	0.0842991935864 	0.000571941000013 	147.391415521 	-118.265221719 	38.1568472512 	1.7047131006 	8.0454885575e-20
0.462 	0.297280334728 	6.27764039667e-19 	0.0841821148212 	0.000569513260099 	147.814143619 	-118.429518262 	38.1530158481 	1.76971737345 	-4.39743155192e-23
0.462 	0.298744769874 	-1.15007249399e-19 	0.0841821148212 	0.000569513260099 	147.814143619 	-118.429518262 	38.1530158481 	1.76971737345 	-4.39743155192e-23
0.462 	0.300209205021 	-7.62106850634e-19 	0.0841821148212 	0.000569513260099 	147.814143619 	-118.429518262 	38.1530158481 	1.76971737345 	-4.39743155192e-23
0.462 	0.301673640167 	5.15300804203e-19 	0.0835482132982 	0.000564055007108 	148.120683702 	-118.354029399 	38.1493101608 	1.87673591711 	-2.24383700405e-19
0.462 	0.303138075314 	2.39160983812e-19 	0.0835482132982 	0.000564055007108 	148.120683702 	-118.354029399 	38.1493101608 	1.87673591711 	-2.24383700405e-19
0.462 	0.30460251046 	3.28021001529e-19 	0.0835482132982 	0.000564055007108 	148.120683702 	-118.354029399 	38.1493101608 	1.87673591711 	-2.24383700405e-19
0.462 	0.306066945607 	1.0915946046e-19 	0.0829629513417 	0.000557019559866 	148.940822404 	-118.49889997 	38.1350917426 	1.93556229586 	-1.12021115738e-19
0.462 	0.307531380753 	9.97773178115e-20 	0.0829629513417 	0.000557019559866 	148.940822404 	-118.49889997 	38.1350917426 	1.93556229586 	-1.12021115738e-19
0.462 	0.3089958159 	1.14259560326e-18 	0.0816029196102 	0.000545712996141 	149.534499246 	-118.347380056 	38.1166716901 	2.0549235813 	3.76928695979e-19
0.462 	0.310460251046 	-5.86249072619e-19 	0.0816029196102 	0.000545712996141 	149.534499246 	-118.347380056 	38.1166716901 	2.0549235813 	3.76928695979e-19
0.462 	0.311924686192 	-4.52539329884e-20 	0.0816029196102 	0.000545712996141 	149.534499246 	-118.347380056 	38.1166716901 	2.0549235813 	3.76928695979e-19
0.462 	0.313389121339 	3.87045544767e-20 	0.0810130970917 	0.000535597010807 	151.257560175 	-118.453235997 	38.0663499562 	2.10475333615 	-2.10724687061e-19
0.462 	0.314853556485 	-3.30524762794e-19 	0.0810130970917 	0.000535597010807 	151.257560175 	-118.453235997 	38.0663499562 	2.10475333615 	-2.10724687061e-19
0.462 	0.316317991632 	9.14217655912e-19 	0.0810130970917 	0.000535597010807 	151.257560175 	-118.453235997 	38.0663499562 	2.10475333615 	-2.10724687061e-19
0.462 	0.317782426778 	1.36321092859e-19 	0.080816501596 	0.000504061704076 	153.1960651 	-118.250352044 	37.9727788352 	2.23445030298 	1.13913046595e-19
0.462 	0.319246861925 	-7.71583506382e-19 	0.080816501596 	0.000504061704076 	153.1960651 	-118.250352044 	37.9727788352 	2.23445030298 	1.13913046595e-19
0.462 	0.320711297071 	3.84709226962e-19 	0.080816501596 	0.000504061704076 	153.1960651 	-118.250352044 	37.9727788352 	2.23445030298 	1.13913046595e-19
0.462 	0.322175732218 	-3.77794311035e-20 	0.0824485051521 	0.000442904340749 	157.064562153 	-118.265119913 	37.8042791594 	2.27069459085 	1.1938677964e-19
0.462 	0.323640167364 	-3.70443363102e-19 	0.0824485051521 	0.000442904340749 	157.064562153 	-118.265119913 	37.8042791594 	2.27069459085 	1.1938677964e-19
0.462 	0.32510460251 	9.16194345883e-19 	0.0824485051521 	0.000442904340749 	157.064562153 	-118.265119913 	37.8042791594 	2.27069459085 	1.1938677964e-19
0.462 	0.326569037657 	1.17313283342e-18 	0.0837011075802 	0.000361584860178 	161.457570342 	-118.091182425 	37.6040324644 	2.40583906599 	1.74572767687e-19
0.462 	0.328033472803 	-9.18594782745e-19 	0.0837011075802 	0.000361584860178 	161.457570342 	-118.091182425 	37.6040324644 	2.40583906599 	1.74572767687e-19
0.462 	0.32949790795 	2.8815831475e-19 	0.0837011075802 	0.000361584860178 	161.457570342 	-118.091182425 	37.6040324644 	2.40583906599 	1.74572767687e-19
0.462 	0.330962343096 	1.92164503853e-18 	0.0774384835859 	0.000508540428105 	152.275963338 	-117.879756179 	37.2581367734 	2.43174022011 	-1.01211954338e-19
0.462 	0.332426778243 	-1.13500357226e-18 	0.0774384835859 	0.000508540428105 	152.275963338 	-117.879756179 	37.2581367734 	2.43174022011 	-1.01211954338e-19
0.462 	0.333891213389 	6.51590868975e-19 	0.0774384835859 	0.000508540428105 	152.275963338 	-117.879756179 	37.2581367734 	2.43174022011 	-1.01211954338e-19
