0.378 	0.00585774058577 	3.03883950025e-18 	6.61258482459 	0.000462932324909 	14284.128519 	105.697378197 	8.85850487637 	-2.1870892242 	-2.92683294743e-18
0.378 	0.00732217573222 	3.59303236434e-18 	8.15562973114 	0.000708579164418 	10601.8021274 	104.337303424 	13.5238933388 	-3.40957519926 	1.22197380646e-18
0.378 	0.00878661087866 	2.82369583202e-18 	6.01367266452 	0.000568817866236 	8987.52069042 	102.222528003 	18.2858638406 	-4.59163519463 	1.81213103145e-18
0.378 	0.0102510460251 	-8.82815078865e-19 	2.51548338673 	0.000382405776609 	6578.04756256 	99.001432669 	22.3150274807 	-5.51905090677 	7.92205754974e-19
0.378 	0.0117154811715 	-1.36846668253e-18 	0.662591093872 	0.000196334418727 	3374.80864623 	95.6390868191 	24.4090909045 	-5.93826950394 	2.52025473124e-18
0.378 	0.013179916318 	-1.4683603708e-18 	0.333994098994 	0.000238088426357 	1402.81534934 	91.9017875365 	25.1237829368 	-5.97776140814 	1.05380221264e-18
0.378 	0.0146443514644 	-5.38967491712e-18 	0.300224322573 	0.000219650464586 	932.288910891 	87.8808103168 	25.6236774449 	-5.9617232705 	-1.9484207395e-18
0.378 	0.0161087866109 	-2.23161933194e-18 	0.292347750598 	0.000233743811751 	790.957683372 	83.6095885589 	26.0764501701 	-5.93226181619 	-4.68453273946e-19
0.378 	0.0175732217573 	-2.98736323167e-18 	0.289663673034 	0.000246060004072 	746.291404571 	80.2503990425 	26.4006236237 	-5.90501820355 	3.77498775947e-19
0.378 	0.0190376569038 	-1.30134801265e-18 	0.287524415102 	0.000264040339139 	708.487729556 	75.5665355923 	26.8297201541 	-5.86628748548 	2.40743197742e-18
0.378 	0.0205020920502 	9.38706998033e-19 	0.286347197088 	0.000280159668949 	684.517666082 	71.8987891369 	27.1556716549 	-5.83739385222 	-1.28442783757e-18
0.378 	0.0219665271967 	1.8746178347e-18 	0.285103080568 	0.000300158152636 	660.70687281 	68.0976303413 	27.4852926718 	-5.80919987743 	3.0693595768e-19
0.378 	0.0234309623431 	1.40540249949e-18 	0.283785177439 	0.000324234397513 	636.843063723 	64.1638373318 	27.8154937191 	-5.78130754958 	4.53134619128e-19
0.378 	0.0248953974895 	1.05761764333e-18 	0.282736335947 	0.000351104934649 	614.088619363 	60.0993075314 	28.1448848705 	-5.75306582223 	1.79354785297e-18
0.378 	0.026359832636 	2.06787494439e-18 	0.282200842082 	0.000377774659679 	593.098397093 	55.9060040214 	28.4752934587 	-5.72420192767 	2.84111073809e-19
0.378 	0.0278242677824 	1.22630325185e-18 	0.28201565412 	0.000410171052889 	573.333547309 	51.5858264812 	28.8081092138 	-5.69480616411 	1.92586112475e-18
0.378 	0.0292887029289 	5.52027070629e-19 	0.281965257643 	0.000434758294056 	560.53385047 	48.6368308558 	29.0305011333 	-5.67484475244 	4.89598068758e-19
0.378 	0.0307531380753 	9.09598883791e-19 	0.282014067259 	0.000475633305392 	541.969398617 	44.1131314892 	29.3633248324 	-5.64406271117 	-2.61241001118e-19
0.378 	0.0322175732218 	-4.73140820722e-19 	0.282184470485 	0.000505454361044 	530.11880164 	41.0325811015 	29.5844332173 	-5.62280871703 	-1.17938254985e-18
0.378 	0.0336820083682 	-9.84850836922e-20 	0.282491409911 	0.000537995318813 	518.725774575 	37.9021336258 	29.8048141064 	-5.60082911928 	-4.94231804232e-19
0.378 	0.0351464435146 	2.71465294334e-19 	0.282966183457 	0.000563060833217 	502.549932022 	33.1141093611 	30.1327522281 	-5.56626226413 	3.83766419121e-19
0.378 	0.0366108786611 	3.04896055609e-19 	0.283092825181 	0.000574902353149 	492.418971032 	29.8594760828 	30.3498161075 	-5.54154926309 	-4.1826518278e-20
0.378 	0.0380753138075 	-4.93851106799e-19 	0.283089218989 	0.000586356989029 	482.793288535 	26.5601714603 	30.5655455888 	-5.51579565854 	-3.81327600917e-20
0.378 	0.039539748954 	2.1941293986e-18 	0.283001822753 	0.000597499469563 	473.64363848 	23.2189605954 	30.7797797921 	-5.48881089665 	-1.24013122433e-19
0.378 	0.0410041841004 	8.40204059086e-19 	0.282880977069 	0.000608417184733 	464.945738167 	19.8360703238 	30.9923447552 	-5.46023614775 	-1.8751897465e-19
0.378 	0.0424686192469 	5.79154358631e-19 	0.282760117837 	0.000619177720016 	456.670368937 	16.4154901133 	31.2029874161 	-5.4300678155 	-1.38441752352e-19
0.378 	0.0439330543933 	1.15077177045e-18 	0.282668569713 	0.000629845700484 	448.790187019 	12.9595525703 	31.4115608111 	-5.3981189552 	-1.19934715572e-19
0.378 	0.0453974895397 	2.29484776776e-18 	0.282626350462 	0.000640484571054 	441.269568753 	9.47149133576 	31.6179344584 	-5.36427521065 	5.27580837001e-20
0.378 	0.0468619246862 	1.2783570897e-18 	0.282652930776 	0.000651166938456 	434.071378756 	5.95420281789 	31.821989719 	-5.32838044509 	9.62648772627e-20
0.378 	0.0483263598326 	1.75873498325e-18 	0.282761224572 	0.000661961090849 	427.156865383 	2.41099105185 	32.0235954273 	-5.2903124111 	1.34701911482e-20
0.378 	0.0497907949791 	-1.06580272476e-19 	0.282846995327 	0.000667416883972 	423.793587065 	0.630749394803 	32.1234373632 	-5.27042596788 	8.79202768873e-21
0.378 	0.0512552301255 	8.16966685538e-19 	0.283076481976 	0.000678467019682 	417.229539188 	-2.94488477915 	32.321128853 	-5.22886390148 	-1.00365307605e-20
0.378 	0.052719665272 	2.10567141286e-19 	0.283365515236 	0.00068971236294 	410.845927175 	-6.53778946371 	32.5161083478 	-5.18481328227 	3.94729441218e-20
0.378 	0.0541841004184 	8.66233768422e-19 	0.283684791711 	0.000701148085024 	404.600394368 	-10.1441969482 	32.7083891334 	-5.13817381867 	-2.63532781814e-20
0.378 	0.0556485355649 	1.38689965487e-18 	0.283846488644 	0.000706931430148 	401.519124117 	-11.951213234 	32.8035713043 	-5.11385940078 	9.57845055719e-20
0.378 	0.0571129707113 	7.07899677048e-19 	0.284158883951 	0.000718602877163 	395.432432825 	-15.5705654079 	32.9923348758 	-5.06320478382 	-2.27178988144e-19
0.378 	0.0585774058577 	7.08673495396e-19 	0.284303666621 	0.000724469091099 	392.430360541 	-17.3819875515 	33.086155332 	-5.03686431601 	1.44820208763e-19
0.378 	0.0600418410042 	9.05638634323e-19 	0.284542628342 	0.000736147355496 	386.529444435 	-21.0060055707 	33.2736593462 	-4.9822101891 	1.55861528754e-19
0.378 	0.0615062761506 	2.03919104907e-19 	0.284611570744 	0.000741872139499 	383.639653776 	-22.8177314883 	33.3678984558 	-4.9539403257 	-2.17921274975e-19
0.378 	0.0629707112971 	3.12532954847e-19 	0.284524273648 	0.000752729341942 	377.990145719 	-26.4386598576 	33.5589169667 	-4.89567212464 	1.49514090628e-19
0.378 	0.0644351464435 	1.31245693786e-18 	0.284293943827 	0.000757659542436 	375.226507295 	-28.2471626781 	33.6562187336 	-4.86574146267 	2.0343663894e-21
0.378 	0.06589958159 	-1.14666209036e-19 	0.283883921446 	0.000762105444702 	372.499531947 	-30.0539220017 	33.7548973558 	-4.83531588895 	3.92686220751e-19
0.378 	0.0673640167364 	-8.12368799795e-19 	0.282384607676 	0.000769116135737 	367.154704673 	-33.6608857443 	33.9561586674 	-4.77302291496 	1.43137633681e-19
0.378 	0.0688284518828 	-1.57013767116e-18 	0.281249427121 	0.000771510464745 	364.543891461 	-35.4603872969 	34.0583578674 	-4.74114408652 	8.01730680026e-20
0.378 	0.0702928870293 	1.31094320183e-18 	0.278163133214 	0.000773815817645 	359.469432999 	-39.0494331295 	34.2644263224 	-4.67580138391 	5.7117400117e-20
0.378 	0.0717573221757 	1.14418036801e-18 	0.276214622887 	0.000773689401172 	357.009702432 	-40.838068664 	34.3675589624 	-4.64225629295 	6.06627765409e-20
0.378 	0.0732217573222 	-4.44670673842e-19 	0.274009060638 	0.000772725970981 	354.600558191 	-42.6221088224 	34.4701798969 	-4.60806132229 	1.90388126973e-19
0.378 	0.0746861924686 	-6.47369481328e-19 	0.271568141025 	0.00077097249834 	352.241022358 	-44.4009890079 	34.5718116934 	-4.57316429174 	-7.32206792873e-20
0.378 	0.0761506276151 	1.10353505299e-18 	0.266119335683 	0.000765420646995 	347.677236991 	-47.9407827337 	34.7703695923 	-4.50109871343 	2.38829444293e-19
0.378 	0.0776150627615 	1.22299231664e-18 	0.263197618847 	0.00076183099473 	345.48032394 	-49.7003763005 	34.8667086611 	-4.46388470136 	2.96241364337e-19
0.378 	0.0790794979079 	1.41678370655e-18 	0.260201759395 	0.000757845230562 	343.344193381 	-51.4521921446 	34.9609683343 	-4.42587952878 	-4.23256159948e-19
0.378 	0.0805439330544 	3.36128629428e-19 	0.257167059306 	0.000753561770207 	341.268718071 	-53.1955458397 	35.0532588854 	-4.38709519908 	2.86326762786e-19
0.378 	0.0820083682008 	-5.39069782524e-19 	0.254119543072 	0.000749061915212 	339.25038493 	-54.9297685673 	35.1437983073 	-4.34754889393 	-6.04735409773e-19
0.378 	0.0834728033473 	1.31382830414e-18 	0.248047937152 	0.000739649422843 	335.358792276 	-58.3682760421 	35.3206649465 	-4.26623961655 	7.46316727986e-20
0.378 	0.0849372384937 	1.75571440767e-18 	0.245040633722 	0.000734819599335 	333.470465327 	-60.0713517916 	35.407442693 	-4.22450553285 	-9.74294613222e-20
0.378 	0.0864016736402 	2.75444983577e-19 	0.242059306636 	0.000729947519012 	331.611931449 	-61.7628681667 	35.4933126103 	-4.18206628336 	-3.39163269771e-20
0.378 	0.0878661087866 	1.12300976204e-18 	0.239108931598 	0.000725057474308 	329.779279671 	-63.4422624638 	35.5783370654 	-4.13892950248 	-4.07640528714e-19
0.378 	0.0893305439331 	-2.59653330915e-19 	0.236195270468 	0.000720171617925 	327.97081222 	-65.1089821063 	35.6625281533 	-4.09510096551 	-1.03147477004e-19
0.378 	0.0907949790795 	-2.31277328178e-18 	0.233324674901 	0.000715310369624 	326.186624449 	-66.7624811266 	35.7458699039 	-4.050585366 	1.79156266734e-19
0.378 	0.0922594142259 	1.33112639878e-18 	0.230503418887 	0.000710491928731 	324.427920383 	-68.4022195837 	35.8283376948 	-4.0053871043 	-1.14708305547e-19
0.378 	0.0937238493724 	2.02711959886e-19 	0.227736996319 	0.000705731594623 	322.69633109 	-70.0276648105 	35.9099100003 	-3.95951085664 	1.02350207991e-19
0.378 	0.0951882845188 	1.38147960531e-18 	0.225029685747 	0.000701041409029 	320.993428989 	-71.6382917604 	35.9905720913 	-3.91296181238 	2.24364432386e-19
0.378 	0.0966527196653 	1.83166324949e-18 	0.222384464166 	0.000696430294042 	319.320492042 	-73.2335826639 	36.0703146125 	-3.86574566042 	7.15780796428e-19
0.378 	0.0981171548117 	-5.71773368026e-19 	0.219803176282 	0.00069190455947 	317.678461969 	-74.8130278811 	36.149130699 	-3.81786845678 	-2.61864339451e-19
0.378 	0.0995815899582 	-7.72111317333e-19 	0.217286805006 	0.000687468535155 	316.068000054 	-76.3761294026 	36.2270139784 	-3.76933647125 	2.22265200276e-19
0.378 	0.101046025105 	-5.64789398667e-19 	0.214835725321 	0.000683125138961 	314.489561382 	-77.9224019391 	36.3039578892 	-3.72015612751 	-3.60228046376e-19
0.378 	0.102510460251 	-4.00835718303e-19 	0.212449893743 	0.00067887630231 	312.943452319 	-79.4513705469 	36.3799557382 	-3.67033403855 	-1.33084345445e-19
0.378 	0.103974895397 	6.60530328243e-19 	0.21012897642 	0.000674723262293 	311.429867863 	-80.9625715705 	36.4550009365 	-3.61987700812 	-2.44249132714e-19
0.378 	0.105439330544 	5.59427146432e-19 	0.20787243579 	0.000670666760487 	309.948916566 	-82.4555559315 	36.5290870786 	-3.56879199841 	3.78148240464e-19
0.378 	0.10690376569 	1.17408321587e-18 	0.205679592312 	0.000666707182582 	308.50063969 	-83.9298893577 	36.6022077999 	-3.5170861499 	-1.28370328726e-19
0.378 	0.108368200837 	-8.24796635352e-20 	0.20354967025 	0.000662844658818 	307.085027452 	-85.3851519685 	36.674356619 	-3.4647667988 	7.26862956391e-21
0.378 	0.109832635983 	-7.38343666299e-19 	0.201481830973 	0.000659079134984 	305.702032242 	-86.8209396551 	36.7455269179 	-3.41184144183 	-1.20789083741e-19
0.378 	0.11129707113 	3.4267370338e-19 	0.199475195442 	0.000655410419628 	304.351577985 	-88.2368652847 	36.8157120376 	-3.35831769631 	-2.71077852331e-19
0.378 	0.112761506276 	-6.16360178875e-20 	0.199475195442 	0.000655410419628 	304.351577985 	-88.2368652847 	36.8157120376 	-3.35831769631 	-2.71077852331e-19
0.378 	0.114225941423 	-1.12764022662e-18 	0.197528857938 	0.000651838212978 	303.0335657 	-89.6325593494 	36.8849054561 	-3.30420326021 	5.38696616537e-19
0.378 	0.115690376569 	8.31806184421e-20 	0.195641893291 	0.000648362122607 	301.74787587 	-91.0076707388 	36.9531010179 	-3.24950585534 	-1.52771859531e-19
0.378 	0.117154811715 	-9.39543026198e-19 	0.193813359558 	0.00064498166994 	300.494368431 	-92.3618676276 	37.0202931638 	-3.19423316422 	-8.98150324383e-20
0.378 	0.118619246862 	5.49716934222e-19 	0.192042297961 	0.000641696291238 	299.272881241 	-93.6948382925 	37.0864771165 	-3.13839277026 	-9.02495938355e-20
0.378 	0.120083682008 	-3.25991037852e-19 	0.190327731653 	0.000638505336127 	298.083227946 	-95.0062919119 	37.1516489875 	-3.08199210536 	-1.65902467677e-20
0.378 	0.121548117155 	-5.46624472791e-19 	0.190327731653 	0.000638505336127 	298.083227946 	-95.0062919119 	37.1516489875 	-3.08199210536 	-1.65902467677e-20
0.378 	0.123012552301 	-9.40420467177e-19 	0.188668664595 	0.00063540806612 	296.925196036 	-96.2959593618 	37.2158057905 	-3.02503840938 	3.22217334959e-19
0.378 	0.124476987448 	9.1658769054e-19 	0.187064081487 	0.000632403654899 	295.798545815 	-97.5635940065 	37.2789453578 	-2.96753870052 	-1.2627988865e-19
0.378 	0.125941422594 	7.95856407e-19 	0.185512949321 	0.00062949119147 	294.703010677 	-98.8089724678 	37.3410661834 	-2.90949975608 	7.31394293874e-20
0.378 	0.127405857741 	8.31189066529e-19 	0.184014220518 	0.000626669686282 	293.638298685 	-100.031895365 	37.4021672306 	-2.85092809607 	4.60623494632e-20
0.378 	0.128870292887 	4.52904561416e-19 	0.184014220518 	0.000626669686282 	293.638298685 	-100.031895365 	37.4021672306 	-2.85092809607 	4.60623494632e-20
0.378 	0.130334728033 	6.59758772686e-19 	0.182566836962 	0.000623938079181 	292.604094948 	-101.232188006 	37.4622477577 	-2.79182996539 	-3.02548857781e-19
0.378 	0.13179916318 	1.37378238316e-18 	0.181169733898 	0.000621295247313 	291.60006403 	-102.409701027 	37.5213072002 	-2.73221131078 	2.62559488352e-19
0.378 	0.133263598326 	4.69188536512e-19 	0.179821842767 	0.000618740011229 	290.625851737 	-103.564311003 	37.5793451281 	-2.67207775204 	-1.4781626706e-19
0.378 	0.134728033473 	-2.29283264972e-20 	0.179821842767 	0.000618740011229 	290.625851737 	-103.564311003 	37.5793451281 	-2.67207775204 	-1.4781626706e-19
0.378 	0.136192468619 	4.08128642948e-20 	0.178522092639 	0.000616271138412 	289.68108599 	-104.695921031 	37.6363612647 	-2.61143454942 	2.69839583269e-19
0.378 	0.137656903766 	-7.09558387694e-19 	0.177269410479 	0.000613887344653 	288.765376943 	-105.804461297 	37.6923555351 	-2.55028657015 	-2.09491297506e-19
0.378 	0.139121338912 	2.36086043289e-19 	0.176062720917 	0.000611587294494 	287.878316803 	-106.889889625 	37.7473281124 	-2.48863825683 	1.98893594581e-19
0.378 	0.140585774059 	-5.43207189266e-19 	0.176062720917 	0.000611587294494 	287.878316803 	-106.889889625 	37.7473281124 	-2.48863825683 	1.98893594581e-19
0.378 	0.142050209205 	1.954514351e-19 	0.174900946235 	0.000609369602119 	287.019479848 	-107.952191988 	37.8012794408 	-2.4264935982 	-2.93143802757e-19
0.378 	0.143514644351 	1.71997388285e-19 	0.173783007027 	0.000607232833604 	286.188422974 	-108.991382984 	37.8542102303 	-2.36385610329 	1.66485920086e-19
0.378 	0.144979079498 	-3.244727581e-20 	0.172707823584 	0.00060517551064 	285.384686835 	-110.007506267 	37.9061214343 	-2.3007287758 	-3.58462562282e-20
0.378 	0.146443514644 	-5.62658867552e-20 	0.172707823584 	0.00060517551064 	285.384686835 	-110.007506267 	37.9061214343 	-2.3007287758 	-3.58462562282e-20
0.378 	0.147907949791 	-1.74784179889e-18 	0.171674317737 	0.000603196115244 	284.607797363 	-111.000634935 	37.9570142197 	-2.23711408865 	2.93034329874e-19
0.378 	0.149372384937 	2.69608693176e-19 	0.170681414798 	0.000601293094746 	283.857267428 	-111.970871881 	38.006889939 	-2.17301395766 	-2.6549928447e-19
0.378 	0.150836820084 	-1.03812092653e-18 	0.170681414798 	0.000601293094746 	283.857267428 	-111.970871881 	38.006889939 	-2.17301395766 	-2.6549928447e-19
0.378 	0.15230125523 	-9.64672158297e-19 	0.169728045326 	0.000599464866526 	283.132598429 	-112.918350113 	38.0557501028 	-2.10842971483 	6.51660747306e-20
0.378 	0.153765690377 	-3.35926458439e-20 	0.168813146634 	0.000597709822304 	282.433281727 	-113.843233023 	38.1035963516 	-2.04336208296 	2.00108348253e-19
0.378 	0.155230125523 	-3.31168876469e-19 	0.168813146634 	0.000597709822304 	282.433281727 	-113.843233023 	38.1035963516 	-2.04336208296 	2.00108348253e-19
0.378 	0.156694560669 	-9.3827699362e-19 	0.167935664028 	0.000596026331984 	281.758799932 	-114.745714629 	38.1504304247 	-1.97781115121 	-1.47385027351e-19
0.378 	0.158158995816 	-8.0923569531e-20 	0.167094551843 	0.000594412747128 	281.108628054 	-115.626019773 	38.1962541287 	-1.91177635369 	-6.23728792725e-20
0.378 	0.159623430962 	1.30951930532e-19 	0.167094551843 	0.000594412747128 	281.108628054 	-115.626019773 	38.1962541287 	-1.91177635369 	-6.23728792725e-20
0.378 	0.161087866109 	2.85076156104e-19 	0.166288774347 	0.000592867404199 	280.482234593 	-116.48440428 	38.2410693052 	-1.84525645092 	2.22566234211e-19
0.378 	0.162552301255 	1.0263892162e-18 	0.166288774347 	0.000592867404199 	280.482234593 	-116.48440428 	38.2410693052 	-1.84525645092 	2.22566234211e-19
0.378 	0.164016736402 	-1.26015870646e-18 	0.165517306622 	0.000591388627774 	279.879082634 	-117.321155087 	38.2848777996 	-1.77824951411 	-4.76441733516e-19
0.378 	0.165481171548 	5.93361601688e-19 	0.164779135473 	0.000589974733811 	279.298630992 	-118.136590333 	38.3276814291 	-1.71075291179 	2.46686050857e-19
0.378 	0.166945606695 	-9.80579953861e-20 	0.164779135473 	0.000589974733811 	279.298630992 	-118.136590333 	38.3276814291 	-1.71075291179 	2.46686050857e-19
0.378 	0.168410041841 	3.5618377763e-19 	0.164073260369 	0.000588624032942 	278.740335404 	-118.931059409 	38.3694819534 	-1.64276329641 	1.43819724698e-21
0.378 	0.169874476987 	8.43099199307e-19 	0.163398694408 	0.000587334833318 	278.203650011 	-119.704942986 	38.4102810501 	-1.57427659201 	-1.44931707783e-19
0.378 	0.171338912134 	9.4532284356e-19 	0.163398694408 	0.000587334833318 	278.203650011 	-119.704942986 	38.4102810501 	-1.57427659201 	-1.44931707783e-19
0.378 	0.17280334728 	1.00526696596e-18 	0.162754465097 	0.000586105427263 	277.68803619 	-120.458653001 	38.4500802941 	-1.50528798042 	-2.83370677977e-20
0.378 	0.174267782427 	-7.2592415953e-19 	0.162754465097 	0.000586105427263 	277.68803619 	-120.458653001 	38.4500802941 	-1.50528798042 	-2.83370677977e-20
0.378 	0.175732217573 	-6.60592841489e-19 	0.162139615814 	0.000584934132895 	277.192946514 	-121.192632616 	38.4888811406 	-1.43579188862 	1.68425548002e-19
0.378 	0.17719665272 	6.99891670692e-19 	0.161553207185 	0.00058381927531 	276.71783721 	-121.907356131 	38.5266849119 	-1.3657819729 	1.15891082162e-19
0.378 	0.178661087866 	3.36403684683e-19 	0.161553207185 	0.00058381927531 	276.71783721 	-121.907356131 	38.5266849119 	-1.3657819729 	1.15891082162e-19
0.378 	0.180125523013 	1.33474609376e-19 	0.160994318665 	0.000582759193064 	276.262168974 	-122.603328884 	38.5634927849 	-1.29525110091 	-7.84082227719e-20
0.378 	0.181589958159 	2.96297302436e-19 	0.160994318665 	0.000582759193064 	276.262168974 	-122.603328884 	38.5634927849 	-1.29525110091 	-7.84082227719e-20
0.378 	0.183054393305 	-9.40349425766e-19 	0.160462050315 	0.000581752244274 	275.825408315 	-123.281087144 	38.599305779 	-1.22419133341 	5.39160965107e-20
0.378 	0.184518828452 	1.04044104458e-19 	0.160462050315 	0.000581752244274 	275.825408315 	-123.281087144 	38.599305779 	-1.22419133341 	5.39160965107e-20
0.378 	0.185983263598 	1.01523575668e-18 	0.159955524566 	0.000580796812438 	275.407029 	-123.941197894 	38.6341247381 	-1.15259390033 	-2.10832146595e-19
0.378 	0.187447698745 	5.58367787438e-20 	0.159955524566 	0.000580796812438 	275.407029 	-123.941197894 	38.6341247381 	-1.15259390033 	-2.10832146595e-19
0.378 	0.188912133891 	-1.53802829324e-18 	0.159473887759 	0.000579891311273 	275.006513564 	-124.584258616 	38.6679503115 	-1.08044917445 	1.0864038012e-19
0.378 	0.190376569038 	1.57056644916e-18 	0.159016311615 	0.000579034188694 	274.623355098 	-125.210897191 	38.7007829285 	-1.00774666036 	7.2679051593e-20
0.378 	0.191841004184 	-2.17034872983e-20 	0.159016311615 	0.000579034188694 	274.623355098 	-125.210897191 	38.7007829285 	-1.00774666036 	7.2679051593e-20
0.378 	0.193305439331 	-1.08185693194e-18 	0.158581994456 	0.000578223929784 	274.257059052 	-125.821771562 	38.7326227812 	-0.934474964634 	-1.06378638892e-19
0.378 	0.194769874477 	3.09706973176e-20 	0.158581994456 	0.000578223929784 	274.257059052 	-125.821771562 	38.7326227812 	-0.934474964634 	-1.06378638892e-19
0.378 	0.196234309623 	6.02528132721e-19 	0.158170162638 	0.00057745906007 	273.907145243 	-126.417569455 	38.7634698018 	-0.860621787286 	7.32603087491e-20
0.378 	0.19769874477 	1.0803478393e-19 	0.158170162638 	0.00057745906007 	273.907145243 	-126.417569455 	38.7634698018 	-0.860621787286 	7.32603087491e-20
0.378 	0.199163179916 	-1.63356207958e-18 	0.157780072029 	0.000576738149101 	273.573149748 	-126.999008049 	38.7933236632 	-0.786173904376 	9.06999828158e-20
0.378 	0.200627615063 	4.05427741161e-19 	0.157780072029 	0.000576738149101 	273.573149748 	-126.999008049 	38.7933236632 	-0.786173904376 	9.06999828158e-20
0.378 	0.202092050209 	1.55135837218e-18 	0.157411009283 	0.000576059813959 	273.254626463 	-127.566833566 	38.8221837664 	-0.711117132504 	-1.31145129479e-19
0.378 	0.203556485356 	-4.06005159298e-19 	0.157411009283 	0.000576059813959 	273.254626463 	-127.566833566 	38.8221837664 	-0.711117132504 	-1.31145129479e-19
0.378 	0.205020920502 	-1.68636758604e-20 	0.157062294092 	0.000575422725063 	272.951149217 	-128.121821188 	38.8500492178 	-0.635436375262 	2.55056405175e-20
0.378 	0.206485355649 	-3.44266715138e-19 	0.157062294092 	0.000575422725063 	272.951149217 	-128.121821188 	38.8500492178 	-0.635436375262 	2.55056405175e-20
0.378 	0.207949790795 	-1.45265392048e-19 	0.156733279439 	0.000574825608189 	272.662312198 	-128.66477536 	38.8769189125 	-0.559115556884 	3.2926865055e-20
0.378 	0.209414225941 	4.17244878504e-19 	0.156733279439 	0.000574825608189 	272.662312198 	-128.66477536 	38.8769189125 	-0.559115556884 	3.2926865055e-20
0.378 	0.210878661088 	1.25319160473e-19 	0.156423354801 	0.000574267252339 	272.387732653 	-129.196521525 	38.9027912258 	-0.482137204795 	-1.18763649774e-19
0.378 	0.212343096234 	2.56635871836e-19 	0.156423354801 	0.000574267252339 	272.387732653 	-129.196521525 	38.9027912258 	-0.482137204795 	-1.18763649774e-19
0.378 	0.213807531381 	7.60195534389e-19 	0.156131954685 	0.000573746528607 	272.127057681 	-129.717944051 	38.9276650115 	-0.404485125666 	1.08563500016e-19
0.378 	0.215271966527 	2.30799744672e-21 	0.156131954685 	0.000573746528607 	272.127057681 	-129.717944051 	38.9276650115 	-0.404485125666 	1.08563500016e-19
0.378 	0.216736401674 	2.32807092973e-19 	0.155858527858 	0.000573262327832 	271.879940981 	-130.229843399 	38.9515370116 	-0.326133699537 	8.41082199852e-20
0.378 	0.21820083682 	1.74900972341e-18 	0.155858527858 	0.000573262327832 	271.879940981 	-130.229843399 	38.9515370116 	-0.326133699537 	8.41082199852e-20
0.378 	0.219665271967 	9.57313691065e-20 	0.155602655756 	0.000572813804043 	271.646134674 	-130.733374363 	38.9744084253 	-0.247081266477 	-1.79402263376e-19
0.378 	0.221129707113 	-1.33353906708e-19 	0.155602655756 	0.000572813804043 	271.646134674 	-130.733374363 	38.9744084253 	-0.247081266477 	-1.79402263376e-19
0.378 	0.222594142259 	1.66822419769e-19 	0.155363742211 	0.000572399739075 	271.425249882 	-131.228875375 	38.9962697287 	-0.167261845498 	1.47401275851e-19
0.378 	0.224058577406 	4.5206022781e-19 	0.155363742211 	0.000572399739075 	271.425249882 	-131.228875375 	38.9962697287 	-0.167261845498 	1.47401275851e-19
0.378 	0.225523012552 	6.022053795e-19 	0.155141731431 	0.000572020014337 	271.217313281 	-131.71861322 	39.017133504 	-0.0867482143905 	-1.74600519045e-19
0.378 	0.226987447699 	9.22567772711e-20 	0.155141731431 	0.000572020014337 	271.217313281 	-131.71861322 	39.017133504 	-0.0867482143905 	-1.74600519045e-19
0.378 	0.228451882845 	5.69213001373e-19 	0.154935689272 	0.000571672703236 	271.021667459 	-132.201053774 	39.0369688388 	-0.00533881405812 	-3.95164213426e-20
0.378 	0.229916317992 	5.96787626246e-19 	0.154935689272 	0.000571672703236 	271.021667459 	-132.201053774 	39.0369688388 	-0.00533881405812 	-3.95164213426e-20
0.378 	0.231380753138 	1.12904284461e-18 	0.154935689272 	0.000571672703236 	271.021667459 	-132.201053774 	39.0369688388 	-0.00533881405812 	-3.95164213426e-20
0.378 	0.232845188285 	1.79617374561e-19 	0.154746316134 	0.000571359222088 	270.83892261 	-132.681582464 	39.0558230357 	0.0766903943052 	4.36485427171e-20
0.378 	0.234309623431 	-2.25182546558e-19 	0.154746316134 	0.000571359222088 	270.83892261 	-132.681582464 	39.0558230357 	0.0766903943052 	4.36485427171e-20
0.378 	0.235774058577 	-2.90695387176e-19 	0.154571965678 	0.000571076167879 	270.66786249 	-133.154307849 	39.0736118182 	0.159825990696 	-6.60099516339e-20
0.378 	0.237238493724 	-1.11656918006e-19 	0.154571965678 	0.000571076167879 	270.66786249 	-133.154307849 	39.0736118182 	0.159825990696 	-6.60099516339e-20
0.378 	0.23870292887 	-2.40132078154e-19 	0.154414504226 	0.000570827329235 	270.510005946 	-133.630496335 	39.0904584044 	0.243430541305 	-7.3556554425e-20
0.378 	0.240167364017 	2.91051767758e-19 	0.154414504226 	0.000570827329235 	270.510005946 	-133.630496335 	39.0904584044 	0.243430541305 	-7.3556554425e-20
0.378 	0.241631799163 	5.59542897825e-19 	0.154271157051 	0.00057060697104 	270.363253309 	-134.0967619 	39.1061778588 	0.328454716836 	-5.69835904491e-20
0.378 	0.24309623431 	1.03553346747e-18 	0.154271157051 	0.00057060697104 	270.363253309 	-134.0967619 	39.1061778588 	0.328454716836 	-5.69835904491e-20
0.378 	0.244560669456 	-4.90722890569e-19 	0.154271157051 	0.00057060697104 	270.363253309 	-134.0967619 	39.1061778588 	0.328454716836 	-5.69835904491e-20
0.378 	0.246025104603 	1.25065414249e-18 	0.154145741077 	0.000570422857249 	270.230652784 	-134.574429865 	39.1210261091 	0.413641651827 	2.37180267449e-21
0.378 	0.247489539749 	-7.59832362055e-19 	0.154145741077 	0.000570422857249 	270.230652784 	-134.574429865 	39.1210261091 	0.413641651827 	2.37180267449e-21
0.378 	0.248953974895 	7.54635270372e-19 	0.154032940911 	0.000570264009218 	270.108122591 	-135.035922904 	39.1346478404 	0.500851595492 	3.63501978544e-21
0.378 	0.250418410042 	3.30890805707e-19 	0.154032940911 	0.000570264009218 	270.108122591 	-135.035922904 	39.1346478404 	0.500851595492 	3.63501978544e-21
0.378 	0.251882845188 	2.37076376761e-20 	0.154032940911 	0.000570264009218 	270.108122591 	-135.035922904 	39.1346478404 	0.500851595492 	3.63501978544e-21
0.378 	0.253347280335 	-7.87708101152e-19 	0.153941200469 	0.000570147652044 	270.002340476 	-135.523926394 	39.1475355249 	0.587433107665 	-6.13098619444e-20
0.378 	0.254811715481 	-6.31532016321e-19 	0.153941200469 	0.000570147652044 	270.002340476 	-135.523926394 	39.1475355249 	0.587433107665 	-6.13098619444e-20
0.378 	0.256276150628 	4.3112327461e-19 	0.153858644201 	0.000570049266939 	269.904117282 	-135.978739001 	39.158992636 	0.677379669265 	1.62865099432e-20
0.378 	0.257740585774 	3.85699857429e-19 	0.153858644201 	0.000570049266939 	269.904117282 	-135.978739001 	39.158992636 	0.677379669265 	1.62865099432e-20
0.378 	0.259205020921 	-1.09554317663e-18 	0.153803840215 	0.00057000679807 	269.828080535 	-136.488885516 	39.1699958912 	0.764976703323 	-3.82905588821e-20
0.378 	0.260669456067 	1.11731165918e-18 	0.153803840215 	0.00057000679807 	269.828080535 	-136.488885516 	39.1699958912 	0.764976703323 	-3.82905588821e-20
0.378 	0.262133891213 	9.85141307062e-19 	0.153803840215 	0.00057000679807 	269.828080535 	-136.488885516 	39.1699958912 	0.764976703323 	-3.82905588821e-20
0.378 	0.26359832636 	1.63179970418e-19 	0.153752080724 	0.000569969224586 	269.7550571 	-136.935230706 	39.1792492654 	0.85827775113 	1.38858342671e-20
0.378 	0.265062761506 	3.91250529142e-19 	0.153752080724 	0.000569969224586 	269.7550571 	-136.935230706 	39.1792492654 	0.85827775113 	1.38858342671e-20
0.378 	0.266527196653 	1.60630288084e-21 	0.153738798319 	0.000570008929135 	269.712964939 	-137.476923826 	39.1884443118 	0.946552484704 	2.11378485812e-20
0.378 	0.267991631799 	1.661972884e-19 	0.153738798319 	0.000570008929135 	269.712964939 	-137.476923826 	39.1884443118 	0.946552484704 	2.11378485812e-20
0.378 	0.269456066946 	1.01319097432e-19 	0.153738798319 	0.000570008929135 	269.712964939 	-137.476923826 	39.1884443118 	0.946552484704 	2.11378485812e-20
0.378 	0.270920502092 	4.65443690405e-19 	0.153719034755 	0.000570032997852 	269.666905836 	-137.91302169 	39.195462941 	1.04396865415 	2.36296734538e-20
0.378 	0.272384937238 	3.1226104365e-19 	0.153719034755 	0.000570032997852 	269.666905836 	-137.91302169 	39.195462941 	1.04396865415 	2.36296734538e-20
0.378 	0.273849372385 	-3.4106400705e-19 	0.153755953899 	0.000570170185987 	269.666772619 	-138.503992649 	39.2029879569 	1.13197274162 	-2.11901606345e-20
0.378 	0.275313807531 	-4.31236138525e-19 	0.153755953899 	0.000570170185987 	269.666772619 	-138.503992649 	39.2029879569 	1.13197274162 	-2.11901606345e-20
0.378 	0.276778242678 	-6.47925121431e-19 	0.153755953899 	0.000570170185987 	269.666772619 	-138.503992649 	39.2029879569 	1.13197274162 	-2.11901606345e-20
0.378 	0.278242677824 	-1.46092949772e-18 	0.153767659344 	0.000570250907567 	269.649126907 	-138.913429515 	39.2076420694 	1.23526229876 	-5.31353188486e-20
0.378 	0.279707112971 	1.35156490881e-19 	0.153767659344 	0.000570250907567 	269.649126907 	-138.913429515 	39.2076420694 	1.23526229876 	-5.31353188486e-20
0.378 	0.281171548117 	5.57894390046e-19 	0.153767659344 	0.000570250907567 	269.649126907 	-138.913429515 	39.2076420694 	1.23526229876 	-5.31353188486e-20
0.378 	0.282635983264 	-1.62690993572e-19 	0.153868465791 	0.000570507169705 	269.704701294 	-139.57991018 	39.2137115912 	1.32117834613 	-1.73649638686e-20
0.378 	0.28410041841 	-1.20501991901e-18 	0.153868465791 	0.000570507169705 	269.704701294 	-139.57991018 	39.2137115912 	1.32117834613 	-1.73649638686e-20
0.378 	0.285564853556 	8.80089334331e-19 	0.153906221385 	0.000570622727842 	269.716248365 	-139.946768789 	39.2158909074 	1.43272641102 	-7.00919264729e-20
0.378 	0.287029288703 	-1.10353100509e-19 	0.153906221385 	0.000570622727842 	269.716248365 	-139.946768789 	39.2158909074 	1.43272641102 	-7.00919264729e-20
0.378 	0.288493723849 	-9.93563527697e-19 	0.153906221385 	0.000570622727842 	269.716248365 	-139.946768789 	39.2158909074 	1.43272641102 	-7.00919264729e-20
0.378 	0.289958158996 	-6.60443208924e-19 	0.154079587303 	0.000570996425484 	269.84334827 	-140.719794895 	39.220694322 	1.51386185919 	-4.95891683284e-21
0.378 	0.291422594142 	-2.58611666197e-19 	0.154079587303 	0.000570996425484 	269.84334827 	-140.719794895 	39.220694322 	1.51386185919 	-4.95891683284e-21
0.378 	0.292887029289 	1.49277520321e-19 	0.154079587303 	0.000570996425484 	269.84334827 	-140.719794895 	39.220694322 	1.51386185919 	-4.95891683284e-21
0.378 	0.294351464435 	9.97332317021e-20 	0.154102311143 	0.000571028702632 	269.86789006 	-141.015726519 	39.2198871488 	1.63736754269 	-5.32689570189e-20
0.378 	0.295815899582 	-8.80786474171e-19 	0.154102311143 	0.000571028702632 	269.86789006 	-141.015726519 	39.2198871488 	1.63736754269 	-5.32689570189e-20
0.378 	0.297280334728 	-8.09688994379e-19 	0.154102311143 	0.000571028702632 	269.86789006 	-141.015726519 	39.2198871488 	1.63736754269 	-5.32689570189e-20
0.378 	0.298744769874 	6.03037651479e-19 	0.154303434499 	0.000571362180187 	270.062387482 	-141.929350873 	39.2225318912 	1.7095984583 	-6.28289162111e-20
0.378 	0.300209205021 	-4.91423180091e-20 	0.154303434499 	0.000571362180187 	270.062387482 	-141.929350873 	39.2225318912 	1.7095984583 	-6.28289162111e-20
0.378 	0.301673640167 	-1.86016907874e-19 	0.154191446523 	0.000570941376051 	270.065286895 	-142.127135168 	39.2161328095 	1.84983508504 	-6.33667323127e-20
0.378 	0.303138075314 	9.99169994582e-19 	0.154191446523 	0.000570941376051 	270.065286895 	-142.127135168 	39.2161328095 	1.84983508504 	-6.33667323127e-20
0.378 	0.30460251046 	-2.33571605181e-19 	0.154191446523 	0.000570941376051 	270.065286895 	-142.127135168 	39.2161328095 	1.84983508504 	-6.33667323127e-20
0.378 	0.306066945607 	-1.34258916797e-19 	0.154421712215 	0.000570956506747 	270.46142813 	-143.216477821 	39.2142953381 	1.90694582056 	-5.19065254134e-20
0.378 	0.307531380753 	5.94319361388e-19 	0.154421712215 	0.000570956506747 	270.46142813 	-143.216477821 	39.2142953381 	1.90694582056 	-5.19065254134e-20
0.378 	0.3089958159 	-1.03950305209e-18 	0.154421712215 	0.000570956506747 	270.46142813 	-143.216477821 	39.2142953381 	1.90694582056 	-5.19065254134e-20
0.378 	0.310460251046 	-3.14504564393e-19 	0.153864498493 	0.000568848548753 	270.484118893 	-143.291748311 	39.2106551942 	2.07151555855 	-2.25130578795e-20
0.378 	0.311924686192 	1.05389725356e-18 	0.153864498493 	0.000568848548753 	270.484118893 	-143.291748311 	39.2106551942 	2.07151555855 	-2.25130578795e-20
0.378 	0.313389121339 	-8.36373374036e-19 	0.153864498493 	0.000568848548753 	270.484118893 	-143.291748311 	39.2106551942 	2.07151555855 	-2.25130578795e-20
0.378 	0.314853556485 	-5.11714915992e-19 	0.153525384367 	0.000566138645386 	271.179834866 	-144.579994083 	39.216459098 	2.10852953035 	8.72892083287e-20
0.378 	0.316317991632 	-1.89411608707e-19 	0.153525384367 	0.000566138645386 	271.179834866 	-144.579994083 	39.216459098 	2.10852953035 	8.72892083287e-20
0.378 	0.317782426778 	-8.90605993227e-19 	0.153525384367 	0.000566138645386 	271.179834866 	-144.579994083 	39.216459098 	2.10852953035 	8.72892083287e-20
0.378 	0.319246861925 	1.02733909375e-18 	0.152912768807 	0.000561605468386 	272.277920026 	-144.547401695 	39.1787905204 	2.3047923009 	1.80546562682e-20
0.378 	0.320711297071 	-6.37531429025e-19 	0.152912768807 	0.000561605468386 	272.277920026 	-144.547401695 	39.1787905204 	2.3047923009 	1.80546562682e-20
0.378 	0.322175732218 	4.28365344882e-19 	0.152912768807 	0.000561605468386 	272.277920026 	-144.547401695 	39.1787905204 	2.3047923009 	1.80546562682e-20
0.378 	0.323640167364 	6.02523560212e-19 	0.152575703043 	0.00055891171012 	272.987128879 	-147.446655078 	39.2129536784 	2.30696928988 	2.43009205532e-20
0.378 	0.32510460251 	-1.72467290448e-19 	0.152575703043 	0.00055891171012 	272.987128879 	-147.446655078 	39.2129536784 	2.30696928988 	2.43009205532e-20
0.378 	0.326569037657 	-5.91846692705e-19 	0.152575703043 	0.00055891171012 	272.987128879 	-147.446655078 	39.2129536784 	2.30696928988 	2.43009205532e-20
0.378 	0.328033472803 	-7.46433487593e-19 	0.153342707461 	0.000559195142653 	274.220385272 	-147.398886192 	39.7003553688 	2.56012378186 	-1.01389439898e-19
0.378 	0.32949790795 	9.86142798587e-19 	0.153342707461 	0.000559195142653 	274.220385272 	-147.398886192 	39.7003553688 	2.56012378186 	-1.01389439898e-19
0.378 	0.330962343096 	-4.61771827088e-21 	0.153342707461 	0.000559195142653 	274.220385272 	-147.398886192 	39.7003553688 	2.56012378186 	-1.01389439898e-19
0.378 	0.332426778243 	1.97027253848e-19 	0.152349535135 	0.000557666685749 	273.191027952 	-148.986130105 	39.1425159615 	2.45421476971 	1.21304477456e-19
0.378 	0.333891213389 	3.99590094627e-19 	0.152349535135 	0.000557666685749 	273.191027952 	-148.986130105 	39.1425159615 	2.45421476971 	1.21304477456e-19
0.378 	0.335355648536 	1.31119426664e-18 	0.152349535135 	0.000557666685749 	273.191027952 	-148.986130105 	39.1425159615 	2.45421476971 	1.21304477456e-19
