-0.89 	0 	0 	4.65217989891 	3.52407802949e-05 	126313.732916 	13.8043916635 	14.7393417755 	0.000697546351047 	0
-0.89 	0.00146443514644 	-2.25789687032e-18 	5.8325000426 	0.000613216802993 	9511.31804303 	13.8124529302 	26.0530882129 	0.00852573817102 	0
-0.89 	0.00292887029289 	-6.93673600023e-19 	4.98152803866 	0.000841217773733 	5820.6930528 	13.8209626341 	28.8941419484 	0.0182948134184 	0
-0.89 	0.00439330543933 	-3.50512268337e-19 	3.41248320047 	0.000683547810508 	4384.04629233 	13.8311317669 	31.6125018923 	0.0358906835067 	0
-0.89 	0.00585774058577 	-1.11686650579e-18 	1.61164651377 	0.000478971046913 	3344.5131789 	13.8372844057 	33.613855672 	0.0551849018869 	0
-0.89 	0.00732217573222 	-1.04111083049e-18 	0.326019732142 	0.000197966797207 	1646.84046386 	13.8411214315 	34.8089742861 	0.069939766466 	0
-0.89 	0.00878661087866 	-2.28251491979e-18 	0.143967713442 	0.000304959616843 	472.08779619 	13.8431730889 	34.9572882928 	0.0717248142672 	0
-0.89 	0.0102510460251 	-3.68607159608e-18 	0.131824340804 	0.000488021531217 	270.119927856 	13.8454006617 	34.9543834952 	0.0714033365035 	0
-0.89 	0.0117154811715 	-8.67145947621e-19 	0.130454148812 	0.000533878393094 	244.351804641 	13.8478691341 	34.9406985509 	0.0708788530327 	0
-0.89 	0.013179916318 	-2.04556651961e-18 	0.130173358476 	0.000539864930251 	241.122086622 	13.8505806654 	34.9247671056 	0.0702699989859 	0
-0.89 	0.0146443514644 	-2.71752295282e-18 	0.130031140758 	0.000541464221946 	240.147244246 	13.8535419597 	34.9092577991 	0.0696156629756 	0
-0.89 	0.0161087866109 	-1.50899363373e-18 	0.129960509683 	0.000542771215032 	239.438839209 	13.8559397728 	34.8985235454 	0.0691045376046 	0
-0.89 	0.0175732217573 	-4.26720396054e-18 	0.129917527756 	0.000544321985548 	238.677715039 	13.8585013537 	34.8886785245 	0.0685781228456 	0
-0.89 	0.0190376569038 	3.62338203121e-20 	0.129893178677 	0.000546472018779 	237.694107317 	13.8621924646 	34.8768808337 	0.0678525491764 	0
-0.89 	0.0205020920502 	9.21902927374e-19 	0.129890078871 	0.000547945614271 	237.04921709 	13.8651844281 	34.8689174303 	0.0672897960198 	0
-0.89 	0.0219665271967 	-1.80974658986e-19 	0.129893050534 	0.000549208715022 	236.509448924 	13.8683835831 	34.8615910135 	0.0667100731855 	0
-0.89 	0.0234309623431 	1.60624158766e-19 	0.129897879106 	0.000550241265548 	236.074404519 	13.8718048991 	34.854789823 	0.0661122448723 	0
-0.89 	0.0248953974895 	-1.71282364216e-18 	0.129900842926 	0.000550808000496 	235.836884738 	13.8742170499 	34.8504977198 	0.0657030327084 	0
-0.89 	0.026359832636 	-3.53292423416e-18 	0.129903920472 	0.000551497817908 	235.547478619 	13.8780447037 	34.8443619358 	0.0650723248836 	0
-0.89 	0.0278242677824 	-1.71445794376e-18 	0.129904980837 	0.000552026785375 	235.323691311 	13.8821396453 	34.8385346296 	0.0644203371638 	0
-0.89 	0.0292887029289 	-8.84493182381e-19 	0.129904618838 	0.000552307170536 	235.203571071 	13.8850274875 	34.8347987996 	0.0639733414301 	0
-0.89 	0.0307531380753 	-6.45968704434e-19 	0.129903535416 	0.000552540465025 	235.102302255 	13.8880485847 	34.8311704546 	0.0635161453586 	0
-0.89 	0.0322175732218 	-1.16469493174e-18 	0.129900858715 	0.000552819068962 	234.978975959 	13.8928438663 	34.825911664 	0.0628106419976 	0
-0.89 	0.0336820083682 	-2.67559517133e-18 	0.12989855967 	0.000552966644471 	234.912107212 	13.8962261391 	34.8225178704 	0.0623267883897 	0
-0.89 	0.0351464435146 	1.43569946674e-18 	0.129895972714 	0.000553089818529 	234.855114599 	13.8997648707 	34.8192062075 	0.0618318211014 	0
-0.89 	0.0366108786611 	8.99046265216e-19 	0.129891727692 	0.000553237860081 	234.784596399 	13.9053824226 	34.8143800595 	0.0610679748048 	0
-0.89 	0.0380753138075 	9.6815184287e-20 	0.129888742819 	0.000553316901722 	234.745662773 	13.9093450305 	34.8112492638 	0.0605441115452 	0
-0.89 	0.039539748954 	1.2313142948e-18 	0.129885686841 	0.000553383309802 	234.711970059 	13.9134911634 	34.8081823367 	0.0600082501562 	0
-0.89 	0.0410041841004 	8.32555961452e-19 	0.129882593503 	0.000553439201569 	234.68267722 	13.9178293364 	34.8051751089 	0.0594601431466 	0
-0.89 	0.0424686192469 	9.64340352238e-19 	0.12987948884 	0.000553486318868 	234.657089818 	13.9223684347 	34.8022237966 	0.0588995460682 	0
-0.89 	0.0439330543933 	-9.759192552e-19 	0.129876392863 	0.000553526097867 	234.634633062 	13.9271177263 	34.7993249535 	0.0583262178728 	0
-0.89 	0.0453974895397 	-8.45461904171e-19 	0.129874853062 	0.000553543614857 	234.624426289 	13.9295741984 	34.7978942122 	0.0580347053073 	0
-0.89 	0.0468619246862 	3.08129207353e-19 	0.129871797552 	0.000553574546878 	234.605796607 	13.9346570245 	34.7950682414 	0.0574418369331 	0
-0.89 	0.0483263598326 	-9.89547571334e-19 	0.129868782153 	0.000553600738353 	234.589250259 	13.9399749683 	34.7922873226 	0.0568356525744 	0
-0.89 	0.0497907949791 	-1.6744716327e-18 	0.129865814206 	0.000553622934555 	234.574484003 	13.9455387331 	34.7895488762 	0.05621592684 	0
-0.89 	0.0512552301255 	2.82108355214e-19 	0.12986434974 	0.000553632732826 	234.567687278 	13.9484162622 	34.7881948235 	0.0559009171168 	0
-0.89 	0.052719665272 	-9.01840417141e-19 	0.129861462315 	0.000553650068607 	234.555127288 	13.9543697852 	34.7855156336 	0.0552604698593 	0
-0.89 	0.0541841004184 	5.63979185025e-19 	0.129858632544 	0.000553664776976 	234.543785236 	13.9605978215 	34.7828732006 	0.0546059454128 	0
-0.89 	0.0556485355649 	5.5099049399e-19 	0.129857239878 	0.000553671273058 	234.538518065 	13.9638186008 	34.781565124 	0.0542733411079 	0
-0.89 	0.0571129707113 	-8.75488978191e-19 	0.129854499677 	0.000553682767365 	234.528700062 	13.9704815758 	34.7789740265 	0.0535973269711 	0
-0.89 	0.0585774058577 	-1.38322618172e-18 	0.129853152273 	0.000553687842297 	234.524116937 	13.9739270189 	34.7776905357 	0.0532538704476 	0
-0.89 	0.0600418410042 	-8.9777010175e-19 	0.129850502901 	0.000553696816543 	234.515530921 	13.9810541607 	34.7751465404 	0.0525559468576 	0
-0.89 	0.0615062761506 	-4.42138696007e-19 	0.129849200851 	0.000553700775304 	234.511502679 	13.9847392888 	34.7738856008 	0.0522014373494 	0
-0.89 	0.0629707112971 	-1.69475632965e-18 	0.129846641627 	0.000553707767226 	234.503919419 	13.9923614633 	34.7713847882 	0.051481222858 	0
-0.89 	0.0644351464435 	-5.41885295875e-19 	0.129845384231 	0.000553710846661 	234.500344385 	13.9963021242 	34.7701445099 	0.0511154804736 	0
-0.89 	0.06589958159 	-1.04336957094e-18 	0.129842913192 	0.000553716274753 	234.493582927 	14.0044518622 	34.7676832288 	0.0503726390648 	0
-0.89 	0.0673640167364 	-1.17309624996e-19 	0.129841699237 	0.000553718659576 	234.490380613 	14.0086647404 	34.7664618462 	0.0499955085732 	0
-0.89 	0.0688284518828 	-2.2529826151e-19 	0.129840499432 	0.000553720846694 	234.487287606 	14.0129722105 	34.7652463891 	0.0496145524176 	0
-0.89 	0.0702928870293 	2.29149467907e-18 	0.129838141554 	0.0005537246857 	234.481403677 	14.0218788697 	34.7628325332 	0.0488411128086 	0
-0.89 	0.0717573221757 	-1.5831509622e-18 	0.129836983103 	0.000553726363777 	234.478600978 	14.0264821075 	34.7616337844 	0.0484486073817 	0
-0.89 	0.0732217573222 	-6.58979130504e-19 	0.129835838053 	0.000553727896704 	234.475883961 	14.0311880339 	34.7604402605 	0.0480522324726 	0
-0.89 	0.0746861924686 	-4.39025887166e-19 	0.129833587364 	0.000553730569201 	234.470687706 	14.0409163832 	34.7580682231 	0.0472478456696 	0
-0.89 	0.0761506276151 	-5.33902090517e-19 	0.129832481325 	0.000553731727851 	234.468199662 	14.0459430954 	34.756889385 	0.0468398233643 	0
-0.89 	0.0776150627615 	-1.20108021675e-18 	0.129831387888 	0.000553732779633 	234.465779639 	14.0510810739 	34.7557151226 	0.0464279109027 	0
-0.89 	0.0790794979079 	2.69097929144e-19 	0.129830306853 	0.000553733732389 	234.463423951 	14.0563325351 	34.7545452809 	0.0460121072753 	0
-0.89 	0.0805439330544 	-1.07531276474e-18 	0.12982923802 	0.000553734593377 	234.461129163 	14.0616997233 	34.7533797077 	0.0455924132936 	0
-0.89 	0.0820083682008 	1.56786068897e-19 	0.129827136165 	0.00055373606642 	234.456709682 	14.0727903903 	34.7510607716 	0.0447413671196 	0
-0.89 	0.0834728033473 	1.06948912706e-18 	0.129826102752 	0.000553736690459 	234.454579205 	14.0785184887 	34.7499071178 	0.0443100264168 	0
-0.89 	0.0849372384937 	1.80559574287e-18 	0.129825080758 	0.000553737246768 	234.452498032 	14.0843715507 	34.7487571505 	0.0438748185189 	0
-0.89 	0.0864016736402 	-9.1051403452e-19 	0.129824069993 	0.000553737740294 	234.450463723 	14.090351946 	34.7476107308 	0.0434357546435 	0
-0.89 	0.0878661087866 	-1.25745872972e-18 	0.12982307027 	0.000553738175624 	234.448473998 	14.0964620657 	34.7464677223 	0.0429928483695 	0
-0.89 	0.0893305439331 	-4.72496356836e-19 	0.129822081405 	0.000553738557009 	234.446526725 	14.1027043215 	34.745327991 	0.042546115736 	0
-0.89 	0.0907949790795 	-1.0492919126e-18 	0.129821103218 	0.000553738888394 	234.444619908 	14.1090811439 	34.7441914057 	0.0420955753453 	0
-0.89 	0.0922594142259 	-7.19694452163e-19 	0.129820135531 	0.000553739173436 	234.442751676 	14.1155949808 	34.7430578377 	0.0416412484684 	0
-0.89 	0.0937238493724 	-7.71736156442e-19 	0.129819178172 	0.000553739415531 	234.440920279 	14.1222482954 	34.7419271605 	0.041183159153 	0
-0.89 	0.0951882845188 	-2.13210380979e-19 	0.129817293759 	0.000553739783254 	234.437361528 	14.1359832769 	34.7396739869 	0.0402558039524 	0
-0.89 	0.0966527196653 	-3.91642294974e-19 	0.129816366377 	0.000553739914522 	234.435631192 	14.1430699295 	34.738551251 	0.0397866010624 	0
-0.89 	0.0981171548117 	-2.55138973734e-19 	0.129815448665 	0.000553740014153 	234.433931714 	14.1503060269 	34.7374309269 	0.0393137619607 	0
-0.89 	0.0995815899582 	-1.16016763506e-19 	0.129814540469 	0.00055374008449 	234.432261823 	14.1576940772 	34.7363129017 	0.0388373263047 	0
-0.89 	0.101046025105 	-1.47812901871e-19 	0.129813641637 	0.000553740127709 	234.430620324 	14.1652365899 	34.7351970651 	0.0383573372385 	0
-0.89 	0.102510460251 	-4.54674477192e-19 	0.129812752023 	0.00055374014583 	234.429006097 	14.1729360727 	34.7340833095 	0.0378738415207 	0
-0.89 	0.103974895397 	-6.04995312918e-20 	0.129812752023 	0.00055374014583 	234.429006097 	14.1729360727 	34.7340833095 	0.0378738415207 	0
-0.89 	0.105439330544 	-3.16371243998e-19 	0.129811871484 	0.000553740140733 	234.427418088 	14.180795028 	34.7329715305 	0.0373868896551 	0
-0.89 	0.10690376569 	-4.50812313387e-19 	0.129810999881 	0.000553740114164 	234.425855308 	14.1888159497 	34.7318616264 	0.0368965360242 	0
-0.89 	0.108368200837 	2.64761120454e-19 	0.129810137079 	0.000553740067745 	234.424316823 	14.197001319 	34.7307534987 	0.0364028390249 	0
-0.89 	0.109832635983 	1.1928381801e-18 	0.129809282947 	0.000553740002987 	234.42280176 	14.2053536005 	34.7296470522 	0.0359058612058 	0
-0.89 	0.11129707113 	3.64507720322e-19 	0.129808437357 	0.000553739921292 	234.421309293 	14.2138752382 	34.7285421949 	0.0354056694076 	0
-0.89 	0.112761506276 	-4.85938363641e-19 	0.129807600187 	0.000553739823966 	234.419838648 	14.2225686502 	34.7274388382 	0.0349023349054 	0
-0.89 	0.114225941423 	3.18549915287e-19 	0.129806771317 	0.000553739712223 	234.418389095 	14.2314362244 	34.7263368973 	0.0343959335531 	0
-0.89 	0.115690376569 	-4.58316845581e-19 	0.129805950633 	0.000553739587193 	234.416959948 	14.2404803127 	34.7252362907 	0.0338865459277 	0
-0.89 	0.117154811715 	-1.59319874551e-18 	0.129805138021 	0.000553739449927 	234.41555056 	14.2497032257 	34.7241369411 	0.033374257478 	0
-0.89 	0.118619246862 	1.24632381945e-18 	0.129804333376 	0.000553739301403 	234.414160322 	14.2591072268 	34.7230387752 	0.0328591586716 	0
-0.89 	0.120083682008 	3.16802824733e-19 	0.129804333376 	0.000553739301403 	234.414160322 	14.2591072268 	34.7230387752 	0.0328591586716 	0
-0.89 	0.121548117155 	1.65014520585e-19 	0.129803536592 	0.000553739142532 	234.412788663 	14.2686945253 	34.7219417239 	0.0323413451446 	0
-0.89 	0.123012552301 	-6.42063476479e-19 	0.129802747572 	0.000553738974161 	234.411435042 	14.2784672703 	34.7208457226 	0.0318209178506 	0
-0.89 	0.124476987448 	-7.85463811112e-19 	0.129801966218 	0.00055373879708 	234.410098953 	14.2884275431 	34.7197507112 	0.0312979832112 	0
-0.89 	0.125941422594 	4.84628012866e-19 	0.129801192438 	0.000553738612024 	234.408779919 	14.2985773496 	34.7186566345 	0.030772653265 	0
-0.89 	0.127405857741 	-9.1485084321e-19 	0.129801192438 	0.000553738612024 	234.408779919 	14.2985773496 	34.7186566345 	0.030772653265 	0
-0.89 	0.128870292887 	-2.0361421806e-19 	0.129800426146 	0.000553738419677 	234.40747749 	14.3089186127 	34.7175634427 	0.0302450458164 	0
-0.89 	0.130334728033 	-1.36587894696e-18 	0.129799667256 	0.00055373822068 	234.406191245 	14.3194531629 	34.716471091 	0.0297152845835 	0
-0.89 	0.13179916318 	7.59838466035e-19 	0.129798915689 	0.000553738015625 	234.404920786 	14.3301827301 	34.7153795406 	0.0291834993441 	0
-0.89 	0.133263598326 	-2.69050930658e-19 	0.129798171369 	0.000553737805069 	234.403665743 	14.3411089336 	34.7142887584 	0.0286498260787 	0
-0.89 	0.134728033473 	-2.81676774479e-19 	0.129798171369 	0.000553737805069 	234.403665743 	14.3411089336 	34.7142887584 	0.0286498260787 	0
-0.89 	0.136192468619 	1.52004094515e-19 	0.129797434222 	0.000553737589527 	234.402425765 	14.3522332719 	34.7131987176 	0.0281144071122 	0
-0.89 	0.137656903766 	-5.83341070137e-19 	0.129796704183 	0.000553737369484 	234.401200526 	14.3635571123 	34.7121093983 	0.0275773912497 	0
-0.89 	0.139121338912 	-6.21729188038e-19 	0.129795981186 	0.00055373714539 	234.399989719 	14.3750816796 	34.7110207872 	0.0270389339098 	0
-0.89 	0.140585774059 	-1.23143787758e-18 	0.129795981186 	0.00055373714539 	234.399989719 	14.3750816796 	34.7110207872 	0.0270389339098 	0
-0.89 	0.142050209205 	-5.46222104565e-19 	0.129795265173 	0.000553736917667 	234.398793058 	14.386808044 	34.7099328784 	0.0264991972518 	0
-0.89 	0.143514644351 	8.31842422975e-20 	0.129794556087 	0.000553736686707 	234.397610277 	14.3987371086 	34.7088456739 	0.0259583502964 	0
-0.89 	0.144979079498 	5.05696986213e-19 	0.129793853877 	0.000553736452879 	234.396441127 	14.4108695965 	34.7077591838 	0.0254165690396 	0
-0.89 	0.146443514644 	-5.67906148015e-19 	0.129793853877 	0.000553736452879 	234.396441127 	14.4108695965 	34.7077591838 	0.0254165690396 	0
-0.89 	0.147907949791 	-3.0345410048e-19 	0.129793158497 	0.000553736216528 	234.395285378 	14.4232060366 	34.7066734265 	0.0248740365589 	0
-0.89 	0.149372384937 	1.85972304553e-19 	0.129792469904 	0.000553735977976 	234.394142816 	14.4357467492 	34.7055884298 	0.0243309431085 	0
-0.89 	0.150836820084 	3.77518146392e-19 	0.129792469904 	0.000553735977976 	234.394142816 	14.4357467492 	34.7055884298 	0.0243309431085 	0
-0.89 	0.15230125523 	7.63494119797e-19 	0.12979178806 	0.000553735737527 	234.393013245 	14.4484918304 	34.7045042309 	0.023787486206 	0
-0.89 	0.153765690377 	-2.26482227792e-19 	0.129791112933 	0.000553735495464 	234.391896484 	14.4614411366 	34.703420877 	0.0232438707044 	0
-0.89 	0.155230125523 	6.16042624339e-19 	0.129791112933 	0.000553735495464 	234.391896484 	14.4614411366 	34.703420877 	0.0232438707044 	0
-0.89 	0.156694560669 	3.99202189842e-19 	0.129790444492 	0.000553735252055 	234.39079237 	14.474594267 	34.7023384258 	0.0227003088534 	0
-0.89 	0.158158995816 	3.78009461381e-19 	0.129789782715 	0.000553735007551 	234.389700751 	14.4879505461 	34.7012569464 	0.0221570203434 	0
-0.89 	0.159623430962 	-1.03867618191e-19 	0.129789782715 	0.000553735007551 	234.389700751 	14.4879505461 	34.7012569464 	0.0221570203434 	0
-0.89 	0.161087866109 	2.64761120454e-19 	0.129789127583 	0.000553734762187 	234.388621496 	14.5015090054 	34.7001765195 	0.0216142323343 	0
-0.89 	0.162552301255 	2.6419706679e-19 	0.129788479081 	0.000553734516181 	234.387554485 	14.5152683637 	34.6990972381 	0.0210721794645 	0
-0.89 	0.164016736402 	-4.94180400286e-19 	0.129788479081 	0.000553734516181 	234.387554485 	14.5152683637 	34.6990972381 	0.0210721794645 	0
-0.89 	0.165481171548 	-5.22574946466e-20 	0.129787837199 	0.000553734269704 	234.386499626 	14.5292270074 	34.6980192083 	0.0205311038403 	0
-0.89 	0.166945606695 	5.41796245891e-19 	0.129787201919 	0.00055373402275 	234.385456892 	14.5433829685 	34.6969425499 	0.0199912550017 	0
-0.89 	0.168410041841 	2.73434737834e-19 	0.129787201919 	0.00055373402275 	234.385456892 	14.5433829685 	34.6969425499 	0.0199912550017 	0
-0.89 	0.169874476987 	-4.29983666685e-19 	0.129786573193 	0.000553733774536 	234.384426526 	14.5577339035 	34.6958673972 	0.0194528898657 	0
-0.89 	0.171338912134 	-6.2848843169e-19 	0.12978595085 	0.000553733521283 	234.383409821 	14.5722770698 	34.6947938995 	0.0189162726372 	0
-0.89 	0.17280334728 	-7.15357643473e-19 	0.12978595085 	0.000553733521283 	234.383409821 	14.5722770698 	34.6947938995 	0.0189162726372 	0
-0.89 	0.174267782427 	-5.53370919751e-19 	0.129785334436 	0.000553733249503 	234.382411662 	14.587009302 	34.6937222221 	0.0183816746987 	0
-0.89 	0.175732217573 	-5.80916574085e-19 	0.129785334436 	0.000553733249503 	234.382411662 	14.587009302 	34.6937222221 	0.0183816746987 	0
-0.89 	0.17719665272 	-7.04389204793e-19 	0.129784723204 	0.00055373291526 	234.3814493 	14.6019269873 	34.692652547 	0.0178493744571 	0
-0.89 	0.178661087866 	-9.45768532071e-19 	0.129784117716 	0.000553732555085 	234.380508287 	14.6170260391 	34.691585074 	0.0173196571636 	0
-0.89 	0.180125523013 	3.38486868183e-19 	0.129784117716 	0.000553732555085 	234.380508287 	14.6170260391 	34.691585074 	0.0173196571636 	0
-0.89 	0.181589958159 	7.52002215045e-19 	0.129783518498 	0.000553732184789 	234.37958288 	14.632301871 	34.6905200212 	0.0167928146938 	0
-0.89 	0.183054393305 	1.38993668445e-19 	0.129783518498 	0.000553732184789 	234.37958288 	14.632301871 	34.6905200212 	0.0167928146938 	0
-0.89 	0.184518828452 	3.71587444677e-19 	0.129782925805 	0.00055373180941 	234.378671406 	14.6477493686 	34.6894576261 	0.0162691452807 	0
-0.89 	0.185983263598 	2.04045798795e-19 	0.129782925805 	0.00055373180941 	234.378671406 	14.6477493686 	34.6894576261 	0.0162691452807 	0
-0.89 	0.187447698745 	7.32704878233e-19 	0.129782339735 	0.000553731429745 	234.377773707 	14.6633628612 	34.6883981465 	0.0157489532092 	0
-0.89 	0.188912133891 	-1.2349674597e-19 	0.129781760329 	0.000553731045219 	234.376890097 	14.6791360919 	34.6873418616 	0.0152325484586 	0
-0.89 	0.190376569038 	-8.49798712861e-19 	0.129781760329 	0.000553731045219 	234.376890097 	14.6791360919 	34.6873418616 	0.0152325484586 	0
-0.89 	0.191841004184 	8.57685066405e-19 	0.129781187613 	0.00055373065482 	234.376021055 	14.6950621876 	34.686289073 	0.0147202462939 	0
-0.89 	0.193305439331 	8.50230293596e-19 	0.129781187613 	0.00055373065482 	234.376021055 	14.6950621876 	34.686289073 	0.0147202462939 	0
-0.89 	0.194769874477 	6.36419506885e-19 	0.129780621613 	0.000553730257307 	234.37516715 	14.7111336275 	34.6852401055 	0.0142123668012 	0
-0.89 	0.196234309623 	-7.32704878233e-19 	0.129780621613 	0.000553730257307 	234.37516715 	14.7111336275 	34.6852401055 	0.0142123668012 	0
-0.89 	0.19769874477 	-1.19502892626e-18 	0.129780062354 	0.000553729851241 	234.37432904 	14.7273422107 	34.6841953085 	0.0137092343616 	0
-0.89 	0.199163179916 	1.10176519761e-18 	0.129780062354 	0.000553729851241 	234.37432904 	14.7273422107 	34.6841953085 	0.0137092343616 	0
-0.89 	0.200627615063 	2.20824037396e-20 	0.129779509864 	0.000553729434949 	234.373507481 	14.7436790239 	34.6831550568 	0.0132111770611 	0
-0.89 	0.202092050209 	-3.15601947473e-19 	0.129778964171 	0.000553729006487 	234.372703345 	14.7601344071 	34.682119752 	0.0127185260311 	0
-0.89 	0.203556485356 	-9.62987319534e-19 	0.129778964171 	0.000553729006487 	234.372703345 	14.7601344071 	34.682119752 	0.0127185260311 	0
-0.89 	0.205020920502 	-5.69601913898e-19 	0.129778425299 	0.000553728563582 	234.37191764 	14.7766979198 	34.6810898237 	0.0122316147149 	0
-0.89 	0.206485355649 	-7.19694452163e-19 	0.129778425299 	0.000553728563582 	234.37191764 	14.7766979198 	34.6810898237 	0.0122316147149 	0
-0.89 	0.207949790795 	-3.52387857937e-19 	0.129777893271 	0.000553728103562 	234.371151539 	14.7933583058 	34.6800657305 	0.0117507780557 	0
-0.89 	0.209414225941 	-8.65203834315e-20 	0.129777893271 	0.000553728103562 	234.371151539 	14.7933583058 	34.6800657305 	0.0117507780557 	0
-0.89 	0.210878661088 	-1.15056873706e-19 	0.129777368104 	0.00055372762327 	234.370406405 	14.8101034582 	34.6790479612 	0.0112763516002 	0
-0.89 	0.212343096234 	-4.59485930767e-19 	0.129777368104 	0.00055372762327 	234.370406405 	14.8101034582 	34.6790479612 	0.0112763516002 	0
-0.89 	0.213807531381 	2.63753970185e-19 	0.129776849804 	0.000553727118963 	234.369683838 	14.826920383 	34.6780370364 	0.010808670514 	0
-0.89 	0.215271966527 	8.69519641662e-20 	0.129776849804 	0.000553727118963 	234.369683838 	14.826920383 	34.6780370364 	0.010808670514 	0
-0.89 	0.216736401674 	-2.2216139727e-19 	0.129776338367 	0.000553726586173 	234.368985719 	14.8437951642 	34.6770335094 	0.010348068502 	0
-0.89 	0.21820083682 	3.38486868183e-19 	0.129776338367 	0.000553726586173 	234.368985719 	14.8437951642 	34.6770335094 	0.010348068502 	0
-0.89 	0.219665271967 	-9.48367743211e-19 	0.12977583377 	0.000553726019541 	234.368314276 	14.8607129267 	34.6760379677 	0.00989487663048 	0
-0.89 	0.221129707113 	2.64761120454e-19 	0.12977583377 	0.000553726019541 	234.368314276 	14.8607129267 	34.6760379677 	0.00989487663048 	0
-0.89 	0.222594142259 	-4.92455820053e-19 	0.129775335966 	0.000553725412605 	234.367672157 	14.8776578011 	34.6750510342 	0.0094494220424 	0
-0.89 	0.224058577406 	-2.38308687579e-19 	0.129775335966 	0.000553725412605 	234.367672157 	14.8776578011 	34.6750510342 	0.0094494220424 	0
-0.89 	0.225523012552 	-5.14476332669e-20 	0.129774844877 	0.000553724757525 	234.367062539 	14.8946128873 	34.6740733686 	0.00901202656458 	0
-0.89 	0.226987447699 	-1.07574434547e-18 	0.129774844877 	0.000553724757525 	234.367062539 	14.8946128873 	34.6740733686 	0.00901202656458 	0
-0.89 	0.228451882845 	-1.45821856882e-19 	0.129774360378 	0.000553724044729 	234.366489253 	14.9115602199 	34.6731056688 	0.0085830051966 	0
-0.89 	0.229916317992 	6.80663173954e-19 	0.129774360378 	0.000553724044729 	234.366489253 	14.9115602199 	34.6731056688 	0.0085830051966 	0
-0.89 	0.231380753138 	-6.89336791333e-19 	0.129774360378 	0.000553724044729 	234.366489253 	14.9115602199 	34.6731056688 	0.0085830051966 	0
-0.89 	0.232845188285 	2.76799831598e-19 	0.129773882291 	0.000553723262457 	234.365956951 	14.9284807333 	34.6721486718 	0.00816266448094 	0
-0.89 	0.234309623431 	-1.21214852951e-19 	0.129773882291 	0.000553723262457 	234.365956951 	14.9284807333 	34.6721486718 	0.00816266448094 	0
-0.89 	0.235774058577 	-3.9725416406e-19 	0.129773410361 	0.000553722396158 	234.365471329 	14.9453542279 	34.6712031557 	0.0077513007439 	0
-0.89 	0.237238493724 	5.6833772875e-19 	0.129773410361 	0.000553722396158 	234.365471329 	14.9453542279 	34.6712031557 	0.0077513007439 	0
-0.89 	0.23870292887 	4.61774120505e-19 	0.12977294423 	0.0005537214277 	234.365039419 	14.9621593382 	34.6702699404 	0.00734919820737 	0
-0.89 	0.240167364017 	4.94611981021e-19 	0.12977294423 	0.0005537214277 	234.365039419 	14.9621593382 	34.6702699404 	0.00734919820737 	0
-0.89 	0.241631799163 	6.5259764211e-20 	0.129772483408 	0.000553720334304 	234.364669976 	14.9788735015 	34.6693498892 	0.00695662696346 	0
-0.89 	0.24309623431 	-5.67906148015e-19 	0.129772483408 	0.000553720334304 	234.364669976 	14.9788735015 	34.6693498892 	0.00695662696346 	0
-0.89 	0.244560669456 	3.64710822987e-19 	0.129772027226 	0.000553719087119 	234.364374002 	14.9954729292 	34.6684439099 	0.00657384080444 	0
-0.89 	0.246025104603 	2.73003157099e-19 	0.129772027226 	0.000553719087119 	234.364374002 	14.9954729292 	34.6684439099 	0.00657384080444 	0
-0.89 	0.247489539749 	5.2930645054e-19 	0.129772027226 	0.000553719087119 	234.364374002 	14.9954729292 	34.6684439099 	0.00657384080444 	0
-0.89 	0.248953974895 	4.10450294198e-19 	0.129771574771 	0.000553717649267 	234.36416546 	15.0119325803 	34.6675529563 	0.0062010749189 	0
-0.89 	0.250418410042 	1.73688137965e-19 	0.129771574771 	0.000553717649267 	234.36416546 	15.0119325803 	34.6675529563 	0.0062010749189 	0
-0.89 	0.251882845188 	4.98182323539e-19 	0.129771124807 	0.000553715973156 	234.36406226 	15.0282261368 	34.666678029 	0.0058385434136 	0
-0.89 	0.253347280335 	1.47667285825e-19 	0.129771124807 	0.000553715973156 	234.36406226 	15.0282261368 	34.666678029 	0.0058385434136 	0
-0.89 	0.254811715481 	-8.43331869676e-19 	0.12977067565 	0.000553713996714 	234.364087634 	15.0443259834 	34.6658201767 	0.00548643673355 	0
-0.89 	0.256276150628 	-5.7267453744e-19 	0.12977067565 	0.000553713996714 	234.364087634 	15.0443259834 	34.6658201767 	0.00548643673355 	0
-0.89 	0.257740585774 	9.58650510845e-19 	0.12977067565 	0.000553713996714 	234.364087634 	15.0443259834 	34.6658201767 	0.00548643673355 	0
-0.89 	0.259205020921 	3.05489246806e-19 	0.129770225002 	0.000553711638067 	234.364272087 	15.0602031898 	34.6649804974 	0.00514491883521 	0
-0.89 	0.260669456067 	-1.27946357025e-20 	0.129770225002 	0.000553711638067 	234.364272087 	15.0602031898 	34.6649804974 	0.00514491883521 	0
-0.89 	0.262133891213 	-4.32806800067e-19 	0.1297697697 	0.000553708787864 	234.364656196 	15.0758274977 	34.6641601392 	0.00481412436649 	0
-0.89 	0.26359832636 	1.65014520585e-19 	0.1297697697 	0.000553708787864 	234.364656196 	15.0758274977 	34.6641601392 	0.00481412436649 	0
-0.89 	0.265062761506 	-6.4027680386e-19 	0.129769305366 	0.000553705298086 	234.365294706 	15.0911673116 	34.6633603012 	0.0044941554159 	0
-0.89 	0.266527196653 	6.90334292501e-20 	0.129769305366 	0.000553705298086 	234.365294706 	15.0911673116 	34.6633603012 	0.0044941554159 	0
-0.89 	0.267991631799 	5.8134815482e-19 	0.129769305366 	0.000553705298086 	234.365294706 	15.0911673116 	34.6633603012 	0.0044941554159 	0
-0.89 	0.269456066946 	3.53289418389e-19 	0.129768825865 	0.000553700965364 	234.366262626 	15.1061896964 	34.6625822342 	0.00418507855298 	0
-0.89 	0.270920502092 	3.99202189842e-19 	0.129768825865 	0.000553700965364 	234.366262626 	15.1061896964 	34.6625822342 	0.00418507855298 	0
-0.89 	0.272384937238 	-5.4369300302e-19 	0.129768322494 	0.000553695505695 	234.367664464 	15.1208603782 	34.6618272418 	0.00388692101475 	0
-0.89 	0.273849372385 	1.47235705091e-19 	0.129768322494 	0.000553695505695 	234.367664464 	15.1208603782 	34.6618272418 	0.00388692101475 	0
-0.89 	0.275313807531 	4.03538998532e-19 	0.129768322494 	0.000553695505695 	234.367664464 	15.1208603782 	34.6618272418 	0.00388692101475 	0
-0.89 	0.276778242678 	-2.89699922034e-19 	0.129767782721 	0.000553688515227 	234.369648552 	15.1351437548 	34.6610966803 	0.00359966779719 	0
-0.89 	0.278242677824 	1.21646433686e-19 	0.129767782721 	0.000553688515227 	234.369648552 	15.1351437548 	34.6610966803 	0.00359966779719 	0
-0.89 	0.279707112971 	1.44154118437e-20 	0.129767188172 	0.000553679408015 	234.372429774 	15.1490029095 	34.6603919595 	0.00332325707494 	0
-0.89 	0.281171548117 	1.69538211987e-19 	0.129767188172 	0.000553679408015 	234.372429774 	15.1490029095 	34.6603919595 	0.00332325707494 	0
-0.89 	0.282635983264 	-4.59485930767e-19 	0.129767188172 	0.000553679408015 	234.372429774 	15.1490029095 	34.6603919595 	0.00332325707494 	0
-0.89 	0.28410041841 	-1.66840968653e-18 	0.129766511343 	0.000553667314529 	234.376326609 	15.1623996374 	34.6597145432 	0.00305757758658 	0
-0.89 	0.285564853556 	3.99202189842e-19 	0.129766511343 	0.000553667314529 	234.376326609 	15.1623996374 	34.6597145432 	0.00305757758658 	0
-0.89 	0.287029288703 	-4.58328881976e-19 	0.129765710057 	0.000553650911193 	234.381823337 	15.1752944745 	34.6590659484 	0.0028024631546 	0
-0.89 	0.288493723849 	-5.93929553978e-19 	0.129765710057 	0.000553650911193 	234.381823337 	15.1752944745 	34.6590659484 	0.0028024631546 	0
-0.89 	0.289958158996 	2.86445163904e-19 	0.129765710057 	0.000553650911193 	234.381823337 	15.1752944745 	34.6590659484 	0.0028024631546 	0
-0.89 	0.291422594142 	-2.2716162637e-19 	0.129764717798 	0.000553628124235 	234.389678049 	15.1876467412 	34.6584477461 	0.00255769036667 	0
-0.89 	0.292887029289 	-3.49102598869e-20 	0.129764717798 	0.000553628124235 	234.389678049 	15.1876467412 	34.6584477461 	0.00255769036667 	0
-0.89 	0.294351464435 	-8.10767434652e-19 	0.129764717798 	0.000553628124235 	234.389678049 	15.1876467412 	34.6584477461 	0.00255769036667 	0
-0.89 	0.295815899582 	1.80763270288e-19 	0.129763426154 	0.000553595595067 	234.401117548 	15.1994145945 	34.6578615603 	0.00232297269309 	0
-0.89 	0.297280334728 	4.29559850672e-19 	0.129763426154 	0.000553595595067 	234.401117548 	15.1994145945 	34.6578615603 	0.00232297269309 	0
-0.89 	0.298744769874 	3.03902648527e-19 	0.129761651477 	0.00055354767166 	234.418204827 	15.2105550835 	34.6573090683 	0.00209795727035 	0
-0.89 	0.300209205021 	-7.17820102612e-19 	0.129761651477 	0.00055354767166 	234.418204827 	15.2105550835 	34.6573090683 	0.00209795727035 	0
-0.89 	0.301673640167 	-2.42645496269e-19 	0.129761651477 	0.00055354767166 	234.418204827 	15.2105550835 	34.6573090683 	0.00209795727035 	0
-0.89 	0.303138075314 	2.31494569721e-19 	0.129759068108 	0.000553474406166 	234.4445681 	15.2210242398 	34.6567919987 	0.0018822212885 	0
-0.89 	0.30460251046 	-3.80358001302e-20 	0.129759068108 	0.000553474406166 	234.4445681 	15.2210242398 	34.6567919987 	0.0018822212885 	0
-0.89 	0.306066945607 	6.09311120265e-20 	0.129759068108 	0.000553474406166 	234.4445681 	15.2210242398 	34.6567919987 	0.0018822212885 	0
-0.89 	0.307531380753 	-8.78678251388e-19 	0.129755066107 	0.000553357338146 	234.486934865 	15.2307771305 	34.6563121322 	0.00167526312289 	0
-0.89 	0.3089958159 	4.81601554951e-19 	0.129755066107 	0.000553357338146 	234.486934865 	15.2307771305 	34.6563121322 	0.00167526312289 	0
-0.89 	0.310460251046 	-2.1228783544e-19 	0.129755066107 	0.000553357338146 	234.486934865 	15.2307771305 	34.6563121322 	0.00167526312289 	0
-0.89 	0.311924686192 	-3.55214966592e-19 	0.129748426339 	0.000553160001024 	234.55858359 	15.2397680177 	34.6558712986 	0.00147650929444 	0
-0.89 	0.313389121339 	-6.11274234914e-19 	0.129748426339 	0.000553160001024 	234.55858359 	15.2397680177 	34.6558712986 	0.00147650929444 	0
-0.89 	0.314853556485 	4.46907085431e-19 	0.129748426339 	0.000553160001024 	234.55858359 	15.2397680177 	34.6558712986 	0.00147650929444 	0
-0.89 	0.316317991632 	8.30367322692e-19 	0.129736525592 	0.000552805027361 	234.687673177 	15.2479503711 	34.6554713788 	0.00128528674073 	0
-0.89 	0.317782426778 	-1.9927740937e-19 	0.129736525592 	0.000552805027361 	234.687673177 	15.2479503711 	34.6554713788 	0.00128528674073 	0
-0.89 	0.319246861925 	-6.33049365122e-19 	0.129713318186 	0.000552116249341 	234.938418024 	15.2552771635 	34.6551142999 	0.00110086086903 	0
-0.89 	0.320711297071 	4.66225557433e-19 	0.129713318186 	0.000552116249341 	234.938418024 	15.2552771635 	34.6551142999 	0.00110086086903 	0
-0.89 	0.322175732218 	1.69351329275e-19 	0.129713318186 	0.000552116249341 	234.938418024 	15.2552771635 	34.6551142999 	0.00110086086903 	0
-0.89 	0.323640167364 	3.66458278397e-19 	0.12966458777 	0.000550678157712 	235.463466189 	15.2617007679 	34.6548020358 	0.000922358693051 	0
-0.89 	0.32510460251 	-1.42330167976e-19 	0.12966458777 	0.000550678157712 	235.463466189 	15.2617007679 	34.6548020358 	0.000922358693051 	0
-0.89 	0.326569037657 	-4.1210183226e-21 	0.12966458777 	0.000550678157712 	235.463466189 	15.2617007679 	34.6548020358 	0.000922358693051 	0
-0.89 	0.328033472803 	-1.05991972735e-18 	0.129561223383 	0.000547603398238 	236.596821349 	15.2671735122 	34.6545365687 	0.000748882956235 	0
-0.89 	0.32949790795 	-3.4918339588e-19 	0.129561223383 	0.000547603398238 	236.596821349 	15.2671735122 	34.6545365687 	0.000748882956235 	0
-0.89 	0.330962343096 	-1.9927740937e-19 	0.129561223383 	0.000547603398238 	236.596821349 	15.2671735122 	34.6545365687 	0.000748882956235 	0
-0.89 	0.332426778243 	3.96003541604e-19 	0.129378954278 	0.000542087478809 	238.668036683 	15.2716472618 	34.6543198353 	0.000579330367811 	0
-0.89 	0.333891213389 	-2.15116221992e-19 	0.129378954278 	0.000542087478809 	238.668036683 	15.2716472618 	34.6543198353 	0.000579330367811 	0
-0.89 	0.335355648536 	-2.0795102675e-19 	0.129378954278 	0.000542087478809 	238.668036683 	15.2716472618 	34.6543198353 	0.000579330367811 	0
-0.89 	0.336820083682 	-5.39396950529e-19 	0.129242441955 	0.000538482664703 	240.012261167 	15.2750740104 	34.654153982 	0.000412647433258 	0
-0.89 	0.338284518828 	4.54962212672e-19 	0.129242441955 	0.000538482664703 	240.012261167 	15.2750740104 	34.654153982 	0.000412647433258 	0
-0.89 	0.339748953975 	-3.55402522208e-19 	0.129242441955 	0.000538482664703 	240.012261167 	15.2750740104 	34.654153982 	0.000412647433258 	0
-0.89 	0.341213389121 	2.62456223426e-19 	0.1292177653 	0.000538041078425 	240.163382465 	15.2774051819 	34.6540414172 	0.000247451269572 	0
-0.89 	0.342677824268 	4.20660312259e-19 	0.1292177653 	0.000538041078425 	240.163382465 	15.2774051819 	34.6540414172 	0.000247451269572 	0
-0.89 	0.344142259414 	4.35838772668e-20 	0.1292177653 	0.000538041078425 	240.163382465 	15.2774051819 	34.6540414172 	0.000247451269572 	0
-0.89 	0.345606694561 	-4.25085844464e-19 	0.129215156324 	0.000538006658174 	240.173898149 	15.27859412 	34.653983506 	8.2479209651e-05 	0
-0.89 	0.347071129707 	1.84984775538e-19 	0.129215156324 	0.000538006658174 	240.173898149 	15.27859412 	34.653983506 	8.2479209651e-05 	0
-0.89 	0.348535564854 	2.56087503074e-19 	0.129215156324 	0.000538006658174 	240.173898149 	15.27859412 	34.653983506 	8.2479209651e-05 	0
-0.89 	0.35 	6.03032198269e-19 	0.129215156324 	0.000538006658174 	240.173898149 	15.27859412 	34.653983506 	8.2479209651e-05 	0
