0.504 	0 	0 	3.88429347581 	3.00859345447e-05 	129106.625225 	33.5235279924 	12.5101043658 	-0.00422506716365 	-3.58308950089e-24
0.504 	0.00146443514644 	1.67989155329e-18 	9.64832364474 	0.00141552447009 	6816.07690199 	33.2272603928 	20.1612500282 	-0.111967998714 	-2.57237335574e-21
0.504 	0.00292887029289 	6.58907264722e-19 	12.1690225774 	0.0029069017359 	4186.25178386 	32.7884284675 	21.9079662042 	-0.250016436799 	1.13917041047e-21
0.504 	0.00439330543933 	-5.03441351159e-18 	13.3941328088 	0.00366453890615 	3655.06634037 	32.4334629716 	23.1276026212 	-0.372602458494 	-9.76530838624e-23
0.504 	0.00585774058577 	-2.51161376545e-18 	14.005995665 	0.00403386966061 	3472.09921078 	31.9873408326 	24.6092829467 	-0.523201711735 	-1.14723198822e-22
0.504 	0.00732217573222 	-1.445383969e-18 	13.8211016775 	0.00402977321361 	3429.74677354 	31.6422619469 	25.6704864145 	-0.622769376314 	-2.99640912291e-21
0.504 	0.00878661087866 	-2.57756824725e-19 	12.7634145752 	0.00381200676211 	3348.2140436 	31.1166012222 	27.1096615138 	-0.742237354222 	1.84010635017e-21
0.504 	0.0102510460251 	-3.47284734898e-19 	11.1632206421 	0.00348858142941 	3199.93122361 	30.5953370872 	28.3442969685 	-0.830221866801 	-7.86425560845e-21
0.504 	0.0117154811715 	1.00194588516e-19 	8.95309575174 	0.0030268514482 	2957.89070094 	29.9647525575 	29.6159109596 	-0.907662413791 	5.2222192306e-21
0.504 	0.013179916318 	-3.29845111085e-19 	6.47634121327 	0.00244289206143 	2651.09593483 	29.2061276539 	30.8547412363 	-0.973253280873 	-1.60254576189e-20
0.504 	0.0146443514644 	6.87128529916e-19 	4.15413792331 	0.00184369256784 	2253.16194022 	28.2996970521 	31.9656037294 	-1.03047798642 	-3.57998470944e-21
0.504 	0.0161087866109 	-2.42422616099e-18 	2.36696521951 	0.00137178481229 	1725.46393451 	27.2357327224 	32.8474724709 	-1.08214306588 	7.35477192991e-21
0.504 	0.0175732217573 	-1.75130132776e-18 	1.54117304528 	0.00115804845717 	1330.83640476 	26.3381305818 	33.3221446805 	-1.11784636649 	-1.51884832788e-21
0.504 	0.0190376569038 	8.63845089056e-19 	1.07113087516 	0.00103462013179 	1035.28903242 	25.3638228623 	33.6631903359 	-1.15120861567 	-5.6628407918e-21
0.504 	0.0205020920502 	1.23493275837e-18 	0.798386713444 	0.000940006799692 	849.341423601 	24.3195676609 	33.9171335135 	-1.18229680841 	-3.85142568254e-21
0.504 	0.0219665271967 	5.89917267468e-19 	0.616460867027 	0.000843912726129 	730.479406153 	23.208326335 	34.1108952687 	-1.21101794196 	-2.45588563457e-20
0.504 	0.0234309623431 	-3.09710450453e-19 	0.480328138384 	0.000746002642602 	643.869218356 	22.0313573072 	34.2523890907 	-1.23729473517 	1.14964412909e-20
0.504 	0.0248953974895 	2.46350912632e-18 	0.375767388967 	0.000654645958106 	574.000930295 	20.7899838706 	34.3465454686 	-1.26128836758 	-1.82331566375e-20
0.504 	0.026359832636 	2.15047894262e-18 	0.297889941395 	0.000577501692386 	515.8252267 	19.485612606 	34.4050225641 	-1.28349017411 	-1.17132560514e-20
0.504 	0.0278242677824 	1.14050278001e-19 	0.258898049972 	0.000536332848686 	482.718988043 	18.5814777694 	34.4326962141 	-1.29761826843 	1.67117855892e-20
0.504 	0.0292887029289 	1.4367140223e-18 	0.216602348396 	0.0004912278917 	440.940655154 	17.173461741 	34.4689186579 	-1.31817784763 	-5.59020518539e-21
0.504 	0.0307531380753 	-1.23771254056e-18 	0.197263488909 	0.000471921021497 	418.001063575 	16.1999690708 	34.4935096744 	-1.33154944275 	-6.11510257817e-21
0.504 	0.0322175732218 	-2.44117692371e-19 	0.178342169073 	0.000457153537791 	390.114380247 	14.6868602172 	34.5330278482 	-1.35106057354 	6.1861043649e-21
0.504 	0.0336820083682 	1.24496069638e-18 	0.170794583709 	0.000455131062819 	375.264616418 	13.6425234586 	34.5608631883 	-1.36363043115 	-1.67158399453e-20
0.504 	0.0351464435146 	-6.54648109053e-19 	0.166161484394 	0.000457933716332 	362.850514099 	12.5694821696 	34.5895560205 	-1.37579167361 	2.10122633407e-20
0.504 	0.0366108786611 	-1.284255053e-18 	0.162965791832 	0.000468687472504 	347.706737202 	10.9057807608 	34.6339457621 	-1.39317482029 	-9.37945489443e-21
0.504 	0.0380753138075 	1.30141015793e-18 	0.162457636816 	0.000478855054298 	339.262654446 	9.76039560108 	34.6644386037 	-1.40413483193 	-1.1735640964e-20
0.504 	0.039539748954 	2.15246474433e-19 	0.162738522959 	0.000490614985109 	331.703123423 	8.58592733468 	34.6956950965 	-1.41454704962 	-5.21272832229e-21
0.504 	0.0410041841004 	-9.77222003801e-19 	0.163514920183 	0.000503507061209 	324.751990151 	7.38234799825 	34.7277480693 	-1.42437170495 	-1.86186846241e-21
0.504 	0.0424686192469 	1.43684297871e-18 	0.164590555142 	0.000517231620998 	318.214410064 	6.14967334597 	34.7606163521 	-1.43356755783 	2.06020431484e-21
0.504 	0.0439330543933 	1.84612142803e-18 	0.165839292717 	0.000531602098002 	311.961320959 	4.88796774099 	34.7943066454 	-1.44209202885 	4.5145122305e-21
0.504 	0.0453974895397 	9.360566706e-19 	0.167181960516 	0.000546503649231 	305.911883208 	3.59734823913 	34.8288168082 	-1.4499013671 	4.47920969798e-21
0.504 	0.0468619246862 	1.40455151917e-18 	0.167872164781 	0.00055412943169 	302.947569973 	2.94124760157 	34.8463768697 	-1.4535239054 	-7.38086851841e-21
0.504 	0.0483263598326 	-7.12251062544e-19 	0.169267991118 	0.000569695192108 	297.120273198 	1.60760009434 	34.8820994371 	-1.46017631456 	1.29113473481e-21
0.504 	0.0497907949791 	-1.5339600823e-18 	0.170662756274 	0.000585639228285 	291.412781165 	0.245582420042 	34.9186135795 	-1.4660000896 	2.44472837664e-23
0.504 	0.0512552301255 	-1.14164861764e-18 	0.172035966919 	0.000601914305943 	285.814716846 	-1.14448125483 	34.9559060371 	-1.47094866464 	1.49110474677e-21
0.504 	0.052719665272 	-3.3549433406e-18 	0.172709028129 	0.000610160537363 	283.05506101 	-1.84991172555 	34.9748409517 	-1.47308009625 	-2.81705862318e-21
0.504 	0.0541841004184 	9.55851411403e-19 	0.174017978053 	0.000626836599108 	277.612982874 	-3.28129754804 	35.0132845849 	-1.47662779155 	-6.7585410385e-22
0.504 	0.0556485355649 	-3.79975832391e-19 	0.175264278058 	0.000643707514698 	272.273158315 	-4.73963931618 	35.0524920272 	-1.47918249331 	4.773278996e-21
0.504 	0.0571129707113 	-7.80237427089e-19 	0.175859029329 	0.000652195559422 	269.641561934 	-5.47874936278 	35.0723825232 	-1.48007263169 	5.44409795362e-21
0.504 	0.0585774058577 	-1.2570444343e-18 	0.176981794018 	0.000669231393297 	264.455307672 	-6.9764730464 	35.1127387377 	-1.4810486733 	1.24122823811e-20
0.504 	0.0600418410042 	-1.86190907531e-18 	0.177505756205 	0.000677759344302 	261.900861562 	-7.73492431969 	35.1332050737 	-1.48112259937 	-3.01325750833e-21
0.504 	0.0615062761506 	-1.61510601893e-19 	0.178468465716 	0.000694781220922 	256.870019427 	-9.27056839493 	35.1747143421 	-1.48041214841 	-4.80266828068e-21
0.504 	0.0629707112971 	1.93996199825e-19 	0.178902949632 	0.000703251615013 	254.393940679 	-10.0475735909 	35.1957562397 	-1.47961564239 	6.3663714192e-21
0.504 	0.0644351464435 	2.0258562475e-18 	0.179667215258 	0.000720047538673 	249.521324091 	-11.6194492456 	35.2384079168 	-1.47710951378 	-5.37373622803e-21
0.504 	0.06589958159 	-6.69523418881e-19 	0.179992492274 	0.000728345496376 	247.125153062 	-12.4141063284 	35.2600132223 	-1.47538758355 	5.20337862488e-21
0.504 	0.0673640167364 	-8.44904240119e-19 	0.180276794086 	0.000736557185483 	244.756004882 	-13.2144267272 	35.2818009558 	-1.47334483788 	-6.08253186103e-21
0.504 	0.0688284518828 	-4.16099087422e-19 	0.180712974145 	0.00075265813168 	240.099676784 	-14.831582566 	35.3259101236 	-1.46827215474 	-5.21334671511e-21
0.504 	0.0702928870293 	-9.91758501261e-19 	0.180859947006 	0.000760513301599 	237.812996335 	-15.6481695516 	35.3482247571 	-1.46522987672 	-3.98177612525e-21
0.504 	0.0717573221757 	-1.91125620703e-19 	0.180956095898 	0.000768213834393 	235.554331094 	-16.4699229705 	35.3707087119 	-1.46184212721 	-5.03121076909e-21
0.504 	0.0732217573222 	-1.18789426696e-18 	0.180984941402 	0.000783070517093 	231.122149859 	-18.1283842426 	35.4161757318 	-1.45400590817 	1.61457427168e-20
0.504 	0.0746861924686 	-1.07826220623e-18 	0.180911721032 	0.000790182951297 	228.949157578 	-18.9648089688 	35.4391558991 	-1.44954538858 	-4.13588192762e-20
0.504 	0.0761506276151 	-1.50918564347e-18 	0.180775773515 	0.000797053009879 	226.805207777 	-19.8058339691 	35.4622993886 	-1.44471528717 	2.72485339831e-20
0.504 	0.0776150627615 	1.07789637441e-18 	0.180573563302 	0.000803654652694 	224.690496965 	-20.6513071923 	35.4856057106 	-1.43950965548 	-3.19973757177e-20
0.504 	0.0790794979079 	1.23871470269e-18 	0.179954792471 	0.000815938408864 	220.549480838 	-22.3549694793 	35.5327052052 	-1.42794810797 	-6.78500257125e-21
0.504 	0.0805439330544 	7.07847846156e-19 	0.179529687465 	0.000821557777926 	218.523507766 	-23.2128339061 	35.5564975547 	-1.42158039838 	-8.00111797266e-21
0.504 	0.0820083682008 	-1.44531557385e-18 	0.179021213226 	0.000826782955101 	216.527459984 	-24.0744973431 	35.5804511899 	-1.41481358029 	-1.43480246021e-20
0.504 	0.0834728033473 	3.37411984102e-20 	0.178424316369 	0.000831576408021 	214.561541968 	-24.9397873915 	35.6045660444 	-1.40764183363 	6.81295867417e-20
0.504 	0.0849372384937 	-2.5751785081e-19 	0.177733673075 	0.000835898136289 	212.625995153 	-25.8085276972 	35.6288425448 	-1.40005938533 	-1.85122984929e-20
0.504 	0.0864016736402 	5.35327926095e-19 	0.176048973937 	0.0008429557238 	208.847237128 	-27.5556342359 	35.677887822 	-1.38363968315 	-1.75415788223e-20
0.504 	0.0878661087866 	-1.55694904e-18 	0.175043765162 	0.000845602535611 	207.004778002 	-28.4336286317 	35.7026660586 	-1.37479142668 	-3.99435607757e-21
0.504 	0.0893305439331 	1.35228876252e-18 	0.173922814817 	0.000847601214896 	205.194154705 	-29.3143299512 	35.7276275235 	-1.36551059352 	5.72221401146e-21
0.504 	0.0907949790795 	1.80380543099e-18 	0.17268119153 	0.000848907765096 	203.415728575 	-30.1975437546 	35.7527879983 	-1.35579227296 	-6.96445733786e-20
0.504 	0.0922594142259 	-4.01818569333e-19 	0.171314518743 	0.00084948080719 	201.669675516 	-31.0830726912 	35.7781666753 	-1.34563170948 	7.99178306833e-20
0.504 	0.0937238493724 	4.77423775858e-19 	0.169819184895 	0.0008492834447 	199.955840368 	-31.9707166263 	35.8037809895 	-1.3350240299 	-6.07686755978e-21
0.504 	0.0951882845188 	-7.15571607039e-19 	0.16819267864 	0.000848285677994 	198.273627627 	-32.8602723994 	35.829637628 	-1.32396381527 	1.13679747467e-20
0.504 	0.0966527196653 	-2.07891506447e-19 	0.166434136045 	0.000846467508768 	196.622001815 	-33.7515329915 	35.8557214132 	-1.31244463236 	5.35863982089e-21
0.504 	0.0981171548117 	2.96015810915e-19 	0.164545127919 	0.000843822675735 	194.999651765 	-34.6442860575 	35.881985963 	-1.30045872889 	-1.53017864418e-20
0.504 	0.0995815899582 	1.80872806972e-18 	0.162530586555 	0.000840362579187 	193.405311683 	-35.5383120197 	35.9083511436 	-1.28799710674 	2.55189807252e-21
0.504 	0.101046025105 	5.61492661659e-19 	0.160399617038 	0.000836119504969 	191.838147639 	-36.4333822445 	35.9347111135 	-1.27505007746 	-7.30170802063e-21
0.504 	0.102510460251 	1.01031588603e-18 	0.158165848114 	0.000831148000496 	190.298055243 	-37.3292579458 	35.9609529679 	-1.26160819497 	-3.21976390622e-20
0.504 	0.103974895397 	2.41165701875e-19 	0.15584703953 	0.000825523451909 	188.785720345 	-38.2256903631 	35.9869810052 	-1.24766325176 	2.26565515123e-20
0.504 	0.105439330544 	2.66656848685e-19 	0.15346389243 	0.000819337629772 	187.30238531 	-39.1224223329 	36.0127380521 	-1.23320894369 	4.45286074065e-20
0.504 	0.10690376569 	1.26124503081e-18 	0.151038312771 	0.000812691953907 	185.849400926 	-40.0191908532 	36.0382154888 	-1.21824092498 	-6.07495637117e-20
0.504 	0.108368200837 	1.37182382617e-19 	0.148591594208 	0.000805689994168 	184.42775172 	-40.9157298246 	36.0634480846 	-1.20275624824 	-3.86484302648e-20
0.504 	0.109832635983 	4.33363588111e-19 	0.146142995292 	0.000798430873719 	183.037755806 	-41.8117721228 	36.0884963757 	-1.18675246108 	1.28488497127e-20
0.504 	0.11129707113 	9.35539897535e-19 	0.143708985683 	0.00079100471984 	181.679049541 	-42.7070504833 	36.1134244969 	-1.17022675779 	1.09026332578e-19
0.504 	0.112761506276 	3.51398913588e-19 	0.141303145174 	0.000783490426064 	180.35082558 	-43.6012972178 	36.1382823207 	-1.15317549471 	-9.04126613987e-20
0.504 	0.114225941423 	-5.47475802743e-19 	0.141303145174 	0.000783490426064 	180.35082558 	-43.6012972178 	36.1382823207 	-1.15317549471 	-9.04126613987e-20
0.504 	0.115690376569 	3.27244633092e-19 	0.138936473203 	0.000775955210689 	179.052181478 	-44.4942432085 	36.163097304 	-1.1355941501 	-4.85586948186e-20
0.504 	0.117154811715 	7.00871588221e-19 	0.136617804922 	0.000768455122006 	177.782411763 	-45.3856167694 	36.1878760691 	-1.11747759153 	8.97737768801e-20
0.504 	0.118619246862 	1.17987081784e-19 	0.134354126737 	0.000761035797711 	176.541139249 	-46.2751428055 	36.2126116626 	-1.09882042489 	-4.11540347619e-20
0.504 	0.120083682008 	5.39252865557e-19 	0.132150747125 	0.000753733201692 	175.328281717 	-47.1625424183 	36.2372914837 	-1.07961725075 	-2.43503308587e-20
0.504 	0.121548117155 	2.88350475681e-18 	0.13001139737 	0.000746574409083 	174.143924287 	-48.04753285 	36.261902613 	-1.05986277167 	1.10832362767e-19
0.504 	0.123012552301 	-7.24114953205e-19 	0.127938358066 	0.000739578602072 	172.988182334 	-48.9298275879 	36.286433859 	-1.03955179017 	-1.21266427027e-19
0.504 	0.124476987448 	1.22428393968e-20 	0.127938358066 	0.000739578602072 	172.988182334 	-48.9298275879 	36.286433859 	-1.03955179017 	-1.21266427027e-19
0.504 	0.125941422594 	7.0937099293e-19 	0.125932657375 	0.000732758322969 	171.861108128 	-49.8091364758 	36.3108756142 	-1.01867916601 	2.88269550768e-20
0.504 	0.127405857741 	1.54807524049e-19 	0.123994329135 	0.000726120882287 	170.762654208 	-50.6851657704 	36.3352189866 	-0.997239781303 	4.67504917965e-20
0.504 	0.128870292887 	-2.88207753557e-20 	0.122122688016 	0.000719669747545 	169.692679778 	-51.5576181543 	36.3594551309 	-0.975228526823 	-3.29405498348e-20
0.504 	0.130334728033 	1.07334259162e-18 	0.120316575556 	0.000713405748717 	168.65097565 	-52.4261927299 	36.3835750066 	-0.952640301445 	1.50365497203e-20
0.504 	0.13179916318 	-2.67695030029e-19 	0.120316575556 	0.000713405748717 	168.65097565 	-52.4261927299 	36.3835750066 	-0.952640301445 	1.50365497203e-20
0.504 	0.133263598326 	-3.94887116593e-19 	0.118574549671 	0.000707328009086 	167.637288709 	-53.2905850171 	36.4075694027 	-0.929470014487 	4.22381022574e-20
0.504 	0.134728033473 	-2.61787420139e-19 	0.116895012701 	0.000701434591829 	166.651337221 	-54.1504869575 	36.4314290147 	-0.905712584611 	-5.89353763511e-20
0.504 	0.136192468619 	2.61277353146e-19 	0.115276288046 	0.000695722908177 	165.692816337 	-55.0055869316 	36.4551444688 	-0.88136293585 	-7.0184181858e-20
0.504 	0.137656903766 	5.4580582788e-19 	0.113716663772 	0.000690189963334 	164.761398764 	-55.8555697724 	36.4787062952 	-0.856415992358 	3.74425488527e-20
0.504 	0.139121338912 	-1.42686787483e-18 	0.113716663772 	0.000690189963334 	164.761398764 	-55.8555697724 	36.4787062952 	-0.856415992358 	3.74425488527e-20
0.504 	0.140585774059 	1.41482772384e-19 	0.112214423287 	0.000684832522136 	163.856738194 	-56.7001167786 	36.502104902 	-0.830866674191 	4.91117210795e-20
0.504 	0.142050209205 	5.52729989609e-19 	0.110767873107 	0.000679647241253 	162.978478222 	-57.5389057273 	36.5253305714 	-0.804709893046 	6.86132995859e-20
0.504 	0.143514644351 	7.37862590133e-20 	0.110767873107 	0.000679647241253 	162.978478222 	-57.5389057273 	36.5253305714 	-0.804709893046 	6.86132995859e-20
0.504 	0.144979079498 	9.29827046344e-19 	0.109375361355 	0.000674630757093 	162.126259742 	-58.3716108853 	36.5483734662 	-0.777940547348 	-5.75095666737e-20
0.504 	0.146443514644 	3.61804563274e-19 	0.108035281358 	0.000669779715663 	161.299721134 	-59.1979030197 	36.5712236324 	-0.750553516795 	-3.61305044617e-20
0.504 	0.147907949791 	6.13710550611e-19 	0.106746070717 	0.000665090780064 	160.498497223 	-60.0174494079 	36.593870996 	-0.722543656527 	5.57246675081e-20
0.504 	0.149372384937 	5.38740453577e-19 	0.106746070717 	0.000665090780064 	160.498497223 	-60.0174494079 	36.593870996 	-0.722543656527 	5.57246675081e-20
0.504 	0.150836820084 	1.53437024786e-18 	0.105506210935 	0.00066056063659 	159.722219417 	-60.8299138424 	36.6163053568 	-0.693905790763 	-5.0505515852e-20
0.504 	0.15230125523 	1.46806529972e-19 	0.104314228171 	0.000656186003424 	158.970516937 	-61.6349566313 	36.638516385 	-0.664634705739 	2.21481283169e-20
0.504 	0.153765690377 	-2.22453626309e-19 	0.104314228171 	0.000656186003424 	158.970516937 	-61.6349566313 	36.638516385 	-0.664634705739 	2.21481283169e-20
0.504 	0.155230125523 	-1.25112265849e-19 	0.103168695063 	0.000651963642285 	158.243019045 	-62.4322345963 	36.6604936246 	-0.63472514255 	-1.26992425595e-19
0.504 	0.156694560669 	-1.56683715894e-21 	0.10206823251 	0.0006478903691 	157.539357548 	-63.221401063 	36.6822265089 	-0.604171789165 	6.28137279734e-20
0.504 	0.158158995816 	4.67149894925e-19 	0.10206823251 	0.0006478903691 	157.539357548 	-63.221401063 	36.6822265089 	-0.604171789165 	6.28137279734e-20
0.504 	0.159623430962 	7.5885330582e-19 	0.101011508318 	0.000643963052704 	156.859167454 	-64.0021058492 	36.7037043712 	-0.572969271722 	-3.98364362117e-20
0.504 	0.161087866109 	9.32405169547e-19 	0.099997230312 	0.000640178593517 	156.202083801 	-64.7739952468 	36.7249164346 	-0.541112144415 	-5.81521279082e-20
0.504 	0.162552301255 	-9.49166278981e-19 	0.099997230312 	0.000640178593517 	156.202083801 	-64.7739952468 	36.7249164346 	-0.541112144415 	-5.81521279082e-20
0.504 	0.164016736402 	-7.58220267681e-19 	0.0990241384487 	0.000636533899648 	155.567737246 	-65.5367119921 	36.7458517889 	-0.508594879408 	7.24318113394e-20
0.504 	0.165481171548 	-9.45215038351e-19 	0.098091006402 	0.000633025899614 	154.955755304 	-66.2898952316 	36.7664993773 	-0.475411856755 	-2.22275053889e-20
0.504 	0.166945606695 	3.33267430871e-19 	0.098091006402 	0.000633025899614 	154.955755304 	-66.2898952316 	36.7664993773 	-0.475411856755 	-2.22275053889e-20
0.504 	0.168410041841 	1.02700782538e-18 	0.0971966512242 	0.000629651588109 	154.365768402 	-67.0331804674 	36.786848002 	-0.441557353046 	-5.75016442405e-20
0.504 	0.169874476987 	-2.21592726574e-19 	0.0963399342132 	0.000626408040366 	153.797410003 	-67.7661995069 	36.806886329 	-0.407025529872 	1.12181579874e-19
0.504 	0.171338912134 	6.6236273001e-19 	0.0963399342132 	0.000626408040366 	153.797410003 	-67.7661995069 	36.806886329 	-0.407025529872 	1.12181579874e-19
0.504 	0.17280334728 	1.58830948294e-18 	0.0955197580376 	0.000623292467682 	153.250300606 	-68.4885803753 	36.826602884 	-0.371810419298 	-9.90768718887e-21
0.504 	0.174267782427 	1.55066333969e-19 	0.0955197580376 	0.000623292467682 	153.250300606 	-68.4885803753 	36.826602884 	-0.371810419298 	-9.90768718887e-21
0.504 	0.175732217573 	1.60323062097e-18 	0.0947350647938 	0.000620302096675 	152.724076384 	-69.1999472621 	36.8459860482 	-0.33590591312 	7.10481289851e-20
0.504 	0.17719665272 	-1.05104455907e-18 	0.0939848347582 	0.000617434215565 	152.218377908 	-69.8999203663 	36.865024053 	-0.299305742431 	-3.07962089202e-20
0.504 	0.178661087866 	6.2910499486e-19 	0.0939848347582 	0.000617434215565 	152.218377908 	-69.8999203663 	36.865024053 	-0.299305742431 	-3.07962089202e-20
0.504 	0.180125523013 	1.33471655337e-19 	0.0932680861657 	0.000614686181924 	151.732849881 	-70.5881158773 	36.8837049733 	-0.26200347281 	-3.07783570631e-20
0.504 	0.181589958159 	7.81829718794e-19 	0.0932680861657 	0.000614686181924 	151.732849881 	-70.5881158773 	36.8837049733 	-0.26200347281 	-3.07783570631e-20
0.504 	0.183054393305 	5.85851453334e-19 	0.0925838745288 	0.000612055424315 	151.267141587 	-71.2641456524 	36.9020167213 	-0.223992467809 	8.61046247788e-20
0.504 	0.184518828452 	1.71735415187e-18 	0.0919312923596 	0.000609539443938 	150.820907939 	-71.9276173973 	36.919947035 	-0.185265908096 	-6.20878346993e-20
0.504 	0.185983263598 	-4.4779879102e-19 	0.0919312923596 	0.000609539443938 	150.820907939 	-71.9276173973 	36.919947035 	-0.185265908096 	-6.20878346993e-20
0.504 	0.187447698745 	6.10136789039e-20 	0.0913094685615 	0.000607135814223 	150.39381045 	-72.57813387 	36.937483471 	-0.145816706523 	-1.24309159642e-20
0.504 	0.188912133891 	4.59720485708e-19 	0.0913094685615 	0.000607135814223 	150.39381045 	-72.57813387 	36.937483471 	-0.145816706523 	-1.24309159642e-20
0.504 	0.190376569038 	-2.41234230924e-19 	0.0907175699381 	0.000604842187807 	149.985519805 	-73.215293771 	36.9546133927 	-0.105637607692 	-9.47265733751e-20
0.504 	0.191841004184 	2.95021185103e-19 	0.0907175699381 	0.000604842187807 	149.985519805 	-73.215293771 	36.9546133927 	-0.105637607692 	-9.47265733751e-20
0.504 	0.193305439331 	-4.25301898861e-19 	0.0901548010331 	0.000602656297617 	149.595717143 	-73.8386895621 	36.9713239798 	-0.0647209562612 	1.53820236172e-20
0.504 	0.194769874477 	9.86735690128e-20 	0.0896204059013 	0.00060057596515 	149.224096703 	-74.4479106096 	36.9876022092 	-0.0230590458021 	1.16854178025e-19
0.504 	0.196234309623 	-8.12930525673e-19 	0.0896204059013 	0.00060057596515 	149.224096703 	-74.4479106096 	36.9876022092 	-0.0230590458021 	1.16854178025e-19
0.504 	0.19769874477 	1.21838445299e-18 	0.0891136587058 	0.000598599068298 	148.870359854 	-75.0425369744 	37.0034348594 	0.0193565496907 	-8.65759905369e-20
0.504 	0.199163179916 	-1.97628367711e-19 	0.0891136587058 	0.000598599068298 	148.870359854 	-75.0425369744 	37.0034348594 	0.0193565496907 	-8.65759905369e-20
0.504 	0.200627615063 	-4.82788204653e-19 	0.0886338677816 	0.000596723558903 	148.534219002 	-75.6221492194 	37.0188084391 	0.0625338885975 	-4.3312113764e-20
0.504 	0.202092050209 	-3.25232879664e-19 	0.0886338677816 	0.000596723558903 	148.534219002 	-75.6221492194 	37.0188084391 	0.0625338885975 	-4.3312113764e-20
0.504 	0.203556485356 	5.19238457694e-19 	0.0881803707317 	0.000594947447722 	148.215394602 	-76.1863108038 	37.0337092455 	0.106482580684 	1.61426365467e-19
0.504 	0.205020920502 	8.42483450183e-19 	0.0881803707317 	0.000594947447722 	148.215394602 	-76.1863108038 	37.0337092455 	0.106482580684 	1.61426365467e-19
0.504 	0.206485355649 	4.38523140898e-20 	0.087752556159 	0.00059326888783 	147.91363235 	-76.7345966353 	37.0481232324 	0.151210615771 	-1.96220923136e-20
0.504 	0.207949790795 	1.2324548341e-18 	0.087752556159 	0.00059326888783 	147.91363235 	-76.7345966353 	37.0481232324 	0.151210615771 	-1.96220923136e-20
0.504 	0.209414225941 	-8.16000713676e-19 	0.0873498272457 	0.000591686042748 	147.628676249 	-77.2665443796 	37.0620361958 	0.196729739675 	-7.77509736571e-20
0.504 	0.210878661088 	-1.13297340784e-18 	0.0873498272457 	0.000591686042748 	147.628676249 	-77.2665443796 	37.0620361958 	0.196729739675 	-7.77509736571e-20
0.504 	0.212343096234 	1.07959770038e-18 	0.0869716590458 	0.000590197299143 	147.360313529 	-77.7817334356 	37.075433421 	0.243046624907 	1.69732655868e-19
0.504 	0.213807531381 	-4.07851783961e-19 	0.0869716590458 	0.000590197299143 	147.360313529 	-77.7817334356 	37.075433421 	0.243046624907 	1.69732655868e-19
0.504 	0.215271966527 	-3.40817051438e-19 	0.0866175045474 	0.00058880092032 	147.108303602 	-78.2796546467 	37.0883001993 	0.290177435097 	-7.40222660672e-20
0.504 	0.216736401674 	2.85250099935e-19 	0.0866175045474 	0.00058880092032 	147.108303602 	-78.2796546467 	37.0883001993 	0.290177435097 	-7.40222660672e-20
0.504 	0.21820083682 	4.73936457389e-19 	0.0862869476678 	0.000587495612796 	146.872497068 	-78.7599192936 	37.1006209395 	0.338124234968 	-2.74576167795e-20
0.504 	0.219665271967 	-5.28248807326e-19 	0.0862869476678 	0.000587495612796 	146.872497068 	-78.7599192936 	37.1006209395 	0.338124234968 	-2.74576167795e-20
0.504 	0.221129707113 	6.26935091075e-19 	0.0859794582735 	0.000586279616118 	146.652648173 	-79.221923041 	37.1123805173 	0.386913052532 	-1.70345596147e-20
0.504 	0.222594142259 	-7.14703495204e-19 	0.0859794582735 	0.000586279616118 	146.652648173 	-79.221923041 	37.1123805173 	0.386913052532 	-1.70345596147e-20
0.504 	0.224058577406 	-3.7882407809e-20 	0.0856947833997 	0.000585152154561 	146.448718905 	-79.665376425 	37.1235620828 	0.436533267167 	-4.51201256956e-20
0.504 	0.225523012552 	-7.42552956051e-19 	0.0856947833997 	0.000585152154561 	146.448718905 	-79.665376425 	37.1235620828 	0.436533267167 	-4.51201256956e-20
0.504 	0.226987447699 	3.0100627227e-19 	0.0854323309208 	0.00058411113846 	146.260403707 	-80.0894709287 	37.1341504033 	0.487033442259 	7.81330908904e-20
0.504 	0.228451882845 	-1.78178783593e-19 	0.0854323309208 	0.00058411113846 	146.260403707 	-80.0894709287 	37.1341504033 	0.487033442259 	7.81330908904e-20
0.504 	0.229916317992 	-1.08408091419e-19 	0.0851921348502 	0.0005831567567 	146.087880954 	-80.4941714901 	37.1441266208 	0.538371477683 	-4.24775923372e-21
0.504 	0.231380753138 	-9.71708243246e-20 	0.0851921348502 	0.0005831567567 	146.087880954 	-80.4941714901 	37.1441266208 	0.538371477683 	-4.24775923372e-21
0.504 	0.232845188285 	-1.2313706955e-18 	0.0849733604695 	0.000582285886448 	145.930654421 	-80.8782277332 	37.1534761751 	0.590646925083 	-4.28317268804e-20
0.504 	0.234309623431 	5.67265719864e-19 	0.0849733604695 	0.000582285886448 	145.930654421 	-80.8782277332 	37.1534761751 	0.590646925083 	-4.28317268804e-20
0.504 	0.235774058577 	1.9345779353e-19 	0.0847766019278 	0.000581500667195 	145.789345929 	-81.242196955 	37.1621767092 	0.643744497468 	1.69583033362e-19
0.504 	0.237238493724 	-3.75016546452e-19 	0.0847766019278 	0.000581500667195 	145.789345929 	-81.242196955 	37.1621767092 	0.643744497468 	1.69583033362e-19
0.504 	0.23870292887 	2.14218539634e-19 	0.0846003863085 	0.000580795399701 	145.662975898 	-81.58388935 	37.1702160671 	0.697876133626 	-1.77127797184e-19
0.504 	0.240167364017 	-7.00832283054e-19 	0.0846003863085 	0.000580795399701 	145.662975898 	-81.58388935 	37.1702160671 	0.697876133626 	-1.77127797184e-19
0.504 	0.241631799163 	1.29668533648e-18 	0.0846003863085 	0.000580795399701 	145.662975898 	-81.58388935 	37.1702160671 	0.697876133626 	-1.77127797184e-19
0.504 	0.24309623431 	-4.43775630379e-19 	0.0844464486079 	0.000580176273933 	145.553088608 	-81.905153361 	37.1775654844 	0.752764897739 	-1.05094467377e-19
0.504 	0.244560669456 	3.46869911001e-19 	0.0844464486079 	0.000580176273933 	145.553088608 	-81.905153361 	37.1775654844 	0.752764897739 	-1.05094467377e-19
0.504 	0.246025104603 	1.00817341921e-18 	0.0843118461204 	0.00057963176854 	145.457600319 	-82.2018642103 	37.1842192297 	0.80886214017 	5.95989436519e-20
0.504 	0.247489539749 	-1.57233850159e-18 	0.0843118461204 	0.00057963176854 	145.457600319 	-82.2018642103 	37.1842192297 	0.80886214017 	5.95989436519e-20
0.504 	0.248953974895 	-1.87342971239e-19 	0.0842006356501 	0.000579176389896 	145.379951806 	-82.4785332975 	37.1901371617 	0.865549881479 	3.71155299296e-20
0.504 	0.250418410042 	4.2658901228e-19 	0.0842006356501 	0.000579176389896 	145.379951806 	-82.4785332975 	37.1901371617 	0.865549881479 	3.71155299296e-20
0.504 	0.251882845188 	1.2378671757e-18 	0.0841067106717 	0.000578786169182 	145.315688505 	-82.7272055924 	37.1953260323 	0.923770283373 	1.36311055313e-19
0.504 	0.253347280335 	-1.13956852224e-20 	0.0841067106717 	0.000578786169182 	145.315688505 	-82.7272055924 	37.1953260323 	0.923770283373 	1.36311055313e-19
0.504 	0.254811715481 	-3.94477926482e-19 	0.0841067106717 	0.000578786169182 	145.315688505 	-82.7272055924 	37.1953260323 	0.923770283373 	1.36311055313e-19
0.504 	0.256276150628 	1.06926691288e-18 	0.0840387493919 	0.000578492192185 	145.272054709 	-82.9576061549 	37.199715003 	0.982216904929 	1.20710436384e-21
0.504 	0.257740585774 	-7.8017799994e-19 	0.0840387493919 	0.000578492192185 	145.272054709 	-82.9576061549 	37.199715003 	0.982216904929 	1.20710436384e-21
0.504 	0.259205020921 	-6.18794836718e-19 	0.0839842445271 	0.000578245316512 	145.239817996 	-83.1545326915 	37.2033273876 	1.04279760706 	-1.45500669076e-19
0.504 	0.260669456067 	1.47272808743e-18 	0.0839842445271 	0.000578245316512 	145.239817996 	-83.1545326915 	37.2033273876 	1.04279760706 	-1.45500669076e-19
0.504 	0.262133891213 	5.16408348241e-19 	0.0839609765023 	0.000578109124528 	145.233785353 	-83.3373934688 	37.2060473362 	1.10287661556 	-5.79306618095e-20
0.504 	0.26359832636 	-4.00772320523e-19 	0.0839609765023 	0.000578109124528 	145.233785353 	-83.3373934688 	37.2060473362 	1.10287661556 	-5.79306618095e-20
0.504 	0.265062761506 	-1.23376531146e-19 	0.0839609765023 	0.000578109124528 	145.233785353 	-83.3373934688 	37.2060473362 	1.10287661556 	-5.79306618095e-20
0.504 	0.266527196653 	1.05508185917e-18 	0.083944061179 	0.00057798545336 	145.235594929 	-83.4779505488 	37.2079810902 	1.16618261276 	8.13778649205e-20
0.504 	0.267991631799 	-4.93996664475e-19 	0.083944061179 	0.00057798545336 	145.235594929 	-83.4779505488 	37.2079810902 	1.16618261276 	8.13778649205e-20
0.504 	0.269456066946 	-1.5846899676e-18 	0.0839678904708 	0.000577996059134 	145.274157399 	-83.6126137415 	37.2089725232 	1.22762979268 	1.42079403289e-19
0.504 	0.270920502092 	6.08357901655e-20 	0.0839678904708 	0.000577996059134 	145.274157399 	-83.6126137415 	37.2089725232 	1.22762979268 	1.42079403289e-19
0.504 	0.272384937238 	2.49710567485e-19 	0.0839678904708 	0.000577996059134 	145.274157399 	-83.6126137415 	37.2089725232 	1.22762979268 	1.42079403289e-19
0.504 	0.273849372385 	-1.70351641279e-19 	0.0839834092462 	0.000577945827412 	145.313635401 	-83.6910145328 	37.2092819663 	1.2942215421 	-2.3649790788e-19
0.504 	0.275313807531 	2.39041928554e-19 	0.0839834092462 	0.000577945827412 	145.313635401 	-83.6910145328 	37.2092819663 	1.2942215421 	-2.3649790788e-19
0.504 	0.276778242678 	8.71911033507e-19 	0.0840531453372 	0.000578050857505 	145.407872415 	-83.7775510707 	37.2085036431 	1.35656704744 	2.22246677176e-19
0.504 	0.278242677824 	-5.29089891321e-19 	0.0840531453372 	0.000578050857505 	145.407872415 	-83.7775510707 	37.2085036431 	1.35656704744 	2.22246677176e-19
0.504 	0.279707112971 	8.58958440993e-19 	0.0840531453372 	0.000578050857505 	145.407872415 	-83.7775510707 	37.2085036431 	1.35656704744 	2.22246677176e-19
0.504 	0.281171548117 	-1.05204324223e-19 	0.0840829418391 	0.000577930454018 	145.489723295 	-83.7868073439 	37.2070534404 	1.42726114684 	-7.66093466914e-20
0.504 	0.282635983264 	-6.04781993204e-19 	0.0840829418391 	0.000577930454018 	145.489723295 	-83.7868073439 	37.2070534404 	1.42726114684 	-7.66093466914e-20
0.504 	0.28410041841 	1.90566845171e-20 	0.0841812058556 	0.000577941957497 	145.65685146 	-83.8257220232 	37.2041088598 	1.48975654456 	-5.18714274531e-20
0.504 	0.285564853556 	8.83087188103e-19 	0.0841812058556 	0.000577941957497 	145.65685146 	-83.8257220232 	37.2041088598 	1.48975654456 	-5.18714274531e-20
0.504 	0.287029288703 	-1.00232345694e-18 	0.0841812058556 	0.000577941957497 	145.65685146 	-83.8257220232 	37.2041088598 	1.48975654456 	-5.18714274531e-20
0.504 	0.288493723849 	1.14794060875e-19 	0.0841709850809 	0.00057735117148 	145.788194844 	-83.7582559186 	37.200762707 	1.56566962863 	-4.59421385082e-20
0.504 	0.289958158996 	-2.92464570236e-20 	0.0841709850809 	0.00057735117148 	145.788194844 	-83.7582559186 	37.200762707 	1.56566962863 	-4.59421385082e-20
0.504 	0.291422594142 	7.02560722362e-19 	0.0841709850809 	0.00057735117148 	145.788194844 	-83.7582559186 	37.200762707 	1.56566962863 	-4.59421385082e-20
0.504 	0.292887029289 	-4.24330632004e-21 	0.0842283727054 	0.000576686109023 	146.055837634 	-83.7491696058 	37.195390214 	1.62730251138 	3.04101993704e-21
0.504 	0.294351464435 	-1.43150991199e-18 	0.0842283727054 	0.000576686109023 	146.055837634 	-83.7491696058 	37.195390214 	1.62730251138 	3.04101993704e-21
0.504 	0.295815899582 	-6.37431662798e-19 	0.0840361070597 	0.000574582522953 	146.2559401 	-83.598984718 	37.1903882847 	1.70980231591 	4.84856554044e-20
0.504 	0.297280334728 	5.06616724386e-19 	0.0840361070597 	0.000574582522953 	146.2559401 	-83.598984718 	37.1903882847 	1.70980231591 	4.84856554044e-20
0.504 	0.298744769874 	3.61215618406e-20 	0.0840361070597 	0.000574582522953 	146.2559401 	-83.598984718 	37.1903882847 	1.70980231591 	4.84856554044e-20
0.504 	0.300209205021 	4.08955011207e-19 	0.0838773906995 	0.000571769224102 	146.69798087 	-83.5371390887 	37.1814893829 	1.76943003607 	2.17604131313e-20
0.504 	0.301673640167 	1.32732266946e-18 	0.0838773906995 	0.000571769224102 	146.69798087 	-83.5371390887 	37.1814893829 	1.76943003607 	2.17604131313e-20
0.504 	0.303138075314 	-9.91061442344e-19 	0.0838773906995 	0.000571769224102 	146.69798087 	-83.5371390887 	37.1814893829 	1.76943003607 	2.17604131313e-20
0.504 	0.30460251046 	-1.35065941174e-19 	0.0832373376665 	0.000565963263768 	147.071979747 	-83.3049234272 	37.1722592923 	1.8596756393 	1.20959947689e-19
0.504 	0.306066945607 	-2.48473200481e-19 	0.0832373376665 	0.000565963263768 	147.071979747 	-83.3049234272 	37.1722592923 	1.8596756393 	1.20959947689e-19
0.504 	0.307531380753 	-3.51647995757e-19 	0.08260374997 	0.00055840913545 	147.926931574 	-83.1738906318 	37.1514883803 	1.91621487188 	-1.09483202072e-19
0.504 	0.3089958159 	-1.70404561388e-19 	0.08260374997 	0.00055840913545 	147.926931574 	-83.1738906318 	37.1514883803 	1.91621487188 	-1.09483202072e-19
0.504 	0.310460251046 	3.68868578433e-19 	0.08260374997 	0.00055840913545 	147.926931574 	-83.1738906318 	37.1514883803 	1.91621487188 	-1.09483202072e-19
0.504 	0.311924686192 	1.1250106384e-19 	0.0813595275931 	0.000547170650201 	148.691322466 	-82.8767302566 	37.1267608774 	2.01385778193 	-2.36630136169e-20
0.504 	0.313389121339 	5.147742853e-20 	0.0813595275931 	0.000547170650201 	148.691322466 	-82.8767302566 	37.1267608774 	2.01385778193 	-2.36630136169e-20
0.504 	0.314853556485 	7.84567583501e-20 	0.0813595275931 	0.000547170650201 	148.691322466 	-82.8767302566 	37.1267608774 	2.01385778193 	-2.36630136169e-20
0.504 	0.316317991632 	-5.91358483422e-19 	0.0809278611284 	0.00053731869504 	150.614266497 	-82.635755546 	37.065664858 	2.0667042633 	2.1602662719e-20
0.504 	0.317782426778 	-7.35696275139e-19 	0.0809278611284 	0.00053731869504 	150.614266497 	-82.635755546 	37.065664858 	2.0667042633 	2.1602662719e-20
0.504 	0.319246861925 	2.76672049194e-19 	0.0809278611284 	0.00053731869504 	150.614266497 	-82.635755546 	37.065664858 	2.0667042633 	2.1602662719e-20
0.504 	0.320711297071 	2.50165706961e-19 	0.0810562244745 	0.000498980198191 	152.974065561 	-82.3234562961 	36.9657717888 	2.16645627753 	-1.30384886066e-19
0.504 	0.322175732218 	1.91556439637e-19 	0.0810562244745 	0.000498980198191 	152.974065561 	-82.3234562961 	36.9657717888 	2.16645627753 	-1.30384886066e-19
0.504 	0.323640167364 	4.43027044164e-19 	0.0810562244745 	0.000498980198191 	152.974065561 	-82.3234562961 	36.9657717888 	2.16645627753 	-1.30384886066e-19
0.504 	0.32510460251 	6.29200557146e-19 	0.0827602489811 	0.00043911652136 	157.147528103 	-81.8937702058 	36.7855826097 	2.21576523474 	2.08770937657e-19
0.504 	0.326569037657 	-2.2351636574e-19 	0.0827602489811 	0.00043911652136 	157.147528103 	-81.8937702058 	36.7855826097 	2.21576523474 	2.08770937657e-19
0.504 	0.328033472803 	2.65202455796e-19 	0.0827602489811 	0.00043911652136 	157.147528103 	-81.8937702058 	36.7855826097 	2.21576523474 	2.08770937657e-19
0.504 	0.32949790795 	1.46827729088e-19 	0.0841111353394 	0.000347366646641 	162.135759048 	-81.6668575038 	36.5772455139 	2.30743477472 	-1.35792255774e-19
0.504 	0.330962343096 	-2.65083584572e-19 	0.0841111353394 	0.000347366646641 	162.135759048 	-81.6668575038 	36.5772455139 	2.30743477472 	-1.35792255774e-19
0.504 	0.332426778243 	-1.18091618869e-19 	0.0841111353394 	0.000347366646641 	162.135759048 	-81.6668575038 	36.5772455139 	2.30743477472 	-1.35792255774e-19
0.504 	0.333891213389 	-2.16767215121e-19 	0.0770034937358 	0.000509611769488 	151.10226715 	-80.9096688643 	36.231185125 	2.36249027552 	7.35270414617e-20
0.504 	0.335355648536 	-1.30147501839e-18 	0.0770034937358 	0.000509611769488 	151.10226715 	-80.9096688643 	36.231185125 	2.36249027552 	7.35270414617e-20
0.504 	0.336820083682 	4.72690262429e-19 	0.0770034937358 	0.000509611769488 	151.10226715 	-80.9096688643 	36.231185125 	2.36249027552 	7.35270414617e-20
