-0.89 	0 	0 	4.75730590084 	4.52576246882e-05 	99270.8261993 	13.1507676113 	16.3579887011 	0.000862443046753 	3.06240737436e-23
-0.89 	0.00146443514644 	1.13385510285e-18 	5.4778094615 	0.000583970766068 	9380.2802808 	13.1586484696 	26.391568455 	0.00880078342134 	-1.66871957036e-23
-0.89 	0.00292887029289 	1.27699035254e-18 	4.45346761368 	0.000795695155143 	5428.98485784 	13.1678141472 	29.5558280222 	0.0206172135939 	2.77861259195e-24
-0.89 	0.00439330543933 	-2.67179794604e-18 	3.25327830577 	0.000660023519178 	4362.95076756 	13.1745464244 	31.5947482862 	0.034126663991 	-1.40383331282e-23
-0.89 	0.00585774058577 	-5.01567793036e-18 	1.31660414183 	0.000416633073232 	3160.10472144 	13.1802805118 	33.8057081842 	0.0551802840527 	-1.2231043289e-23
-0.89 	0.00732217573222 	-3.12047196919e-18 	0.281981221169 	0.00018881895289 	1493.39468762 	13.1827309182 	34.7966899543 	0.0673995275238 	9.54804805844e-25
-0.89 	0.00878661087866 	-3.10199375501e-19 	0.1381353369 	0.000344612667379 	400.84230783 	13.1840905974 	34.92071365 	0.0689188999178 	3.17882757616e-23
-0.89 	0.0102510460251 	1.39662681574e-18 	0.131376086636 	0.00049215117735 	266.942542621 	13.1851744765 	34.9174173656 	0.068797628033 	-3.26983774244e-23
-0.89 	0.0117154811715 	1.2448117632e-18 	0.130184245007 	0.000535349153878 	243.176334667 	13.1866941031 	34.9036498037 	0.068460132867 	1.85121260787e-23
-0.89 	0.013179916318 	1.27906503978e-18 	0.129999726313 	0.000539481735565 	240.971506064 	13.1878885798 	34.8917301838 	0.0681521349899 	-1.56412955709e-23
-0.89 	0.0146443514644 	7.48064195847e-19 	0.12987469523 	0.000541257177483 	239.950065575 	13.1895542619 	34.8764421635 	0.0677102348809 	-9.70629197008e-24
-0.89 	0.0161087866109 	6.78695820314e-19 	0.129827561578 	0.000542785245393 	239.187713152 	13.1908607831 	34.8659963123 	0.0673660888376 	-4.02013552936e-23
-0.89 	0.0175732217573 	-6.74367928269e-19 	0.129812423273 	0.000544596609103 	238.364361994 	13.1922191128 	34.8564526716 	0.0670132787586 	-2.64437330412e-23
-0.89 	0.0190376569038 	-4.83527784105e-19 	0.129817135531 	0.000546430916297 	237.572823315 	13.1936317851 	34.8477012984 	0.0666513416165 	8.34199643608e-25
-0.89 	0.0205020920502 	-4.06846164715e-19 	0.129825409259 	0.000547559475683 	237.098278862 	13.1946049775 	34.84224587 	0.0664044493355 	3.76044684763e-23
-0.89 	0.0219665271967 	-9.88307365957e-19 	0.129839306854 	0.000549026895619 	236.489883992 	13.1961136524 	34.8345505986 	0.0660248637763 	-8.45815985271e-24
-0.89 	0.0234309623431 	-2.10247148649e-19 	0.129850960677 	0.000550198592426 	236.007438886 	13.1976830622 	34.8273621821 	0.0656332443596 	-5.10248021487e-23
-0.89 	0.0248953974895 	1.051784306e-18 	0.129856548828 	0.000550825282443 	235.749071379 	13.1987642161 	34.822815458 	0.0653650004217 	4.11440550071e-24
-0.89 	0.026359832636 	2.53832505417e-19 	0.129861562608 	0.000551567451803 	235.44094595 	13.2004399809 	34.81631954 	0.0649512178846 	-4.70136865572e-24
-0.89 	0.0278242677824 	-1.37245018792e-18 	0.129862935236 	0.000551952670367 	235.279113968 	13.2015941918 	34.8121834618 	0.0646673769261 	-9.62504869228e-23
-0.89 	0.0292887029289 	-3.40950982921e-19 	0.129863035923 	0.000552267194998 	235.145301223 	13.2027788528 	34.8081882526 	0.0643768551226 	-8.03373294984e-23
-0.89 	0.0307531380753 	3.00345696988e-19 	0.129862127627 	0.000552523729849 	235.034480171 	13.2039946822 	34.8043230805 	0.0640794068413 	1.50902939707e-22
-0.89 	0.0322175732218 	-1.66755688497e-19 	0.129859377268 	0.000552822889465 	234.902316353 	13.2058784693 	34.798748729 	0.0636197165961 	-6.2705899352e-23
-0.89 	0.0336820083682 	-6.27320394251e-21 	0.129856892676 	0.000552977650565 	234.832081446 	13.2071754451 	34.7951696401 	0.0633038931738 	1.1393559543e-23
-0.89 	0.0351464435146 	-3.66103022619e-20 	0.129854058424 	0.000553104534727 	234.773085865 	13.2085062036 	34.7916920349 	0.0629802985709 	-4.93850366302e-23
-0.89 	0.0366108786611 	6.91994119568e-19 	0.129850985466 	0.000553208823056 	234.723272758 	13.2098715217 	34.7883097083 	0.0626486917362 	-1.12302403506e-23
-0.89 	0.0380753138075 	1.58587212011e-19 	0.129847759062 	0.000553294758226 	234.680985373 	13.2112721893 	34.785017083 	0.0623088303844 	3.72836818567e-24
-0.89 	0.039539748954 	-1.96204881484e-19 	0.129846109231 	0.000553331935894 	234.662235826 	13.2119860294 	34.7834028139 	0.0621357280695 	-1.95235894367e-24
-0.89 	0.0410041841004 	1.16507723476e-18 	0.129842768933 	0.000553396515174 	234.628815637 	13.2134412291 	34.7802354316 	0.0617830265599 	-1.84320248191e-23
-0.89 	0.0424686192469 	-1.36202560222e-18 	0.129839408183 	0.00055345005031 	234.600047664 	13.2149338045 	34.7771459825 	0.0614214558345 	1.4963454945e-23
-0.89 	0.0439330543933 	-1.43293932627e-18 	0.129836058174 	0.00055349452454 	234.575144681 	13.2164645817 	34.7741304552 	0.0610507652466 	5.75651246829e-23
-0.89 	0.0453974895397 	-4.05931341542e-19 	0.129834394599 	0.000553513877902 	234.563937388 	13.2172445557 	34.7726492478 	0.0608619207921 	1.03820913025e-22
-0.89 	0.0468619246862 	-4.40171557504e-19 	0.129831101424 	0.000553547672904 	234.543667653 	13.2188341958 	34.7697377752 	0.0604770732315 	-9.5767098244e-23
-0.89 	0.0483263598326 	1.89779143352e-18 	0.12982786452 	0.00055357587199 	234.525872765 	13.2204641205 	34.7668915224 	0.0600824643375 	-1.03600434495e-22
-0.89 	0.0497907949791 	7.66971617894e-21 	0.129826270291 	0.000553588179845 	234.517778771 	13.2212944499 	34.7654918953 	0.0598814173219 	-9.03240962174e-23
-0.89 	0.0512552301255 	3.04185370576e-19 	0.129823134659 	0.000553609726489 	234.502987297 	13.2229863616 	34.7627378432 	0.0594716718681 	5.49819537092e-23
-0.89 	0.052719665272 	1.67689623634e-19 	0.129821594499 	0.000553619142405 	234.496216902 	13.2238481504 	34.761382737 	0.0592629061697 	-2.22618147196e-22
-0.89 	0.0541841004184 	3.2110642394e-19 	0.129818571586 	0.000553635641945 	234.483768295 	13.2256039066 	34.7587147492 	0.0588374187831 	-1.38749883491e-23
-0.89 	0.0556485355649 	-1.00833369228e-20 	0.129817089339 	0.00055364285776 	234.478034927 	13.2264980772 	34.7574012539 	0.058620628316 	-9.64678052489e-23
-0.89 	0.0571129707113 	8.64960187666e-20 	0.129814183874 	0.000553655507888 	234.467429701 	13.2283195069 	34.7548138026 	0.0581787799756 	6.61896232965e-23
-0.89 	0.0585774058577 	-7.66559368846e-19 	0.129812760689 	0.0005536610415 	234.462515797 	13.2292469647 	34.7535392922 	0.0579536517953 	1.95711573568e-22
-0.89 	0.0600418410042 	4.58135441095e-19 	0.129809973081 	0.000553670741624 	234.453373318 	13.2311358561 	34.7510273828 	0.057494809735 	-1.01653902054e-22
-0.89 	0.0615062761506 	7.70045839777e-19 	0.129808608394 	0.000553674983181 	234.449112453 	13.2320974823 	34.7497894818 	0.0572610240227 	8.10658956959e-24
-0.89 	0.0629707112971 	-1.26471549894e-18 	0.129807262885 	0.000553678863654 	234.445039185 	13.2330706885 	34.7485632952 	0.0570242802126 	6.57083021473e-23
-0.89 	0.0644351464435 	-1.44566188893e-18 	0.129804628539 	0.000553685658001 	234.437404444 	13.2350522111 	34.7461451481 	0.0565417718575 	1.36479250077e-22
-0.89 	0.06589958159 	1.11593416674e-18 	0.129803339221 	0.000553688623991 	234.433820015 	13.2360607086 	34.7449527471 	0.0562959334673 	1.51904716888e-22
-0.89 	0.0673640167364 	1.28075014401e-18 	0.129802068125 	0.000553691333579 	234.430377094 	13.2370811479 	34.7437711793 	0.0560469892919 	-4.07631255738e-23
-0.89 	0.0688284518828 	2.32744755185e-19 	0.129799579487 	0.000553696065076 	234.423879225 	13.2391581927 	34.7414397385 	0.0555396331737 	-6.94914359473e-23
-0.89 	0.0702928870293 	-2.78978105041e-19 	0.12979836137 	0.000553698123508 	234.420807764 	13.240214963 	34.7402894794 	0.0552811454176 	2.54476291037e-22
-0.89 	0.0717573221757 	3.56539010289e-19 	0.129797160329 	0.000553699998879 	234.417844666 	13.2412840041 	34.7391492809 	0.0550194002583 	-2.70522411146e-23
-0.89 	0.0732217573222 	-1.79884473775e-19 	0.129795976065 	0.000553701705859 	234.414983179 	13.2423653918 	34.7380189656 	0.0547543591883 	-1.69661419569e-22
-0.89 	0.0746861924686 	-2.816341986e-19 	0.129794808281 	0.000553703257903 	234.412217065 	13.2434591989 	34.7368983618 	0.0544859834755 	-2.0481174518e-22
-0.89 	0.0761506276151 	-4.6537863871e-19 	0.129792520954 	0.000553705945558 	234.406948301 	13.2456843462 	34.7346856315 	0.0539390720214 	1.54448362373e-22
-0.89 	0.0776150627615 	-1.75772706472e-18 	0.129791400819 	0.000553707102917 	234.404435369 	13.2468158149 	34.7335931901 	0.0536604576717 	-1.14204762267e-22
-0.89 	0.0790794979079 	4.45392313096e-19 	0.129790295978 	0.000553708148999 	234.401997176 	13.2479599596 	34.7325098307 	0.0533783514686 	-7.16710674413e-23
-0.89 	0.0805439330544 	-2.70903125098e-19 	0.129789206143 	0.000553709092601 	234.399629476 	13.2491168346 	34.7314354094 	0.0530927135604 	-4.23453609098e-23
-0.89 	0.0820083682008 	-7.36223046143e-19 	0.129788131029 	0.000553709941809 	234.397328329 	13.2502864898 	34.7303697875 	0.0528035038907 	-1.21869347057e-22
-0.89 	0.0834728033473 	-7.17791775372e-19 	0.129787070357 	0.000553710704065 	234.39509008 	13.2514689703 	34.7293128317 	0.05251068219 	2.48459072208e-22
-0.89 	0.0849372384937 	-3.00527307578e-19 	0.129786023853 	0.000553711386214 	234.392911333 	13.2526643162 	34.7282644134 	0.0522142079973 	-4.88630830909e-24
-0.89 	0.0864016736402 	2.25356781237e-19 	0.129784991248 	0.000553711994565 	234.390788933 	13.2538725623 	34.7272244092 	0.051914040643 	-1.08059827757e-22
-0.89 	0.0878661087866 	1.29904022032e-18 	0.129783972279 	0.00055371253492 	234.388719947 	13.2550937379 	34.7261927005 	0.0516101392786 	-1.94459727355e-22
-0.89 	0.0893305439331 	-6.74652325129e-21 	0.12978296669 	0.000553713012634 	234.386701646 	13.2563278663 	34.7251691736 	0.051302462858 	9.41376177005e-23
-0.89 	0.0907949790795 	9.91824778297e-19 	0.12978197423 	0.000553713432635 	234.384731489 	13.2575749645 	34.7241537194 	0.0509909701588 	-6.5439955218e-23
-0.89 	0.0922594142259 	3.91699682436e-19 	0.129780994656 	0.000553713799472 	234.382807111 	13.258835043 	34.7231462337 	0.05067561978 	-1.29608000323e-22
-0.89 	0.0937238493724 	-4.53965559828e-19 	0.12978002773 	0.000553714117336 	234.380926307 	13.2601081055 	34.7221466167 	0.0503563701466 	-2.00214430905e-22
-0.89 	0.0951882845188 	6.05956687906e-19 	0.129779073222 	0.000553714390098 	234.379087023 	13.2613941484 	34.7211547733 	0.0500331795184 	8.8513333287e-24
-0.89 	0.0966527196653 	9.04398218617e-19 	0.129778130907 	0.000553714621327 	234.37728734 	13.2626931603 	34.7201706131 	0.0497060059899 	-1.24661723443e-23
-0.89 	0.0981171548117 	6.55014633005e-19 	0.129777200568 	0.000553714814321 	234.375525472 	13.264005122 	34.7191940498 	0.0493748074982 	1.61288071864e-22
-0.89 	0.0995815899582 	2.80832461348e-19 	0.129776281993 	0.000553714972123 	234.373799746 	13.265330006 	34.7182250021 	0.0490395418288 	1.84342409883e-22
-0.89 	0.101046025105 	-1.46702350463e-19 	0.129775374977 	0.000553715097545 	234.372108604 	13.2666677759 	34.7172633926 	0.0487001666129 	-1.68857562944e-22
-0.89 	0.102510460251 	7.23277040507e-19 	0.129774479323 	0.000553715193183 	234.370450586 	13.2680183863 	34.7163091488 	0.0483566393438 	6.91257193442e-23
-0.89 	0.103974895397 	1.09626314571e-18 	0.129773594838 	0.00055371526144 	234.368824331 	13.2693817819 	34.7153622021 	0.0480089173674 	1.73095959949e-22
-0.89 	0.105439330544 	5.6719304302e-19 	0.129772721336 	0.000553715304534 	234.367228562 	13.2707578979 	34.7144224886 	0.0476569578993 	2.55162447967e-23
-0.89 	0.10690376569 	7.66706799873e-19 	0.129771858638 	0.000553715324517 	234.365662086 	13.2721466586 	34.7134899488 	0.0473007180158 	-3.68366708192e-23
-0.89 	0.108368200837 	-5.25869552214e-19 	0.129771858638 	0.000553715324517 	234.365662086 	13.2721466586 	34.7134899488 	0.0473007180158 	-3.68366708192e-23
-0.89 	0.109832635983 	-5.64364822306e-19 	0.129771006568 	0.000553715323286 	234.364123785 	13.2735479778 	34.7125645272 	0.0469401546721 	-4.54441996197e-23
-0.89 	0.11129707113 	3.16225099129e-19 	0.129770164961 	0.000553715302597 	234.362612614 	13.2749617576 	34.7116461729 	0.0465752246874 	-1.18234244212e-22
-0.89 	0.112761506276 	7.43330478286e-19 	0.129769333652 	0.000553715264072 	234.361127591 	13.2763878888 	34.7107348392 	0.0462058847694 	-1.16587861308e-22
-0.89 	0.114225941423 	1.11375430127e-18 	0.129768512487 	0.000553715209217 	234.359667799 	13.2778262493 	34.7098304839 	0.0458320914929 	-2.72918817555e-22
-0.89 	0.115690376569 	-4.56149889316e-19 	0.129767701312 	0.000553715139417 	234.358232373 	13.2792767048 	34.7089330689 	0.0454538013259 	-2.99412848298e-24
-0.89 	0.117154811715 	8.2217775523e-20 	0.129767701312 	0.000553715139417 	234.358232373 	13.2792767048 	34.7089330689 	0.0454538013259 	-2.99412848298e-24
-0.89 	0.118619246862 	5.6142506974e-19 	0.129766899983 	0.000553715055966 	234.356820508 	13.2807391073 	34.7080425606 	0.0450709706084 	-5.04117213447e-23
-0.89 	0.120083682008 	-1.18859502508e-19 	0.129766108359 	0.000553714960049 	234.355431443 	13.2822132952 	34.7071589296 	0.0446835555745 	2.21093853692e-22
-0.89 	0.121548117155 	2.4148997079e-18 	0.129765326304 	0.000553714852775 	234.354064468 	13.2836990925 	34.7062821512 	0.0442915123323 	1.186855265e-22
-0.89 	0.123012552301 	-1.65300628976e-18 	0.129764553688 	0.000553714735161 	234.352718914 	13.2851963086 	34.7054122047 	0.0438947968837 	9.95550596374e-23
-0.89 	0.124476987448 	8.83266495894e-19 	0.129764553688 	0.000553714735161 	234.352718914 	13.2851963086 	34.7054122047 	0.0438947968837 	9.95550596374e-23
-0.89 	0.125941422594 	5.91891294341e-19 	0.129763790386 	0.000553714608159 	234.351394155 	13.2867047369 	34.704549074 	0.0434933651025 	-2.84467898639e-22
-0.89 	0.127405857741 	-1.17589564682e-18 	0.129763036276 	0.000553714472641 	234.3500896 	13.2882241556 	34.7036927475 	0.0430871727537 	6.31983142618e-23
-0.89 	0.128870292887 	2.72619007811e-19 	0.129762291244 	0.000553714329424 	234.348804697 	13.2897543257 	34.702843218 	0.042676175468 	-1.44553606699e-22
-0.89 	0.130334728033 	3.81199886242e-19 	0.129762291244 	0.000553714329424 	234.348804697 	13.2897543257 	34.702843218 	0.042676175468 	-1.44553606699e-22
-0.89 	0.13179916318 	4.55736859248e-19 	0.129761555177 	0.000553714179257 	234.347538926 	13.2912949915 	34.7020004828 	0.0422603287609 	-6.03196654659e-23
-0.89 	0.133263598326 	4.28805804886e-19 	0.129760827971 	0.000553714022842 	234.3462918 	13.2928458794 	34.7011645438 	0.0418395880031 	2.90472103093e-22
-0.89 	0.134728033473 	1.10536851133e-18 	0.12976010952 	0.000553713860822 	234.345062858 	13.2944066977 	34.7003354074 	0.0414139084398 	-1.8284973633e-22
-0.89 	0.136192468619 	2.62245339713e-21 	0.12976010952 	0.000553713860822 	234.345062858 	13.2944066977 	34.7003354074 	0.0414139084398 	-1.8284973633e-22
-0.89 	0.137656903766 	4.52058663719e-19 	0.12975939973 	0.000553713693803 	234.343851672 	13.2959771355 	34.6995130848 	0.0409832451558 	4.05920690581e-22
-0.89 	0.139121338912 	9.92673166719e-19 	0.129758698504 	0.000553713522335 	234.342657836 	13.2975568626 	34.6986975919 	0.0405475530921 	-1.14813988317e-23
-0.89 	0.140585774059 	4.47995549783e-19 	0.129758698504 	0.000553713522335 	234.342657836 	13.2975568626 	34.6986975919 	0.0405475530921 	-1.14813988317e-23
-0.89 	0.142050209205 	-2.92163388594e-19 	0.129758005756 	0.00055371334694 	234.341480973 	13.2991455283 	34.6978889492 	0.0401067870127 	-1.47004488577e-22
-0.89 	0.143514644351 	-2.22517720194e-18 	0.129757321399 	0.000553713168092 	234.340320722 	13.3007427617 	34.6970871823 	0.0396609015083 	-2.51726523766e-22
-0.89 	0.144979079498 	7.4920037821e-20 	0.129757321399 	0.000553713168092 	234.340320722 	13.3007427617 	34.6970871823 	0.0396609015083 	-2.51726523766e-22
-0.89 	0.146443514644 	3.1994283317e-19 	0.129756645354 	0.000553712986242 	234.339176754 	13.3023481697 	34.6962923214 	0.0392098509731 	-1.00077171796e-22
-0.89 	0.147907949791 	1.4278202e-19 	0.129755977542 	0.000553712801797 	234.338048752 	13.3039613378 	34.6955044019 	0.0387535895893 	-1.59021001734e-22
-0.89 	0.149372384937 	-3.1800860974e-20 	0.129755977542 	0.000553712801797 	234.338048752 	13.3039613378 	34.6955044019 	0.0387535895893 	-1.59021001734e-22
-0.89 	0.150836820084 	2.29601724558e-19 	0.129755317893 	0.000553712615146 	234.336936425 	13.3055818281 	34.6947234641 	0.038292071314 	2.47977074331e-22
-0.89 	0.15230125523 	3.00866691386e-20 	0.129754666335 	0.000553712426639 	234.335839495 	13.3072091797 	34.6939495537 	0.0378252498497 	-8.70983807346e-23
-0.89 	0.153765690377 	-7.97562207228e-20 	0.129754666335 	0.000553712426639 	234.335839495 	13.3072091797 	34.6939495537 	0.0378252498497 	-8.70983807346e-23
-0.89 	0.155230125523 	-1.84575004082e-19 	0.129754022808 	0.000553712236615 	234.334757709 	13.308842907 	34.6931827213 	0.0373530786308 	8.47144990676e-23
-0.89 	0.156694560669 	1.43527435753e-18 	0.129753387245 	0.000553712045373 	234.333690823 	13.3104825003 	34.692423023 	0.0368755107897 	4.0923296618e-23
-0.89 	0.158158995816 	1.26765592873e-19 	0.129753387245 	0.000553712045373 	234.333690823 	13.3104825003 	34.692423023 	0.0368755107897 	4.0923296618e-23
-0.89 	0.159623430962 	-1.77977349158e-19 	0.129752759595 	0.000553711853206 	234.332638617 	13.3121274236 	34.6916705204 	0.0363924991342 	-2.7376445629e-22
-0.89 	0.161087866109 	-3.31896218003e-19 	0.129752759595 	0.000553711853206 	234.332638617 	13.3121274236 	34.6916705204 	0.0363924991342 	-2.7376445629e-22
-0.89 	0.162552301255 	-8.72231972614e-19 	0.1297521398 	0.00055371166037 	234.33160088 	13.3137771152 	34.6909252805 	0.0359039961142 	5.73696550758e-24
-0.89 	0.164016736402 	7.84855849381e-19 	0.129751527813 	0.00055371146709 	234.33057743 	13.3154309859 	34.6901873761 	0.0354099537868 	3.22117280274e-22
-0.89 	0.165481171548 	-3.71001691068e-19 	0.129751527813 	0.00055371146709 	234.33057743 	13.3154309859 	34.6901873761 	0.0354099537868 	3.22117280274e-22
-0.89 	0.166945606695 	-4.81451163924e-19 	0.129750923573 	0.000553711273413 	234.329568139 	13.3170884192 	34.6894568857 	0.0349103237806 	-2.4286046592e-22
-0.89 	0.168410041841 	-6.96618890402e-19 	0.129750923573 	0.000553711273413 	234.329568139 	13.3170884192 	34.6894568857 	0.0349103237806 	-2.4286046592e-22
-0.89 	0.169874476987 	-7.0599830607e-19 	0.129750326994 	0.000553711078663 	234.328573139 	13.3187487696 	34.6887338936 	0.0344050572535 	2.01441046657e-22
-0.89 	0.171338912134 	3.03539272413e-20 	0.129749737855 	0.000553710879018 	234.327593644 	13.3204113629 	34.6880184905 	0.0338941048496 	-1.98473054888e-22
-0.89 	0.17280334728 	5.72485823894e-19 	0.129749737855 	0.000553710879018 	234.327593644 	13.3204113629 	34.6880184905 	0.0338941048496 	-1.98473054888e-22
-0.89 	0.174267782427 	2.47235484009e-19 	0.129749155605 	0.000553710659648 	234.326634938 	13.3220754945 	34.6873107729 	0.0333774166473 	3.33932664412e-22
-0.89 	0.175732217573 	-7.55622311296e-19 	0.129749155605 	0.000553710659648 	234.326634938 	13.3220754945 	34.6873107729 	0.0333774166473 	3.33932664412e-22
-0.89 	0.17719665272 	3.91097884699e-20 	0.12974857931 	0.000553710371554 	234.325716071 	13.3237404293 	34.6866108439 	0.032854942115 	-2.35637914295e-22
-0.89 	0.178661087866 	-1.22643276206e-19 	0.12974857931 	0.000553710371554 	234.325716071 	13.3237404293 	34.6866108439 	0.032854942115 	-2.35637914295e-22
-0.89 	0.180125523013 	-2.84571307747e-19 	0.129748009601 	0.00055371005608 	234.324820682 	13.3254054002 	34.6859188131 	0.0323266300394 	-3.52787288146e-22
-0.89 	0.181589958159 	1.95296561919e-19 	0.129747446998 	0.00055370973027 	234.323942502 	13.3270696081 	34.6852347967 	0.031792428485 	6.52526478732e-22
-0.89 	0.183054393305 	-4.73227417891e-19 	0.129747446998 	0.00055370973027 	234.323942502 	13.3270696081 	34.6852347967 	0.031792428485 	6.52526478732e-22
-0.89 	0.184518828452 	4.03504498596e-19 	0.129746891705 	0.000553709399002 	234.32307983 	13.3287322204 	34.6845589177 	0.0312522847071 	5.58271679253e-23
-0.89 	0.185983263598 	4.68749658175e-19 	0.129746891705 	0.000553709399002 	234.32307983 	13.3287322204 	34.6845589177 	0.0312522847071 	5.58271679253e-23
-0.89 	0.187447698745 	-7.41371876694e-19 	0.129746343741 	0.000553709062691 	234.322232529 	13.3303923707 	34.6838913065 	0.0307061450949 	9.16142480663e-23
-0.89 	0.188912133891 	-6.57635041805e-19 	0.129746343741 	0.000553709062691 	234.322232529 	13.3303923707 	34.6838913065 	0.0307061450949 	9.16142480663e-23
-0.89 	0.190376569038 	1.95419918481e-19 	0.129745803076 	0.000553708720422 	234.321400929 	13.3320491574 	34.6832321004 	0.0301539550881 	9.52587932726e-23
-0.89 	0.191841004184 	-1.86828184942e-19 	0.129745803076 	0.000553708720422 	234.321400929 	13.3320491574 	34.6832321004 	0.0301539550881 	9.52587932726e-23
-0.89 	0.193305439331 	4.46995939894e-19 	0.129745269655 	0.000553708370825 	234.320585513 	13.3337016435 	34.6825814445 	0.029595659094 	-1.18448049129e-22
-0.89 	0.194769874477 	-8.03235747476e-19 	0.129745269655 	0.000553708370825 	234.320585513 	13.3337016435 	34.6825814445 	0.029595659094 	-1.18448049129e-22
-0.89 	0.196234309623 	3.86321734915e-19 	0.129744743425 	0.000553708012269 	234.319786873 	13.335348855 	34.6819394913 	0.0290312004069 	-2.43388154495e-22
-0.89 	0.19769874477 	3.12144992047e-19 	0.129744743425 	0.000553708012269 	234.319786873 	13.335348855 	34.6819394913 	0.0290312004069 	-2.43388154495e-22
-0.89 	0.199163179916 	5.85856050562e-19 	0.129744224321 	0.000553707642838 	234.319005705 	13.3369897808 	34.6813064015 	0.0284605210989 	-5.48838653298e-22
-0.89 	0.200627615063 	2.19287722374e-21 	0.129744224321 	0.000553707642838 	234.319005705 	13.3369897808 	34.6813064015 	0.0284605210989 	-5.48838653298e-22
-0.89 	0.202092050209 	2.64973322662e-19 	0.12974371228 	0.000553707260304 	234.318242837 	13.3386233709 	34.6806823439 	0.0278835619387 	2.05642193744e-22
-0.89 	0.203556485356 	-6.22794974712e-19 	0.12974371228 	0.000553707260304 	234.318242837 	13.3386233709 	34.6806823439 	0.0278835619387 	2.05642193744e-22
-0.89 	0.205020920502 	-1.02735455255e-18 	0.129743207225 	0.000553706862031 	234.317499244 	13.3402485364 	34.6800674958 	0.0273002622596 	-2.68552807879e-22
-0.89 	0.206485355649 	4.84227779399e-19 	0.129743207225 	0.000553706862031 	234.317499244 	13.3402485364 	34.6800674958 	0.0273002622596 	-2.68552807879e-22
-0.89 	0.207949790795 	-1.33930848832e-19 	0.129742709074 	0.00055370644492 	234.31677609 	13.3418641477 	34.6794620434 	0.0267105598711 	-2.60788044252e-22
-0.89 	0.209414225941 	8.94719488475e-19 	0.129742709074 	0.00055370644492 	234.31677609 	13.3418641477 	34.6794620434 	0.0267105598711 	-2.60788044252e-22
-0.89 	0.210878661088 	2.21728576547e-19 	0.129742217726 	0.000553706005274 	234.316074758 	13.3434690341 	34.6788661817 	0.0261143909047 	5.06030818908e-22
-0.89 	0.212343096234 	3.57215062815e-19 	0.129742217726 	0.000553706005274 	234.316074758 	13.3434690341 	34.6788661817 	0.0261143909047 	5.06030818908e-22
-0.89 	0.213807531381 	5.51367148984e-19 	0.129741733068 	0.000553705538684 	234.31539691 	13.3450619826 	34.6782801153 	0.0255116897201 	3.47639216957e-23
-0.89 	0.215271966527 	-7.87093568539e-20 	0.129741733068 	0.000553705538684 	234.31539691 	13.3450619826 	34.6782801153 	0.0255116897201 	3.47639216957e-23
-0.89 	0.216736401674 	1.36439826173e-20 	0.129741254959 	0.000553705039836 	234.314744538 	13.3466417368 	34.6777040585 	0.0249023887232 	-1.53139600988e-22
-0.89 	0.21820083682 	1.50798444336e-19 	0.129741254959 	0.000553705039836 	234.314744538 	13.3466417368 	34.6777040585 	0.0249023887232 	-1.53139600988e-22
-0.89 	0.219665271967 	6.64206396463e-19 	0.129740783232 	0.000553704502315 	234.314120058 	13.348206996 	34.6771382356 	0.0242864182644 	-3.30930981696e-22
-0.89 	0.221129707113 	-4.00314925876e-19 	0.129740783232 	0.000553704502315 	234.314120058 	13.348206996 	34.6771382356 	0.0242864182644 	-3.30930981696e-22
-0.89 	0.222594142259 	-7.40878509608e-19 	0.129740317679 	0.000553703918292 	234.313526405 	13.3497564141 	34.6765828815 	0.0236637064339 	2.30403407263e-22
-0.89 	0.224058577406 	-1.34455531297e-18 	0.129740317679 	0.000553703918292 	234.313526405 	13.3497564141 	34.6765828815 	0.0236637064339 	2.30403407263e-22
-0.89 	0.225523012552 	-3.26211595692e-19 	0.129740317679 	0.000553703918292 	234.313526405 	13.3497564141 	34.6765828815 	0.0236637064339 	2.30403407263e-22
-0.89 	0.226987447699 	4.78880996306e-19 	0.129739858045 	0.000553703278183 	234.312967175 	13.3512885983 	34.6760382418 	0.0230341789434 	-3.39671798603e-22
-0.89 	0.228451882845 	-6.07932616263e-19 	0.129739858045 	0.000553703278183 	234.312967175 	13.3512885983 	34.6760382418 	0.0230341789434 	-3.39671798603e-22
-0.89 	0.229916317992 	2.04648581054e-19 	0.129739404006 	0.000553702570144 	234.312446793 	13.3528021086 	34.6755045737 	0.0223977589062 	-1.91940416509e-23
-0.89 	0.231380753138 	-4.14769464139e-19 	0.129739404006 	0.000553702570144 	234.312446793 	13.3528021086 	34.6755045737 	0.0223977589062 	-1.91940416509e-23
-0.89 	0.232845188285 	-1.07900568431e-18 	0.129738955157 	0.000553701779446 	234.311970762 	13.3542954554 	34.6749821459 	0.021754366682 	-3.88110235779e-22
-0.89 	0.234309623431 	7.38518790347e-19 	0.129738955157 	0.000553701779446 	234.311970762 	13.3542954554 	34.6749821459 	0.021754366682 	-3.88110235779e-22
-0.89 	0.235774058577 	3.8687675885e-19 	0.129738510976 	0.000553700887613 	234.31154596 	13.3557670999 	34.6744712394 	0.0211039196794 	3.70192809508e-22
-0.89 	0.237238493724 	7.69455378157e-19 	0.129738510976 	0.000553700887613 	234.31154596 	13.3557670999 	34.6744712394 	0.0211039196794 	3.70192809508e-22
-0.89 	0.23870292887 	-1.61889838614e-19 	0.129738510976 	0.000553700887613 	234.31154596 	13.3557670999 	34.6744712394 	0.0211039196794 	3.70192809508e-22
-0.89 	0.240167364017 	-7.66652667967e-19 	0.129738070799 	0.000553699871281 	234.311181071 	13.3572154511 	34.673972148 	0.0204463320883 	9.8772157867e-23
-0.89 	0.241631799163 	-9.12789467077e-19 	0.129738070799 	0.000553699871281 	234.311181071 	13.3572154511 	34.673972148 	0.0204463320883 	9.8772157867e-23
-0.89 	0.24309623431 	1.17627872919e-18 	0.12973763376 	0.000553698700625 	234.310887156 	13.3586388667 	34.6734851789 	0.0197815148373 	-3.04485579388e-22
-0.89 	0.244560669456 	-1.43869493319e-19 	0.12973763376 	0.000553698700625 	234.310887156 	13.3586388667 	34.6734851789 	0.0197815148373 	-3.04485579388e-22
-0.89 	0.246025104603 	-1.17423047763e-18 	0.129737198731 	0.000553697337204 	234.310678441 	13.3600356488 	34.673010653 	0.0191093749798 	9.46602623922e-22
-0.89 	0.247489539749 	1.13369938285e-18 	0.129737198731 	0.000553697337204 	234.310678441 	13.3600356488 	34.673010653 	0.0191093749798 	9.46602623922e-22
-0.89 	0.248953974895 	1.20522854198e-19 	0.129737198731 	0.000553697337204 	234.310678441 	13.3600356488 	34.673010653 	0.0191093749798 	9.46602623922e-22
-0.89 	0.250418410042 	3.263670108e-19 	0.12973676422 	0.000553695730941 	234.310573425 	13.3614040469 	34.6725489059 	0.0184298161966 	5.63446209708e-22
-0.89 	0.251882845188 	8.33092607943e-19 	0.12973676422 	0.000553695730941 	234.310573425 	13.3614040469 	34.6725489059 	0.0184298161966 	5.63446209708e-22
-0.89 	0.253347280335 	-1.85335313438e-19 	0.129736328239 	0.000553693815857 	234.310596442 	13.3627422497 	34.6721002884 	0.0177427371781 	8.03664192135e-22
-0.89 	0.254811715481 	-3.70607761411e-19 	0.129736328239 	0.000553693815857 	234.310596442 	13.3627422497 	34.6721002884 	0.0177427371781 	8.03664192135e-22
-0.89 	0.256276150628 	-9.82028956782e-20 	0.129736328239 	0.000553693815857 	234.310596442 	13.3627422497 	34.6721002884 	0.0177427371781 	8.03664192135e-22
-0.89 	0.257740585774 	-1.85273633816e-19 	0.12973588811 	0.000553691503922 	234.310779904 	13.3640483948 	34.6716651671 	0.0170480337636 	9.74274024117e-23
-0.89 	0.259205020921 	-1.7511746725e-19 	0.12973588811 	0.000553691503922 	234.310779904 	13.3640483948 	34.6716651671 	0.0170480337636 	9.74274024117e-23
-0.89 	0.260669456067 	7.25497290205e-19 	0.129735440175 	0.000553688676102 	234.311167583 	13.3653205486 	34.6712439255 	0.0163455945099 	3.96238983573e-23
-0.89 	0.262133891213 	2.34612803865e-19 	0.129735440175 	0.000553688676102 	234.311167583 	13.3653205486 	34.6712439255 	0.0163455945099 	3.96238983573e-23
-0.89 	0.26359832636 	-2.41305731854e-19 	0.129735440175 	0.000553688676102 	234.311167583 	13.3653205486 	34.6712439255 	0.0163455945099 	3.96238983573e-23
-0.89 	0.265062761506 	6.4749641124e-19 	0.129734979375 	0.000553685169012 	234.311819489 	13.3665567362 	34.670836964 	0.0156353074367 	-6.35236656174e-22
-0.89 	0.266527196653 	2.19619986522e-19 	0.129734979375 	0.000553685169012 	234.311819489 	13.3665567362 	34.670836964 	0.0156353074367 	-6.35236656174e-22
-0.89 	0.267991631799 	1.0378502904e-18 	0.129734498601 	0.000553680754709 	234.312819251 	13.3677548873 	34.6704447024 	0.0149170479503 	-5.33002988642e-22
-0.89 	0.269456066946 	-1.18355204377e-19 	0.129734498601 	0.000553680754709 	234.312819251 	13.3677548873 	34.6704447024 	0.0149170479503 	-5.33002988642e-22
-0.89 	0.270920502092 	-9.32711764625e-19 	0.129734498601 	0.000553680754709 	234.312819251 	13.3677548873 	34.6704447024 	0.0149170479503 	-5.33002988642e-22
-0.89 	0.272384937238 	-7.14158745126e-19 	0.129733987692 	0.000553675109378 	234.31428557 	13.368912921 	34.6700675783 	0.0141906979608 	-3.11140756711e-22
-0.89 	0.273849372385 	1.75121214671e-19 	0.129733987692 	0.000553675109378 	234.31428557 	13.368912921 	34.6700675783 	0.0141906979608 	-3.11140756711e-22
-0.89 	0.275313807531 	-4.01572266669e-19 	0.129733987692 	0.000553675109378 	234.31428557 	13.368912921 	34.6700675783 	0.0141906979608 	-3.11140756711e-22
-0.89 	0.276778242678 	-4.01846845393e-19 	0.129733431839 	0.00055366776367 	234.316390356 	13.370028604 	34.6697060517 	0.0134561138039 	-2.58595944238e-22
-0.89 	0.278242677824 	1.48323614021e-19 	0.129733431839 	0.00055366776367 	234.316390356 	13.370028604 	34.6697060517 	0.0134561138039 	-2.58595944238e-22
-0.89 	0.279707112971 	5.69639394922e-19 	0.129732808985 	0.000553658021803 	234.319388279 	13.3710997739 	34.669360601 	0.0127131771669 	6.31058617247e-22
-0.89 	0.281171548117 	2.12064258696e-19 	0.129732808985 	0.000553658021803 	234.319388279 	13.3710997739 	34.669360601 	0.0127131771669 	6.31058617247e-22
-0.89 	0.282635983264 	5.47878831854e-19 	0.129732808985 	0.000553658021803 	234.319388279 	13.3710997739 	34.669360601 	0.0127131771669 	6.31058617247e-22
-0.89 	0.28410041841 	2.05409136691e-19 	0.129732085431 	0.00055364482582 	234.32366633 	13.3721239802 	34.6690317316 	0.0119617127922 	6.9138126842e-23
-0.89 	0.285564853556 	-4.21360833083e-19 	0.129732085431 	0.00055364482582 	234.32366633 	13.3721239802 	34.6690317316 	0.0119617127922 	6.9138126842e-23
-0.89 	0.287029288703 	-3.78595570185e-19 	0.129732085431 	0.00055364482582 	234.32366633 	13.3721239802 	34.6690317316 	0.0119617127922 	6.9138126842e-23
-0.89 	0.288493723849 	4.93456943627e-20 	0.129731208212 	0.000553626520045 	234.329829795 	13.3730990431 	34.6687199657 	0.0112016176552 	3.96249795163e-22
-0.89 	0.289958158996 	2.8064431499e-20 	0.129731208212 	0.000553626520045 	234.329829795 	13.3730990431 	34.6687199657 	0.0112016176552 	3.96249795163e-22
-0.89 	0.291422594142 	-3.32684102358e-20 	0.129731208212 	0.000553626520045 	234.329829795 	13.3730990431 	34.6687199657 	0.0112016176552 	3.96249795163e-22
-0.89 	0.292887029289 	5.61150789051e-19 	0.129730091248 	0.00055360042631 	234.338857201 	13.3740221828 	34.6684258613 	0.0104326578794 	-5.35033695782e-22
-0.89 	0.294351464435 	3.48134191298e-19 	0.129730091248 	0.00055360042631 	234.338857201 	13.3740221828 	34.6684258613 	0.0104326578794 	-5.35033695782e-22
-0.89 	0.295815899582 	3.18330591564e-19 	0.129728589135 	0.000553562043663 	234.352392149 	13.3748913508 	34.6681499869 	0.00965478217655 	2.85252985587e-22
-0.89 	0.297280334728 	1.43724781241e-18 	0.129728589135 	0.000553562043663 	234.352392149 	13.3748913508 	34.6681499869 	0.00965478217655 	2.85252985587e-22
-0.89 	0.298744769874 	8.10742057679e-20 	0.129728589135 	0.000553562043663 	234.352392149 	13.3748913508 	34.6681499869 	0.00965478217655 	2.85252985587e-22
-0.89 	0.300209205021 	2.22982467196e-19 	0.129726444705 	0.000553503461048 	234.373321639 	13.3757032064 	34.6678929633 	0.00886764054149 	2.26244905409e-22
-0.89 	0.301673640167 	1.62088372894e-18 	0.129726444705 	0.000553503461048 	234.373321639 	13.3757032064 	34.6678929633 	0.00886764054149 	2.26244905409e-22
-0.89 	0.303138075314 	-4.15282994022e-20 	0.129726444705 	0.000553503461048 	234.373321639 	13.3757032064 	34.6678929633 	0.00886764054149 	2.26244905409e-22
-0.89 	0.30460251046 	6.3937776691e-19 	0.12972317759 	0.000553410016072 	234.406992687 	13.3764561502 	34.6676554052 	0.00807131306414 	-2.96354239462e-22
-0.89 	0.306066945607 	-8.17260828661e-19 	0.12972317759 	0.000553410016072 	234.406992687 	13.3764561502 	34.6676554052 	0.00807131306414 	-2.96354239462e-22
-0.89 	0.307531380753 	7.69702553504e-19 	0.12972317759 	0.000553410016072 	234.406992687 	13.3764561502 	34.6676554052 	0.00807131306414 	-2.96354239462e-22
-0.89 	0.3089958159 	-7.30992114934e-19 	0.12971782922 	0.000553252755312 	234.463955172 	13.3771458215 	34.6674380114 	0.00726521497132 	-6.6907677716e-23
-0.89 	0.310460251046 	1.11440532922e-19 	0.12971782922 	0.000553252755312 	234.463955172 	13.3771458215 	34.6674380114 	0.00726521497132 	-6.6907677716e-23
-0.89 	0.311924686192 	5.54604436303e-19 	0.12971782922 	0.000553252755312 	234.463955172 	13.3771458215 	34.6674380114 	0.00726521497132 	-6.6907677716e-23
-0.89 	0.313389121339 	2.05820224954e-19 	0.129708332043 	0.000552970065059 	234.566643367 	13.3777717149 	34.6672414388 	0.00644972205966 	1.06645043485e-21
-0.89 	0.314853556485 	-7.81929893097e-19 	0.129708332043 	0.000552970065059 	234.566643367 	13.3777717149 	34.6672414388 	0.00644972205966 	1.06645043485e-21
-0.89 	0.316317991632 	2.58675372651e-19 	0.129708332043 	0.000552970065059 	234.566643367 	13.3777717149 	34.6672414388 	0.00644972205966 	1.06645043485e-21
-0.89 	0.317782426778 	-2.10451747801e-19 	0.129689843969 	0.00055241970882 	234.766866386 	13.3783275937 	34.6670664875 	0.00562377920894 	4.42742087017e-22
-0.89 	0.319246861925 	9.57463367507e-20 	0.129689843969 	0.00055241970882 	234.766866386 	13.3783275937 	34.6670664875 	0.00562377920894 	4.42742087017e-22
-0.89 	0.320711297071 	-1.52706822513e-19 	0.129689843969 	0.00055241970882 	234.766866386 	13.3783275937 	34.6670664875 	0.00562377920894 	4.42742087017e-22
-0.89 	0.322175732218 	-1.21652970375e-18 	0.129650407443 	0.000551252157681 	235.192562308 	13.3788153315 	34.6669138411 	0.00478838033015 	-5.02454563165e-22
-0.89 	0.323640167364 	-8.83200224465e-19 	0.129650407443 	0.000551252157681 	235.192562308 	13.3788153315 	34.6669138411 	0.00478838033015 	-5.02454563165e-22
-0.89 	0.32510460251 	-1.24359772036e-19 	0.129650407443 	0.000551252157681 	235.192562308 	13.3788153315 	34.6669138411 	0.00478838033015 	-5.02454563165e-22
-0.89 	0.326569037657 	-2.53696515854e-19 	0.129562396094 	0.000548637850724 	236.152857341 	13.3792254 	34.6667844232 	0.00394155409127 	9.70452919124e-23
-0.89 	0.328033472803 	-4.44495519825e-19 	0.129562396094 	0.000548637850724 	236.152857341 	13.3792254 	34.6667844232 	0.00394155409127 	9.70452919124e-23
-0.89 	0.32949790795 	-1.02905300886e-19 	0.129562396094 	0.000548637850724 	236.152857341 	13.3792254 	34.6667844232 	0.00394155409127 	9.70452919124e-23
-0.89 	0.330962343096 	-6.95989344945e-19 	0.129387950992 	0.000543346207746 	238.131690527 	13.3795644181 	34.6666788671 	0.00308553367556 	-6.57371300515e-22
-0.89 	0.332426778243 	5.18337666562e-19 	0.129387950992 	0.000543346207746 	238.131690527 	13.3795644181 	34.6666788671 	0.00308553367556 	-6.57371300515e-22
-0.89 	0.333891213389 	1.82775233732e-19 	0.129387950992 	0.000543346207746 	238.131690527 	13.3795644181 	34.6666788671 	0.00308553367556 	-6.57371300515e-22
-0.89 	0.335355648536 	2.24226357938e-19 	0.129387950992 	0.000543346207746 	238.131690527 	13.3795644181 	34.6666788671 	0.00308553367556 	-6.57371300515e-22
-0.89 	0.336820083682 	-4.01004119911e-19 	0.12921588458 	0.000538608708616 	239.906786713 	13.3798149579 	34.6665983583 	0.0022165614505 	-3.06304376524e-22
-0.89 	0.338284518828 	5.2041793831e-19 	0.12921588458 	0.000538608708616 	239.906786713 	13.3798149579 	34.6665983583 	0.0022165614505 	-3.06304376524e-22
-0.89 	0.339748953975 	1.05474684924e-19 	0.12921588458 	0.000538608708616 	239.906786713 	13.3798149579 	34.6665983583 	0.0022165614505 	-3.06304376524e-22
-0.89 	0.341213389121 	1.02153078473e-18 	0.129184021602 	0.000538011342552 	240.113936984 	13.3799899748 	34.6665435926 	0.00133920182088 	3.36873068953e-22
-0.89 	0.342677824268 	1.5109351659e-19 	0.129184021602 	0.000538011342552 	240.113936984 	13.3799899748 	34.6665435926 	0.00133920182088 	3.36873068953e-22
-0.89 	0.344142259414 	1.6652471933e-19 	0.129184021602 	0.000538011342552 	240.113936984 	13.3799899748 	34.6665435926 	0.00133920182088 	3.36873068953e-22
-0.89 	0.345606694561 	2.41264389218e-20 	0.129180661384 	0.000537966290512 	240.1277992 	13.3800635147 	34.6665127742 	0.000446644107401 	6.72489061693e-22
-0.89 	0.347071129707 	-5.05836838842e-19 	0.129180661384 	0.000537966290512 	240.1277992 	13.3800635147 	34.6665127742 	0.000446644107401 	6.72489061693e-22
-0.89 	0.348535564854 	-2.60428093345e-19 	0.129180661384 	0.000537966290512 	240.1277992 	13.3800635147 	34.6665127742 	0.000446644107401 	6.72489061693e-22
-0.89 	0.35 	-4.05827254959e-19 	0.129180661384 	0.000537966290512 	240.1277992 	13.3800635147 	34.6665127742 	0.000446644107401 	6.72489061693e-22
