0.462 	0 	0 	3.9424371826 	4.02978102892e-05 	97832.5411308 	76.8708514243 	14.3306737204 	-0.00437538053682 	-3.62794761418e-22
0.462 	0.00146443514644 	-6.30847308581e-19 	6.28376253847 	0.000891399839664 	7049.31979889 	74.0312690736 	21.5992703869 	-0.0998982953353 	6.32499293456e-22
0.462 	0.00292887029289 	2.61930474396e-18 	7.55543796037 	0.00141405263044 	5343.10944141 	73.7424595987 	23.8524104224 	-0.219138313234 	3.62156542265e-22
0.462 	0.00439330543933 	2.56917238513e-18 	7.31199493466 	0.00143441218457 	5024.68621371 	73.3820268494 	26.2386401468 	-0.33106180358 	-7.21601896017e-21
0.462 	0.00585774058577 	2.45667734787e-18 	5.6109671413 	0.0012078575269 	4403.8776023 	72.9724415683 	28.2723569649 	-0.408345681637 	-2.91016688079e-20
0.462 	0.00732217573222 	-3.83086277686e-21 	3.36230100432 	0.000932809531555 	3604.48825894 	72.401579241 	29.9842274993 	-0.474992253551 	1.19215195113e-20
0.462 	0.00878661087866 	3.33219031593e-18 	1.44394386575 	0.000553363485981 	2609.3949137 	71.6588924328 	31.2036074678 	-0.534282565459 	4.67716829312e-20
0.462 	0.0102510460251 	3.25199632622e-18 	0.513201302658 	0.000365921979514 	1402.48832098 	70.738173133 	31.6619171677 	-0.587475162448 	-7.27064327532e-21
0.462 	0.0117154811715 	5.6618299722e-18 	0.329989226976 	0.000395509631358 	834.339294956 	69.6773706705 	31.6959815357 	-0.637144351972 	1.62307215998e-20
0.462 	0.013179916318 	9.95851807346e-19 	0.31198491368 	0.000437700358822 	712.781946351 	68.8038368398 	31.694768639 	-0.673886863591 	1.05683568645e-20
0.462 	0.0146443514644 	-1.75244821478e-18 	0.310764513664 	0.000467907734209 	664.157676704 	67.8612409349 	31.7055160032 	-0.710538722098 	1.12750404544e-20
0.462 	0.0161087866109 	1.7726599577e-18 	0.312122226596 	0.000489825800887 	637.210669652 	66.8449119102 	31.7279422884 	-0.747053121938 	2.70877263549e-20
0.462 	0.0175732217573 	2.52623152089e-18 	0.313847644789 	0.000513143698767 	611.617458313 	65.367603421 	31.7710758382 	-0.79533310007 	1.20862568263e-20
0.462 	0.0190376569038 	1.02410160479e-18 	0.314569853037 	0.000523953382858 	600.377559013 	64.5739518929 	31.7969547253 	-0.819218021264 	-2.86726964817e-20
0.462 	0.0205020920502 	2.51892679672e-20 	0.315613734786 	0.000540168673112 	584.287372624 	63.3117228834 	31.8402169576 	-0.854621617423 	-2.4484212867e-20
0.462 	0.0219665271967 	-2.06584073662e-18 	0.316722057747 	0.000556871204804 	568.752801392 	61.9604451005 	31.8882463371 	-0.889398106751 	-5.12683185564e-20
0.462 	0.0234309623431 	-1.10204117223e-19 	0.317977551345 	0.000574311400438 	553.667489628 	60.5170713292 	31.9406200046 	-0.923404920506 	-7.92298516637e-21
0.462 	0.0248953974895 	3.47580873346e-19 	0.318929256557 	0.000586416009278 	543.861783292 	59.5022910773 	31.9778147226 	-0.945573499145 	-6.94928285913e-20
0.462 	0.026359832636 	-2.38505195603e-19 	0.319993910554 	0.000598942142925 	534.265144529 	58.444622408 	32.0167854407 	-0.967284750432 	-2.55673220414e-20
0.462 	0.0278242677824 	-3.80756450668e-19 	0.321835395369 	0.00061859360045 	520.269519657 	56.7762662499 	32.0785695245 	-0.99888572605 	4.23932088242e-20
0.462 	0.0292887029289 	5.88350310465e-19 	0.323241005329 	0.000632315732275 	511.201902514 	55.6086164117 	32.122020329 	-1.01923424092 	-3.11603102103e-20
0.462 	0.0307531380753 	-9.1637074728e-20 	0.32479452768 	0.00064656839997 	502.335913254 	54.3960588872 	32.1673447022 	-1.03894621798 	-1.54836317221e-20
0.462 	0.0322175732218 	-1.06594937741e-18 	0.327398062636 	0.00066899032159 	489.391329098 	52.492143742 	32.2390308138 	-1.0672036252 	6.98446135448e-20
0.462 	0.0336820083682 	-9.64885327716e-19 	0.329302598972 	0.000684649555712 	480.979789185 	51.1656901907 	32.2894585419 	-1.08509059257 	3.60160257941e-21
0.462 	0.0351464435146 	-9.12407405685e-19 	0.331320590801 	0.000700870924622 	472.726973202 	49.7932306376 	32.3421696447 	-1.10215566397 	5.35419546808e-20
0.462 	0.0366108786611 	-1.07777770476e-19 	0.333422228052 	0.000717626187892 	464.618256243 	48.3746243999 	32.3973369629 	-1.11834836922 	1.11439052693e-20
0.462 	0.0380753138075 	5.95225774055e-19 	0.335567296406 	0.000734864258229 	456.638477989 	46.9098061377 	32.4551417789 	-1.13362024421 	4.65192285479e-20
0.462 	0.039539748954 	1.42062459778e-19 	0.33664092145 	0.000743641936379 	452.692223208 	46.1600674966 	32.4850891507 	-1.14089639456 	-3.95310146673e-20
0.462 	0.0410041841004 	-1.66430836168e-18 	0.338755417121 	0.000761457089066 	444.877882135 	44.6259720396 	32.5471787699 	-1.15470180671 	1.95147789383e-20
0.462 	0.0424686192469 	-4.22487493788e-18 	0.340774581481 	0.000779525805968 	437.156254318 	43.0458284392 	32.6123190652 	-1.16747766965 	1.12331054214e-20
0.462 	0.0439330543933 	1.79719805098e-18 	0.342631548298 	0.000797718588438 	429.514309011 	41.419835269 	32.6806314898 	-1.17918760373 	4.67486517354e-21
0.462 	0.0453974895397 	3.33820960472e-19 	0.344255680259 	0.000815887615714 	421.940073153 	39.7482704192 	32.7521954712 	-1.18980078438 	-7.13271456282e-21
0.462 	0.0468619246862 	-2.31538042412e-18 	0.344957973988 	0.000824912918201 	418.17501748 	38.8955081132 	32.789207602 	-1.19468818686 	1.82636612028e-20
0.462 	0.0483263598326 	-1.09044903632e-18 	0.346098833313 	0.000842738426746 	410.683579066 	37.1562905106 	32.8656827642 	-1.20361248215 	-2.79430185984e-21
0.462 	0.0497907949791 	-5.01392427765e-19 	0.346831954146 	0.00086011611838 	403.238524118 	35.3725720674 	32.9453720242 	-1.21139146756 	-1.13239713109e-20
0.462 	0.0512552301255 	7.91459084839e-20 	0.347025837378 	0.000868580390474 	399.532203563 	34.4642066005 	32.9863894894 	-1.21484871947 	2.52516679772e-20
0.462 	0.052719665272 	-2.79180548513e-19 	0.347031960872 	0.000884943773163 	392.151424074 	32.6148830574 	33.0706804853 	-1.22089637124 	2.30587427065e-20
0.462 	0.0541841004184 	-7.04805579929e-19 	0.346830732606 	0.00089279524715 	388.477351009 	31.6741135732 	33.1139116659 	-1.22348676554 	-1.94183887971e-20
0.462 	0.0556485355649 	-4.35983499559e-19 	0.345987884878 	0.000907713484455 	381.164200822 	29.7608846467 	33.202429739 	-1.22780276148 	-1.04663712651e-20
0.462 	0.0571129707113 	-6.66044727066e-19 	0.345333831642 	0.000914727293511 	377.526541617 	28.7886574853 	33.2476690129 	-1.22952994846 	9.62462173979e-21
0.462 	0.0585774058577 	-3.95226851064e-19 	0.343528506382 	0.000927719347682 	370.29356695 	26.8136138791 	33.3399936814 	-1.23212843021 	4.88006274999e-20
0.462 	0.0600418410042 	7.85226602621e-19 	0.342363530091 	0.000933632905395 	366.700368114 	25.81107362 	33.387038432 	-1.2330027624 	-6.41581782571e-21
0.462 	0.0615062761506 	-4.13960216984e-19 	0.341013792816 	0.000939110462032 	363.124261313 	24.7987167889 	33.4346492092 	-1.23359633825 	-3.31824825188e-20
0.462 	0.0629707112971 	-2.55008882036e-18 	0.337727475435 	0.000948596384793 	356.028634358 	22.7451798033 	33.5315287689 	-1.23395106164 	-2.47836510977e-20
0.462 	0.0644351464435 	1.30934057231e-18 	0.335773549927 	0.000952516574766 	352.512028475 	21.704327622 	33.5807938978 	-1.23371841856 	-4.58073824912e-21
0.462 	0.06589958159 	3.00634146892e-19 	0.333600256178 	0.000955824699041 	349.018242062 	20.6543135681 	33.6306214099 	-1.23321768194 	6.86833144811e-21
0.462 	0.0673640167364 	-5.55456164653e-19 	0.328556143867 	0.000960398497424 	342.103975327 	18.5275056218 	33.7320624998 	-1.23143233875 	-1.57998203228e-20
0.462 	0.0688284518828 	-4.66582168057e-19 	0.325663668157 	0.000961555308168 	338.684280967 	17.4510713218 	33.7837467969 	-1.23015964567 	3.70579849379e-21
0.462 	0.0702928870293 	6.36098492631e-19 	0.322508104341 	0.000961883379042 	335.288155891 	16.3661929013 	33.8361224043 	-1.22864199507 	-4.9924910838e-21
0.462 	0.0717573221757 	1.93009760581e-18 	0.319076351747 	0.000961326223346 	331.912668143 	15.2730547759 	33.8892094981 	-1.22688506357 	-7.90125445845e-21
0.462 	0.0732217573222 	1.20520421341e-18 	0.311336514089 	0.000957353800456 	325.205283502 	13.0627582173 	33.9974198242 	-1.22266754276 	3.25010356049e-22
0.462 	0.0746861924686 	1.92983435646e-18 	0.307014645992 	0.000953866426908 	321.863352489 	11.9460010931 	34.052361025 	-1.22020724901 	2.33863529173e-21
0.462 	0.0761506276151 	1.47821398718e-18 	0.302395820261 	0.000949364058234 	318.52461407 	10.821797329 	34.107639045 	-1.21750717463 	1.88845285934e-21
0.462 	0.0776150627615 	2.17742673138e-18 	0.29749810617 	0.000943871499443 	315.189203557 	9.69039351771 	34.1630277887 	-1.21455895177 	4.4000986684e-21
0.462 	0.0790794979079 	2.05877593128e-19 	0.292353087686 	0.000937446227232 	311.861181147 	8.55206328785 	34.2182811416 	-1.21135133811 	-4.55709274181e-21
0.462 	0.0805439330544 	1.4052456718e-18 	0.28700446071 	0.000930176662954 	308.548335107 	7.40710918264 	34.2731650546 	-1.20787106512 	-2.49304154366e-21
0.462 	0.0820083682008 	6.04343656516e-19 	0.281504239773 	0.000922175555465 	305.261008172 	6.25586181428 	34.3274873311 	-1.20410377643 	7.69493570607e-21
0.462 	0.0834728033473 	8.82222310112e-19 	0.275907522328 	0.000913569912461 	302.010298899 	5.09867654514 	34.3811170319 	-1.20003484112 	-1.54971258704e-20
0.462 	0.0849372384937 	3.89341945552e-19 	0.27026723838 	0.000904489983204 	298.806226048 	3.93592867605 	34.4339890965 	-1.19564989236 	1.26655274575e-20
0.462 	0.0864016736402 	-1.96167867042e-19 	0.259035084002 	0.000885391292703 	292.565655589 	1.59531613891 	34.5374649547 	-1.18587679966 	1.20230193571e-21
0.462 	0.0878661087866 	5.92075135654e-19 	0.253512393441 	0.000875581137011 	289.536152305 	0.418260387637 	34.5881479124 	-1.18046184383 	5.19586094703e-22
0.462 	0.0893305439331 	1.36874864783e-18 	0.248085492583 	0.000865711345187 	286.568374045 	-0.762744433481 	34.6381962408 	-1.17467670481 	-8.0093857523e-22
0.462 	0.0907949790795 	3.60172537237e-19 	0.242772149748 	0.000855850419201 	283.661892664 	-1.94727795466 	34.6876564057 	-1.16850754194 	2.19936657607e-21
0.462 	0.0922594142259 	-7.33551026303e-19 	0.237585847929 	0.00084605507414 	280.816054641 	-3.1349137286 	34.7365658513 	-1.1619400432 	-4.4947892277e-23
0.462 	0.0937238493724 	-2.4501145909e-18 	0.232536675848 	0.000836371605151 	278.030332948 	-4.32521895714 	34.7849536049 	-1.15495947664 	5.51152469902e-21
0.462 	0.0951882845188 	-7.30194901722e-19 	0.227631849412 	0.000826836913356 	275.304410985 	-5.51775437187 	34.8328422923 	-1.14755085882 	-1.53278707288e-20
0.462 	0.0966527196653 	-1.39588868779e-18 	0.22287604556 	0.000817479407289 	272.638116107 	-6.71207430418 	34.8802500527 	-1.13969917659 	2.72848109503e-21
0.462 	0.0981171548117 	-1.41622074e-18 	0.22287604556 	0.000817479407289 	272.638116107 	-6.71207430418 	34.8802500527 	-1.13969917659 	2.72848109503e-21
0.462 	0.0995815899582 	2.0669123674e-18 	0.218271706092 	0.000808319984967 	270.031312044 	-7.90772684324 	34.927191809 	-1.13138959806 	-8.36900402926e-21
0.462 	0.101046025105 	-8.54364043688e-20 	0.213819381652 	0.000799373161745 	267.483813423 	-9.1042540195 	34.9736799535 	-1.122607631 	1.01476417203e-20
0.462 	0.102510460251 	4.18646674792e-19 	0.209518113236 	0.000790648284676 	264.995342805 	-10.3011919746 	35.0197246957 	-1.11333921628 	9.08357485647e-22
0.462 	0.103974895397 	-9.13835399143e-19 	0.205365809977 	0.000782150714332 	262.565521214 	-11.4980711472 	35.0653342735 	-1.10357076581 	-1.77759867409e-20
0.462 	0.105439330544 	3.70957957988e-19 	0.201359585727 	0.000773882872557 	260.193877999 	-12.6944164602 	35.1105151272 	-1.093289166 	1.98051181939e-20
0.462 	0.10690376569 	1.43617759769e-18 	0.197496033535 	0.00076584510061 	257.879868106 	-13.889747498 	35.155272072 	-1.0824817638 	-8.02644493815e-21
0.462 	0.108368200837 	-8.9799870178e-19 	0.193771433611 	0.000758036316752 	255.62288947 	-15.0835786549 	35.1996084661 	-1.07113634973 	-7.76763447307e-21
0.462 	0.109832635983 	5.6486809397e-19 	0.190181901642 	0.00075045449281 	253.422297373 	-16.2754192624 	35.2435263641 	-1.05924114497 	3.74727437832e-20
0.462 	0.11129707113 	1.324212336e-18 	0.190181901642 	0.00075045449281 	253.422297373 	-16.2754192624 	35.2435263641 	-1.05924114497 	3.74727437832e-20
0.462 	0.112761506276 	-1.38923525183e-19 	0.186723486921 	0.000743096979351 	251.27741346 	-17.4647737047 	35.2870266487 	-1.04678479309 	-2.28649161335e-20
0.462 	0.114225941423 	-7.63030512725e-19 	0.183392236531 	0.000735960722258 	249.187532683 	-18.6511415387 	35.3301091379 	-1.03375635663 	-2.04377348356e-21
0.462 	0.115690376569 	8.62283601802e-19 	0.180184233391 	0.00072904239854 	247.151926626 	-19.834017657 	35.3727726622 	-1.02014531465 	-1.42916968737e-20
0.462 	0.117154811715 	1.41341492604e-18 	0.177095620709 	0.00072233850447 	245.169847119 	-21.0128924778 	35.4150151061 	-1.00594155435 	3.54029663403e-20
0.462 	0.118619246862 	-7.73677825119e-19 	0.174122614594 	0.000715845407917 	243.24052745 	-22.1872521705 	35.4568333984 	-0.99113535513 	-2.71597366377e-20
0.462 	0.120083682008 	-8.4777867063e-19 	0.174122614594 	0.000715845407917 	243.24052745 	-22.1872521705 	35.4568333984 	-0.99113535513 	-2.71597366377e-20
0.462 	0.121548117155 	1.59154092846e-19 	0.17126151269 	0.000709559384632 	241.363184533 	-23.356578849 	35.49822345 	-0.975717364192 	3.44624629214e-20
0.462 	0.123012552301 	-4.59218506365e-19 	0.168508706498 	0.000703476658548 	239.537025785 	-24.5203507378 	35.539180066 	-0.959678559626 	-4.80976377331e-20
0.462 	0.124476987448 	3.78208597451e-19 	0.165860689331 	0.000697593433456 	237.761253728 	-25.6780422799 	35.5796969079 	-0.943010197257 	5.88040782427e-20
0.462 	0.125941422594 	-3.84506180968e-19 	0.163314069683 	0.000691905934269 	236.03507586 	-26.829124218 	35.6197666161 	-0.925703754646 	-2.82809528808e-20
0.462 	0.127405857741 	-4.89715102961e-19 	0.163314069683 	0.000691905934269 	236.03507586 	-26.829124218 	35.6197666161 	-0.925703754646 	-2.82809528808e-20
0.462 	0.128870292887 	-5.30747885881e-19 	0.16086557527 	0.000686410428681 	234.357708667 	-27.9730636953 	35.6593811856 	-0.907750886645 	-2.31637581457e-20
0.462 	0.130334728033 	6.23840033982e-19 	0.158512047539 	0.000681103224369 	232.728376357 	-29.1093244731 	35.6985325974 	-0.889143411864 	5.13779473844e-20
0.462 	0.13179916318 	5.17470402857e-19 	0.158512047539 	0.000681103224369 	232.728376357 	-29.1093244731 	35.6985325974 	-0.889143411864 	5.13779473844e-20
0.462 	0.133263598326 	6.99251631776e-19 	0.156250420907 	0.000675980628677 	231.14629958 	-30.2373672884 	35.7372135311 	-0.869873350476 	-1.51647887106e-20
0.462 	0.134728033473 	-7.77782012769e-19 	0.154077684602 	0.000671038864929 	229.610671832 	-31.3566502968 	35.7754178098 	-0.849933020101 	-2.82215284735e-20
0.462 	0.136192468619 	-6.8100182987e-19 	0.151990848511 	0.000666273993385 	228.120638086 	-32.4666294928 	35.813140176 	-0.829315162746 	1.98299371664e-20
0.462 	0.137656903766 	-6.14357952875e-19 	0.151990848511 	0.000666273993385 	228.120638086 	-32.4666294928 	35.813140176 	-0.829315162746 	1.98299371664e-20
0.462 	0.139121338912 	-1.05936692962e-18 	0.149986937489 	0.000661681899548 	226.675291543 	-33.5667589852 	35.8503752427 	-0.808013036766 	-1.67638914622e-20
0.462 	0.140585774059 	-2.08615732814e-19 	0.148063017989 	0.000657258366067 	225.273690886 	-34.6564910352 	35.8871159845 	-0.786020408719 	4.05614264695e-20
0.462 	0.142050209205 	3.91509216314e-19 	0.148063017989 	0.000657258366067 	225.273690886 	-34.6564910352 	35.8871159845 	-0.786020408719 	4.05614264695e-20
0.462 	0.143514644351 	-5.04845554841e-19 	0.146216257147 	0.000652999226934 	223.91490084 	-35.7352759261 	35.9233525433 	-0.763331403357 	-3.56269372957e-20
0.462 	0.144979079498 	-5.11282233781e-19 	0.144443989108 	0.000648900543812 	222.598039847 	-36.8025618263 	35.9590720968 	-0.739940237707 	9.57886827067e-21
0.462 	0.146443514644 	-2.04242176921e-19 	0.144443989108 	0.000648900543812 	222.598039847 	-36.8025618263 	35.9590720968 	-0.739940237707 	9.57886827067e-21
0.462 	0.147907949791 	-5.85086151801e-19 	0.142743745659 	0.000644958698426 	221.322304835 	-37.8577947144 	35.9942600651 	-0.715840944988 	2.77129026288e-20
0.462 	0.149372384937 	9.26946599749e-19 	0.141113223217 	0.000641170325298 	220.086952951 	-38.9004184792 	36.028902151 	-0.691027213257 	-4.51614204932e-20
0.462 	0.150836820084 	1.63969727854e-18 	0.141113223217 	0.000641170325298 	220.086952951 	-38.9004184792 	36.028902151 	-0.691027213257 	-4.51614204932e-20
0.462 	0.15230125523 	-1.11419184582e-18 	0.139550211041 	0.000637532137345 	218.891257188 	-39.9298752115 	36.0629861367 	-0.665492418654 	3.96639909347e-20
0.462 	0.153765690377 	6.71893965178e-19 	0.138052506556 	0.000634040715347 	217.734450193 	-40.9456055953 	36.0965024846 	-0.639229840008 	1.58478981777e-20
0.462 	0.155230125523 	3.02250377673e-19 	0.138052506556 	0.000634040715347 	217.734450193 	-40.9456055953 	36.0965024846 	-0.639229840008 	1.58478981777e-20
0.462 	0.156694560669 	2.59482233138e-18 	0.136617869565 	0.00063069238954 	216.615693848 	-41.9470492676 	36.1294435055 	-0.612232930933 	-4.23353444109e-20
0.462 	0.158158995816 	-1.20649792852e-18 	0.135244041686 	0.000627483287818 	215.534093596 	-42.933645006 	36.161801615 	-0.584495492924 	-7.701646848e-22
0.462 	0.159623430962 	-9.03811839635e-19 	0.135244041686 	0.000627483287818 	215.534093596 	-42.933645006 	36.161801615 	-0.584495492924 	-7.701646848e-22
0.462 	0.161087866109 	3.94407859286e-20 	0.133928799968 	0.000624409482436 	214.488734933 	-43.9048306466 	36.1935676052 	-0.5560116563 	3.06532551696e-20
0.462 	0.162552301255 	2.54471407249e-19 	0.133928799968 	0.000624409482436 	214.488734933 	-43.9048306466 	36.1935676052 	-0.5560116563 	3.06532551696e-20
0.462 	0.164016736402 	1.35165046955e-18 	0.132670020254 	0.000621467163901 	213.478728983 	-44.8600427932 	36.2247297046 	-0.526775659211 	-6.95123383407e-21
0.462 	0.165481171548 	-4.19042996613e-20 	0.131465724152 	0.000618652772605 	212.503248953 	-45.7987164924 	36.2552736651 	-0.496781517401 	-3.08668971985e-20
0.462 	0.166945606695 	1.65560063318e-19 	0.131465724152 	0.000618652772605 	212.503248953 	-45.7987164924 	36.2552736651 	-0.496781517401 	-3.08668971985e-20
0.462 	0.168410041841 	9.24445394537e-20 	0.130314080985 	0.000615963016236 	211.561534622 	-46.7202847602 	36.2851836787 	-0.466022687045 	2.04466977799e-20
0.462 	0.169874476987 	-2.36110367014e-19 	0.130314080985 	0.000615963016236 	211.561534622 	-46.7202847602 	36.2851836787 	-0.466022687045 	2.04466977799e-20
0.462 	0.171338912134 	-1.90748467316e-18 	0.129213379902 	0.000613394804329 	210.652876402 	-47.624178508 	36.3144436441 	-0.434491870264 	-3.39942415945e-20
0.462 	0.17280334728 	5.17032638851e-19 	0.128161991617 	0.000610945157519 	209.776589666 	-48.5098258769 	36.3430382068 	-0.40218089825 	7.92986330787e-20
0.462 	0.174267782427 	-4.40767326314e-19 	0.128161991617 	0.000610945157519 	209.776589666 	-48.5098258769 	36.3430382068 	-0.40218089825 	7.92986330787e-20
0.462 	0.175732217573 	-5.72259788668e-19 	0.127158331769 	0.000608611158809 	208.931975579 	-49.376652758 	36.3709531802 	-0.369080847724 	-6.40094486978e-20
0.462 	0.17719665272 	-1.78460672752e-20 	0.127158331769 	0.000608611158809 	208.931975579 	-49.376652758 	36.3709531802 	-0.369080847724 	-6.40094486978e-20
0.462 	0.178661087866 	-7.77564850063e-20 	0.126200841615 	0.000606389843703 	208.118330024 	-50.2240812645 	36.3981753704 	-0.335182018761 	-2.71398924193e-20
0.462 	0.180125523013 	-2.51499376342e-20 	0.126200841615 	0.000606389843703 	208.118330024 	-50.2240812645 	36.3981753704 	-0.335182018761 	-2.71398924193e-20
0.462 	0.181589958159 	6.91918388276e-19 	0.125287995751 	0.000604278247941 	207.334942435 	-51.05153163 	36.424692148 	-0.300474249074 	8.21100715296e-20
0.462 	0.183054393305 	-5.28182946018e-19 	0.12441831581 	0.000602273453526 	206.581105445 	-51.8584180766 	36.4504911856 	-0.26494662527 	4.92442277643e-20
0.462 	0.184518828452 	-9.14039157297e-19 	0.12441831581 	0.000602273453526 	206.581105445 	-51.8584180766 	36.4504911856 	-0.26494662527 	4.92442277643e-20
0.462 	0.185983263598 	-1.22345950246e-19 	0.123590385687 	0.000600372638026 	205.856126444 	-52.6441546467 	36.4755603969 	-0.228588162621 	-9.21201253317e-20
0.462 	0.187447698745 	-4.44592271713e-19 	0.123590385687 	0.000600372638026 	205.856126444 	-52.6441546467 	36.4755603969 	-0.228588162621 	-9.21201253317e-20
0.462 	0.188912133891 	-2.63939765329e-19 	0.122802851987 	0.0005985730825 	205.159329039 	-53.4081440518 	36.4998878496 	-0.191386817827 	-1.41383950676e-20
0.462 	0.190376569038 	-5.18441416266e-19 	0.122802851987 	0.0005985730825 	205.159329039 	-53.4081440518 	36.4998878496 	-0.191386817827 	-1.41383950676e-20
0.462 	0.191841004184 	1.72517308907e-19 	0.122054438351 	0.000596872214082 	204.490065832 	-54.1497944523 	36.5234612664 	-0.153331201348 	5.37346172729e-20
0.462 	0.193305439331 	1.48029191497e-19 	0.122054438351 	0.000596872214082 	204.490065832 	-54.1497944523 	36.5234612664 	-0.153331201348 	5.37346172729e-20
0.462 	0.194769874477 	1.46269481108e-19 	0.121343942156 	0.000595267602067 	203.84771779 	-54.8684902922 	36.5462673687 	-0.114407721155 	-1.22321938022e-19
0.462 	0.196234309623 	4.70539336198e-19 	0.121343942156 	0.000595267602067 	203.84771779 	-54.8684902922 	36.5462673687 	-0.114407721155 	-1.22321938022e-19
0.462 	0.19769874477 	-3.85974564287e-19 	0.120670268747 	0.000593757054358 	203.231722236 	-55.5636352229 	36.5682912326 	-0.0746047681417 	2.31758641167e-20
0.462 	0.199163179916 	-6.09168825296e-19 	0.120670268747 	0.000593757054358 	203.231722236 	-55.5636352229 	36.5682912326 	-0.0746047681417 	2.31758641167e-20
0.462 	0.200627615063 	3.27931157787e-19 	0.120032404524 	0.000592338548728 	202.64155487 	-56.2345817091 	36.5895165487 	-0.0339055336556 	-4.46213860592e-21
0.462 	0.202092050209 	1.1806810824e-19 	0.120032404524 	0.000592338548728 	202.64155487 	-56.2345817091 	36.5895165487 	-0.0339055336556 	-4.46213860592e-21
0.462 	0.203556485356 	-2.61983058929e-19 	0.119429464695 	0.000591010364809 	202.076768541 	-56.8807381318 	36.6099259358 	0.00770119722906 	3.89225489568e-20
0.462 	0.205020920502 	1.71522004711e-19 	0.119429464695 	0.000591010364809 	202.076768541 	-56.8807381318 	36.6099259358 	0.00770119722906 	3.89225489568e-20
0.462 	0.206485355649 	7.41343348749e-19 	0.1188605888 	0.000589770802901 	201.536916062 	-57.5013957157 	36.6295021784 	0.050238791061 	-1.5109802368e-20
0.462 	0.207949790795 	4.87871421532e-19 	0.1188605888 	0.000589770802901 	201.536916062 	-57.5013957157 	36.6295021784 	0.050238791061 	-1.5109802368e-20
0.462 	0.209414225941 	8.57326748487e-19 	0.118325063929 	0.00058861852141 	201.021645811 	-58.0959989093 	36.6482278058 	0.0937145660294 	-2.1950260847e-20
0.462 	0.210878661088 	6.33364786982e-19 	0.118325063929 	0.00058861852141 	201.021645811 	-58.0959989093 	36.6482278058 	0.0937145660294 	-2.1950260847e-20
0.462 	0.212343096234 	-6.59894411327e-19 	0.117822095057 	0.000587551912934 	200.530527539 	-58.663715008 	36.6660860373 	0.138164736846 	5.42868148412e-21
0.462 	0.213807531381 	1.26712771138e-18 	0.117822095057 	0.000587551912934 	200.530527539 	-58.663715008 	36.6660860373 	0.138164736846 	5.42868148412e-21
0.462 	0.215271966527 	1.01227930479e-18 	0.117351169581 	0.000586570105026 	200.06333186 	-59.2041044226 	36.6830583026 	0.183583174191 	5.76081788227e-20
0.462 	0.216736401674 	-6.03305744248e-19 	0.117351169581 	0.000586570105026 	200.06333186 	-59.2041044226 	36.6830583026 	0.183583174191 	5.76081788227e-20
0.462 	0.21820083682 	-1.36902121742e-19 	0.116911508821 	0.000585671461234 	199.619610241 	-59.716069045 	36.6991267073 	0.230033862452 	7.32802451761e-20
0.462 	0.219665271967 	-9.100756278e-19 	0.116911508821 	0.000585671461234 	199.619610241 	-59.716069045 	36.6991267073 	0.230033862452 	7.32802451761e-20
0.462 	0.221129707113 	5.89390622472e-19 	0.116502961646 	0.000584856043583 	199.199380641 	-60.1994816761 	36.7142691729 	0.27747467911 	-5.42972912381e-20
0.462 	0.222594142259 	-2.51726817295e-19 	0.116502961646 	0.000584856043583 	199.199380641 	-60.1994816761 	36.7142691729 	0.27747467911 	-5.42972912381e-20
0.462 	0.224058577406 	6.8878620113e-19 	0.116124634668 	0.00058412183788 	198.802077131 	-60.6526602224 	36.7284666059 	0.326032754192 	1.7427280421e-20
0.462 	0.225523012552 	-6.39555493919e-19 	0.116124634668 	0.00058412183788 	198.802077131 	-60.6526602224 	36.7284666059 	0.326032754192 	1.7427280421e-20
0.462 	0.226987447699 	3.66878897427e-19 	0.116124634668 	0.00058412183788 	198.802077131 	-60.6526602224 	36.7284666059 	0.326032754192 	1.7427280421e-20
0.462 	0.228451882845 	-6.08585355248e-19 	0.11577702729 	0.000583470656264 	198.428191798 	-61.0762430742 	36.7416923068 	0.37557802714 	-1.19907066173e-19
0.462 	0.229916317992 	1.08300644003e-18 	0.11577702729 	0.000583470656264 	198.428191798 	-61.0762430742 	36.7416923068 	0.37557802714 	-1.19907066173e-19
0.462 	0.231380753138 	-5.79774239663e-19 	0.115458748849 	0.000582899047968 	198.076749741 	-61.467274099 	36.7539280118 	0.426379402702 	1.59989954657e-20
0.462 	0.232845188285 	7.08401041697e-19 	0.115458748849 	0.000582899047968 	198.076749741 	-61.467274099 	36.7539280118 	0.426379402702 	1.59989954657e-20
0.462 	0.234309623431 	-3.79589573868e-19 	0.115171517599 	0.000582412167914 	197.749161065 	-61.8281209228 	36.7651399521 	0.478105763023 	8.05882162882e-20
0.462 	0.235774058577 	-1.59400138847e-18 	0.115171517599 	0.000582412167914 	197.749161065 	-61.8281209228 	36.7651399521 	0.478105763023 	8.05882162882e-20
0.462 	0.237238493724 	5.45987267586e-19 	0.115171517599 	0.000582412167914 	197.749161065 	-61.8281209228 	36.7651399521 	0.478105763023 	8.05882162882e-20
0.462 	0.23870292887 	1.10471184476e-18 	0.114912629501 	0.000582002842738 	197.443416187 	-62.1531585557 	36.7753137299 	0.531331371812 	1.19280184183e-20
0.462 	0.240167364017 	-1.14733759717e-18 	0.114912629501 	0.000582002842738 	197.443416187 	-62.1531585557 	36.7753137299 	0.531331371812 	1.19280184183e-20
0.462 	0.241631799163 	-5.73796518326e-19 	0.114686211657 	0.000581682900483 	197.162769547 	-62.4483947764 	36.7844026792 	0.585293238062 	1.05973685948e-20
0.462 	0.24309623431 	6.01662855137e-19 	0.114686211657 	0.000581682900483 	197.162769547 	-62.4483947764 	36.7844026792 	0.585293238062 	1.05973685948e-20
0.462 	0.244560669456 	6.38436570434e-19 	0.114486626791 	0.000581436884296 	196.902931141 	-62.7028731645 	36.792402608 	0.641195833077 	-2.12056898352e-20
0.462 	0.246025104603 	6.3518166779e-19 	0.114486626791 	0.000581436884296 	196.902931141 	-62.7028731645 	36.792402608 	0.641195833077 	-2.12056898352e-20
0.462 	0.247489539749 	-9.35721551012e-20 	0.114486626791 	0.000581436884296 	196.902931141 	-62.7028731645 	36.792402608 	0.641195833077 	-2.12056898352e-20
0.462 	0.248953974895 	-9.71113475778e-19 	0.114322769046 	0.000581289887316 	196.670837632 	-62.929831908 	36.7992444761 	0.697394257906 	2.43365444467e-20
0.462 	0.250418410042 	5.32731591068e-19 	0.114322769046 	0.000581289887316 	196.670837632 	-62.929831908 	36.7992444761 	0.697394257906 	2.43365444467e-20
0.462 	0.251882845188 	-3.14434674026e-19 	0.11418286398 	0.000581209110515 	196.457457247 	-63.1081174155 	36.804942418 	0.756343712919 	-1.11399866039e-19
0.462 	0.253347280335 	-8.21115687956e-19 	0.11418286398 	0.000581209110515 	196.457457247 	-63.1081174155 	36.804942418 	0.756343712919 	-1.11399866039e-19
0.462 	0.254811715481 	5.01732829187e-19 	0.11418286398 	0.000581209110515 	196.457457247 	-63.1081174155 	36.804942418 	0.756343712919 	-1.11399866039e-19
0.462 	0.256276150628 	1.11789992737e-18 	0.11408509151 	0.000581245536593 	196.276933461 	-63.2646026329 	36.8093813259 	0.814676047564 	3.61918999487e-20
0.462 	0.257740585774 	-4.78685918019e-19 	0.11408509151 	0.000581245536593 	196.276933461 	-63.2646026329 	36.8093813259 	0.814676047564 	3.61918999487e-20
0.462 	0.259205020921 	-1.20778457771e-19 	0.114005555828 	0.000581332051259 	196.110906978 	-63.359529628 	36.8126236434 	0.877228818584 	-7.76574106451e-20
0.462 	0.260669456067 	4.01065765307e-19 	0.114005555828 	0.000581332051259 	196.110906978 	-63.359529628 	36.8126236434 	0.877228818584 	-7.76574106451e-20
0.462 	0.262133891213 	1.67643473979e-19 	0.114005555828 	0.000581332051259 	196.110906978 	-63.359529628 	36.8126236434 	0.877228818584 	-7.76574106451e-20
0.462 	0.26359832636 	-1.08893002338e-18 	0.113979903329 	0.000581568319542 	195.987125673 	-63.4441958775 	36.8144832183 	0.93741283135 	1.51072100043e-19
0.462 	0.265062761506 	2.556381953e-19 	0.113979903329 	0.000581568319542 	195.987125673 	-63.4441958775 	36.8144832183 	0.93741283135 	1.51072100043e-19
0.462 	0.266527196653 	1.30238878566e-18 	0.113961087609 	0.000581821539016 	195.869489126 	-63.4464799158 	36.8151249356 	1.00441161088 	-4.02044728719e-20
0.462 	0.267991631799 	3.13447771691e-19 	0.113961087609 	0.000581821539016 	195.869489126 	-63.4464799158 	36.8151249356 	1.00441161088 	-4.02044728719e-20
0.462 	0.269456066946 	-2.634063738e-19 	0.113961087609 	0.000581821539016 	195.869489126 	-63.4464799158 	36.8151249356 	1.00441161088 	-4.02044728719e-20
0.462 	0.270920502092 	-2.2654302641e-18 	0.114016649921 	0.000582280055969 	195.810673493 	-63.4592792408 	36.8142068253 	1.06587632214 	-5.88522355579e-20
0.462 	0.272384937238 	5.23361022127e-19 	0.114016649921 	0.000582280055969 	195.810673493 	-63.4592792408 	36.8142068253 	1.06587632214 	-5.88522355579e-20
0.462 	0.273849372385 	-2.59749489964e-19 	0.114057471789 	0.000582691304932 	195.742532665 	-63.3569902148 	36.8120910182 	1.13857294395 	9.60303031529e-20
0.462 	0.275313807531 	1.79082719644e-20 	0.114057471789 	0.000582691304932 	195.742532665 	-63.3569902148 	36.8120910182 	1.13857294395 	9.60303031529e-20
0.462 	0.276778242678 	-3.79933626979e-19 	0.114057471789 	0.000582691304932 	195.742532665 	-63.3569902148 	36.8120910182 	1.13857294395 	9.60303031529e-20
0.462 	0.278242677824 	-1.6737936095e-18 	0.11420717023 	0.00058339841174 	195.761880615 	-63.2991985778 	36.8081268189 	1.20033784507 	-1.53746284127e-20
0.462 	0.279707112971 	-6.86542094004e-19 	0.11420717023 	0.00058339841174 	195.761880615 	-63.2991985778 	36.8081268189 	1.20033784507 	-1.53746284127e-20
0.462 	0.281171548117 	1.2574030712e-20 	0.11420717023 	0.00058339841174 	195.761880615 	-63.2991985778 	36.8081268189 	1.20033784507 	-1.53746284127e-20
0.462 	0.282635983264 	-1.4172044388e-18 	0.114301872852 	0.000583934461944 	195.74435198 	-63.0778333034 	36.8031088631 	1.28051591014 	-7.61537651198e-20
0.462 	0.28410041841 	6.40715556652e-19 	0.114301872852 	0.000583934461944 	195.74435198 	-63.0778333034 	36.8031088631 	1.28051591014 	-7.61537651198e-20
0.462 	0.285564853556 	9.6840070102e-19 	0.114557464328 	0.000584892223268 	195.860809515 	-62.9514874155 	36.795727207 	1.34108209793 	3.086018551e-20
0.462 	0.287029288703 	-8.42982240318e-19 	0.114557464328 	0.000584892223268 	195.860809515 	-62.9514874155 	36.795727207 	1.34108209793 	3.086018551e-20
0.462 	0.288493723849 	3.26972661597e-20 	0.114557464328 	0.000584892223268 	195.860809515 	-62.9514874155 	36.795727207 	1.34108209793 	3.086018551e-20
0.462 	0.289958158996 	5.99312513384e-19 	0.114676127052 	0.000585414603004 	195.88873674 	-62.594741596 	36.7877012277 	1.43115854359 	-7.64415272375e-21
0.462 	0.291422594142 	5.08657132279e-19 	0.114676127052 	0.000585414603004 	195.88873674 	-62.594741596 	36.7877012277 	1.43115854359 	-7.64415272375e-21
0.462 	0.292887029289 	-7.62945314573e-19 	0.114676127052 	0.000585414603004 	195.88873674 	-62.594741596 	36.7877012277 	1.43115854359 	-7.64415272375e-21
0.462 	0.294351464435 	1.22021303376e-18 	0.115006104144 	0.000586432945781 	196.111260411 	-62.4007327262 	36.7762711066 	1.48845863477 	7.84574865497e-23
0.462 	0.295815899582 	7.96723849222e-19 	0.115006104144 	0.000586432945781 	196.111260411 	-62.4007327262 	36.7762711066 	1.48845863477 	7.84574865497e-23
0.462 	0.297280334728 	-7.22805992462e-19 	0.115006104144 	0.000586432945781 	196.111260411 	-62.4007327262 	36.7762711066 	1.48845863477 	7.84574865497e-23
0.462 	0.298744769874 	1.01405885184e-18 	0.11498917201 	0.000586313888782 	196.12220384 	-61.8947013794 	36.765162679 	1.59139074641 	3.35315093783e-21
0.462 	0.300209205021 	3.87976941278e-20 	0.11498917201 	0.000586313888782 	196.12220384 	-61.8947013794 	36.765162679 	1.59139074641 	3.35315093783e-21
0.462 	0.301673640167 	-2.63297493735e-19 	0.11498917201 	0.000586313888782 	196.12220384 	-61.8947013794 	36.765162679 	1.59139074641 	3.35315093783e-21
0.462 	0.303138075314 	4.1460872433e-19 	0.115059486512 	0.000586124464684 	196.305551884 	-61.6240600935 	36.7484122844 	1.64313845786 	1.6569440166e-20
0.462 	0.30460251046 	1.02507080148e-18 	0.115059486512 	0.000586124464684 	196.305551884 	-61.6240600935 	36.7484122844 	1.64313845786 	1.6569440166e-20
0.462 	0.306066945607 	-3.03900814072e-19 	0.115059486512 	0.000586124464684 	196.305551884 	-61.6240600935 	36.7484122844 	1.64313845786 	1.6569440166e-20
0.462 	0.307531380753 	6.79613542762e-19 	0.113986818809 	0.00058224595912 	195.770905789 	-60.9701088022 	36.7350091524 	1.7618177912 	4.16553180209e-20
0.462 	0.3089958159 	2.66504373642e-19 	0.113986818809 	0.00058224595912 	195.770905789 	-60.9701088022 	36.7350091524 	1.7618177912 	4.16553180209e-20
0.462 	0.310460251046 	4.86931137755e-19 	0.113986818809 	0.00058224595912 	195.770905789 	-60.9701088022 	36.7350091524 	1.7618177912 	4.16553180209e-20
0.462 	0.311924686192 	-2.37825512856e-19 	0.113288801036 	0.000578482746298 	195.837821891 	-60.5890700529 	36.711858288 	1.80647462316 	-9.06148334621e-20
0.462 	0.313389121339 	-9.02560067873e-20 	0.113288801036 	0.000578482746298 	195.837821891 	-60.5890700529 	36.711858288 	1.80647462316 	-9.06148334621e-20
0.462 	0.314853556485 	5.14355904756e-19 	0.113288801036 	0.000578482746298 	195.837821891 	-60.5890700529 	36.711858288 	1.80647462316 	-9.06148334621e-20
0.462 	0.316317991632 	-4.98828140281e-19 	0.111915845623 	0.000571400442572 	195.862371263 	-59.8143218797 	36.6981927126 	1.9424189527 	9.05417349917e-20
0.462 	0.317782426778 	1.08228666246e-18 	0.111915845623 	0.000571400442572 	195.862371263 	-59.8143218797 	36.6981927126 	1.9424189527 	9.05417349917e-20
0.462 	0.319246861925 	4.23122482889e-20 	0.111915845623 	0.000571400442572 	195.862371263 	-59.8143218797 	36.6981927126 	1.9424189527 	9.05417349917e-20
0.462 	0.320711297071 	1.8108283162e-20 	0.111372676667 	0.000564395938726 	197.330754929 	-59.2374045193 	36.6742918462 	1.98148075014 	2.05472435342e-20
0.462 	0.322175732218 	1.49814878369e-19 	0.111372676667 	0.000564395938726 	197.330754929 	-59.2374045193 	36.6742918462 	1.98148075014 	2.05472435342e-20
0.462 	0.323640167364 	1.16878602716e-19 	0.111372676667 	0.000564395938726 	197.330754929 	-59.2374045193 	36.6742918462 	1.98148075014 	2.05472435342e-20
0.462 	0.32510460251 	-2.26047603697e-18 	0.11016959781 	0.000554705985373 	198.608994162 	-58.4487480694 	36.6967474837 	2.13239470956 	-4.63236852287e-20
0.462 	0.326569037657 	2.00066018495e-19 	0.11016959781 	0.000554705985373 	198.608994162 	-58.4487480694 	36.6967474837 	2.13239470956 	-4.63236852287e-20
0.462 	0.328033472803 	5.75676501301e-19 	0.11016959781 	0.000554705985373 	198.608994162 	-58.4487480694 	36.6967474837 	2.13239470956 	-4.63236852287e-20
0.462 	0.32949790795 	5.6715350988e-19 	0.109227699882 	0.000547720286306 	199.422410695 	-57.4854036685 	36.6313545961 	2.17062032115 	-8.69614811004e-20
0.462 	0.330962343096 	-1.56210214091e-18 	0.109227699882 	0.000547720286306 	199.422410695 	-57.4854036685 	36.6313545961 	2.17062032115 	-8.69614811004e-20
0.462 	0.332426778243 	6.55527642124e-20 	0.109227699882 	0.000547720286306 	199.422410695 	-57.4854036685 	36.6313545961 	2.17062032115 	-8.69614811004e-20
0.462 	0.333891213389 	3.04496312707e-19 	0.107741779981 	0.000542033978397 	198.773110682 	-56.9000903581 	36.6806989627 	2.32412329152 	1.329958415e-19
0.462 	0.335355648536 	5.77635007679e-19 	0.107741779981 	0.000542033978397 	198.773110682 	-56.9000903581 	36.6806989627 	2.32412329152 	1.329958415e-19
0.462 	0.336820083682 	-1.08396265653e-18 	0.107741779981 	0.000542033978397 	198.773110682 	-56.9000903581 	36.6806989627 	2.32412329152 	1.329958415e-19
0.462 	0.338284518828 	-4.59306367694e-19 	0.107776821033 	0.000540892784603 	199.257272607 	-55.2122285782 	35.986906127 	2.35968480434 	-1.36590013885e-19
0.462 	0.339748953975 	7.88761963972e-19 	0.107776821033 	0.000540892784603 	199.257272607 	-55.2122285782 	35.986906127 	2.35968480434 	-1.36590013885e-19
0.462 	0.341213389121 	2.40522720368e-20 	0.107776821033 	0.000540892784603 	199.257272607 	-55.2122285782 	35.986906127 	2.35968480434 	-1.36590013885e-19
