0.546 	0 	0 	4.44456310655 	4.50762733355e-05 	98600.9440814 	28.8660332508 	15.4629939531 	-0.00187098492512 	-6.87919580424e-22
0.546 	0.00146443514644 	9.97339064472e-20 	6.98241236261 	0.00100208627992 	6967.87542403 	28.7718814704 	23.5052809812 	-0.0449765111965 	6.73290987479e-22
0.546 	0.00292887029289 	1.7929464369e-19 	8.0855389314 	0.00206376920113 	3917.85037153 	28.6092270515 	25.3901156026 	-0.108021152126 	-9.67665916422e-23
0.546 	0.00439330543933 	4.59218193568e-18 	8.49981276365 	0.00260364098618 	3264.58709506 	28.4774440608 	26.5109509656 	-0.162504766896 	3.57684627566e-22
0.546 	0.00585774058577 	4.59581355331e-18 	8.47702113734 	0.00288717828023 	2936.09202985 	28.30690222 	27.8007618073 	-0.230910524121 	7.39389293941e-22
0.546 	0.00732217573222 	1.10536557424e-18 	7.98662508537 	0.00286708908293 	2785.62153262 	28.1510888529 	28.8246176114 	-0.28319228999 	7.94552895253e-22
0.546 	0.00878661087866 	-1.3717152074e-18 	7.03080309304 	0.00267551112671 	2627.83549014 	27.9645901813 	29.8644172621 	-0.331105305873 	1.39677520831e-21
0.546 	0.0102510460251 	9.76815900456e-19 	5.62666945794 	0.0023256742989 	2419.3712166 	27.7373727999 	30.9141648827 	-0.372978141535 	6.95856948634e-21
0.546 	0.0117154811715 	9.08976281888e-19 	4.37198001763 	0.00196122641009 	2229.20719156 	27.5349472713 	31.6926440021 	-0.399802825617 	3.15827144512e-21
0.546 	0.013179916318 	1.93276685591e-18 	2.69509775183 	0.00140536232668 	1917.72449045 	27.2135015321 	32.6651219266 	-0.429653026889 	-4.65799261215e-21
0.546 	0.0146443514644 	-3.90458763642e-19 	1.61604236282 	0.00103659304784 	1558.99402006 	26.9281810452 	33.2647985974 	-0.448905489612 	-1.31727134129e-21
0.546 	0.0161087866109 	-1.09557579136e-19 	0.916256111471 	0.000803037403493 	1140.98808783 	26.6035580114 	33.6776436411 	-0.467152590232 	-4.43052401206e-21
0.546 	0.0175732217573 	-3.46591996254e-19 	0.571840915673 	0.000690292172844 	828.404171696 	26.243278591 	33.9169057998 	-0.484891195408 	1.68177690318e-20
0.546 	0.0190376569038 	-3.19634816706e-19 	0.405382481714 	0.000616912319914 	657.115231173 	25.8509944391 	34.0517917472 	-0.501869323519 	-2.07397800765e-21
0.546 	0.0205020920502 	-1.16346234528e-18 	0.30965977643 	0.0005524200522 	560.551296421 	25.4273690813 	34.1265290317 	-0.518129287724 	-1.08467006093e-20
0.546 	0.0219665271967 	9.33908297286e-19 	0.265544423469 	0.000515409847248 	515.210225197 	25.1272502324 	34.1546119779 	-0.528721806634 	4.61137471712e-21
0.546 	0.0234309623431 	5.48157620246e-20 	0.218519623388 	0.000472194096423 	462.775000882 	24.6498231002 	34.1780852695 	-0.544502713119 	1.51193003208e-21
0.546 	0.0248953974895 	2.2050016847e-19 	0.196923639133 	0.000452330300755 	435.353631636 	24.3128503974 	34.1879011254 	-0.55506272798 	2.27581562169e-21
0.546 	0.026359832636 	-2.40634348208e-18 	0.175357668335 	0.000435455619921 	402.699288546 	23.7782916206 	34.2006918092 	-0.571038110307 	2.75929000748e-21
0.546 	0.0278242677824 	-9.46345194992e-21 	0.166420447601 	0.000431733241876 	385.470543982 	23.4018341173 	34.2094890096 	-0.581771192746 	-1.1814437262e-20
0.546 	0.0292887029289 	-3.45158022725e-19 	0.160654700381 	0.000432887389272 	371.123540124 	23.0087388195 	34.2187853297 	-0.592548212821 	-1.42573830099e-20
0.546 	0.0307531380753 	2.39103614058e-18 	0.156202763802 	0.000441554093543 	353.756801456 	22.3868092626 	34.2335983312 	-0.608749595626 	1.24332825201e-20
0.546 	0.0322175732218 	1.11212605188e-18 	0.155121668209 	0.000450658208599 	344.211345204 	21.9499289674 	34.2440200638 	-0.619545789652 	5.07520225101e-21
0.546 	0.0336820083682 	-1.05509032157e-18 	0.155005761975 	0.00046160354624 	335.79846437 	21.4946461979 	34.2549013929 	-0.630316210259 	-1.24916844305e-20
0.546 	0.0351464435146 	1.24162732042e-18 	0.155525176246 	0.000473887857447 	328.18983184 	21.0204506675 	34.266280871 	-0.641041363732 	2.15967675618e-20
0.546 	0.0366108786611 	-6.36049446532e-19 	0.156448378884 	0.000487165101198 	321.140365964 	20.5268350582 	34.2781963754 	-0.651700383843 	2.09278406601e-20
0.546 	0.0380753138075 	-1.32725366134e-18 	0.157619405463 	0.000501210079702 	314.477724703 	20.0132991482 	34.2906784799 	-0.662270723528 	1.02856714935e-20
0.546 	0.039539748954 	-5.88574884539e-19 	0.158936460913 	0.000515881423044 	308.087195649 	19.4793540247 	34.303748844 	-0.672728058787 	-1.54193785828e-20
0.546 	0.0410041841004 	-6.48605124894e-19 	0.160334034617 	0.000531089960826 	301.896187923 	18.9245262374 	34.3174213989 	-0.683046303388 	7.38248218636e-21
0.546 	0.0424686192469 	2.299684304e-19 	0.161049044224 	0.00053887608749 	298.860995992 	18.6391386175 	34.324486502 	-0.688144647732 	-3.29740353215e-21
0.546 	0.0439330543933 	2.03397488169e-18 	0.162491609772 	0.000554780939121 	292.893281499 	18.0521428616 	34.3390795585 	-0.698201636795 	-8.07475894506e-21
0.546 	0.0453974895397 	-2.0539579438e-19 	0.163930598688 	0.000571091085071 	287.048078622 	17.4431747431 	34.3542975765 	-0.708046978865 	-1.38276553726e-20
0.546 	0.0468619246862 	-1.70059156241e-19 	0.165345688518 	0.000587759314186 	281.315301225 	16.8118462042 	34.3701523375 	-0.717648798319 	-1.45489951585e-20
0.546 	0.0483263598326 	1.28310888893e-18 	0.166038600509 	0.000596211648946 	278.489359949 	16.4876844824 	34.378323149 	-0.722347984954 	-8.1180532387e-21
0.546 	0.0497907949791 	-1.24675634553e-18 	0.167384425882 	0.000613316957441 	272.916676852 	15.8221614784 	34.3951633177 	-0.731521230325 	-1.03582015689e-20
0.546 	0.0512552301255 	-5.74508938438e-19 	0.168033134969 	0.000621954185159 	270.169634642 	15.4807257836 	34.4038382371 	-0.735986314032 	2.05904415615e-21
0.546 	0.052719665272 	-6.34662437449e-19 	0.169271715146 	0.000639354690661 	264.754005278 	14.7803401823 	34.4217136411 	-0.744650195649 	-1.55235503936e-21
0.546 	0.0541841004184 	1.37620133614e-18 	0.169857427657 	0.000648099236622 	262.085523419 	14.4213326027 	34.4309210318 	-0.748839394975 	5.17843930774e-21
0.546 	0.0556485355649 	1.53058883495e-18 	0.170951342531 	0.000665626467679 	256.827741732 	13.685567049 	34.4498927343 	-0.756907502736 	5.23298711215e-23
0.546 	0.0571129707113 	1.61680590171e-18 	0.171455433758 	0.000674387577712 	254.238718838 	13.3087706989 	34.459663721 	-0.760776155447 	-1.07113488134e-21
0.546 	0.0585774058577 	-9.42023886312e-19 	0.172367729667 	0.000691847425072 	249.141246206 	12.5372816753 	34.4797905205 	-0.768156167311 	6.35389168553e-21
0.546 	0.0600418410042 	-9.82162488471e-19 	0.172771932348 	0.000700521817885 	246.633192482 	12.1425727213 	34.4901509576 	-0.771656584859 	-4.60773199446e-21
0.546 	0.0615062761506 	3.7855044833e-19 	0.173466575605 	0.000717694894759 	241.699609224 	11.3352157232 	34.5114740576 	-0.778250029578 	-1.27635884053e-20
0.546 	0.0629707112971 	1.14576907589e-18 	0.173753089618 	0.000726166018558 	239.274608255 	10.9225765137 	34.5224386892 	-0.781331434464 	2.08206848482e-20
0.546 	0.0644351464435 	-7.21825302503e-19 	0.173996425164 	0.000734540719463 	236.877848366 	10.5039769657 	34.5336060789 	-0.784261364705 	5.30388449266e-21
0.546 	0.06589958159 	-1.93823588299e-18 	0.174194551048 	0.000742803406669 	234.509628636 	10.0794331331 	34.5449763824 	-0.787033741166 	-3.187217875e-22
0.546 	0.0673640167364 	2.2354624842e-18 	0.17444663054 	0.000758925467364 	229.860029795 	9.21260180957 	34.5683252833 	-0.792081010434 	-4.05683622597e-21
0.546 	0.0688284518828 	-1.97899328493e-18 	0.174495990193 	0.000766748189342 	227.579266072 	8.77037193918 	34.5803033416 	-0.79434325059 	2.22874979163e-21
0.546 	0.0702928870293 	-1.07535679029e-18 	0.174490864606 	0.000774385135262 	225.328272277 	8.32231336661 	34.5924834304 	-0.796422640748 	-2.49262582082e-21
0.546 	0.0717573221757 	-5.13574058027e-19 	0.174428427632 	0.00078181386743 	223.107359563 	7.86846867951 	34.6048654394 	-0.798312634262 	-4.37536745545e-21
0.546 	0.0732217573222 	6.02944281245e-19 	0.174118707246 	0.000795945693009 	218.757019198 	6.94362052987 	34.6302363659 	-0.801497853768 	-6.82064094138e-21
0.546 	0.0746861924686 	1.10839739648e-18 	0.173863983814 	0.000802591628617 	216.628204948 	6.47273190975 	34.6432269817 	-0.802779607754 	1.01822664294e-20
0.546 	0.0761506276151 	-1.75413405449e-18 	0.173536957737 	0.000808914341186 	214.530697382 	5.99628716166 	34.6564230837 	-0.803845028565 	-1.42406437828e-21
0.546 	0.0776150627615 	-3.77546679981e-19 	0.173132696663 	0.000814877086413 	212.464799354 	5.51435944323 	34.669827033 	-0.804687215314 	-8.19138451939e-23
0.546 	0.0790794979079 	-1.06313997411e-18 	0.172645741518 	0.000820439400824 	210.430826877 	5.02702845546 	34.6834420518 	-0.805299213858 	1.96727506708e-21
0.546 	0.0805439330544 	-1.01674041051e-18 	0.172070130817 	0.000825557031631 	208.429126304 	4.53438058807 	34.6972725931 	-0.80567403225 	-2.51930291102e-21
0.546 	0.0820083682008 	-1.31396139896e-18 	0.171399464748 	0.000830182059132 	206.460092533 	4.03650902225 	34.7113250005 	-0.80580466523 	-2.29488713132e-22
0.546 	0.0834728033473 	1.23279414631e-18 	0.169745823209 	0.000837746761073 	202.621879423 	3.02550203313 	34.740136504 	-0.805305497796 	-2.89363495788e-21
0.546 	0.0849372384937 	1.61660878438e-18 	0.168748921269 	0.000840576971173 	200.753681169 	2.51258757834 	34.7549275021 	-0.804661931837 	3.358490015e-21
0.546 	0.0864016736402 	2.641400586e-18 	0.167629422549 	0.000842697880065 	198.919952826 	1.99489133806 	34.7700051566 	-0.8037466577 	7.02366923735e-22
0.546 	0.0878661087866 	4.88686937582e-19 	0.166380742744 	0.000844054729107 	197.120799169 	1.47254108625 	34.7853959587 	-0.802552878426 	-1.1553327186e-21
0.546 	0.0893305439331 	5.44860162042e-19 	0.164996855288 	0.000844596220925 	195.355900489 	0.945671588687 	34.801123713 	-0.801073587411 	-8.66563182823e-23
0.546 	0.0907949790795 	1.36150060464e-18 	0.163472715473 	0.000844277439112 	193.624403425 	0.414424950364 	34.8172006442 	-0.799301306597 	-1.73546257717e-22
0.546 	0.0922594142259 	9.09054790263e-19 	0.161804934544 	0.000843063626164 	191.92493843 	-0.121048688763 	34.8336166833 	-0.797227818566 	-3.03478614867e-22
0.546 	0.0937238493724 	-2.91988677463e-19 	0.159992732355 	0.000840934758637 	190.255820338 	-0.660590032568 	34.8503303376 	-0.794844008124 	4.65933717269e-22
0.546 	0.0951882845188 	8.80942613426e-19 	0.158039066844 	0.0008378904596 	188.615427032 	-1.20402921466 	34.8672655911 	-0.792139929473 	-8.10026205027e-23
0.546 	0.0966527196653 	3.77338120259e-19 	0.155951674657 	0.000833954300429 	187.002662588 	-1.75118434518 	34.8843184414 	-0.789105154614 	9.74037289275e-22
0.546 	0.0981171548117 	-1.38640110601e-18 	0.153743645914 	0.00082917621252 	185.417337826 	-2.30186043212 	34.9013736184 	-0.785729342755 	2.56121974965e-22
0.546 	0.0995815899582 	-1.46216875436e-18 	0.151433192661 	0.000823631839543 	183.860294601 	-2.85584902364 	34.9183276653 	-0.782002854909 	-9.97169323766e-22
0.546 	0.101046025105 	1.16044878963e-18 	0.151433192661 	0.000823631839543 	183.860294601 	-2.85584902364 	34.9183276653 	-0.782002854909 	-9.97169323766e-22
0.546 	0.102510460251 	1.71704427079e-18 	0.149042490156 	0.000817418341098 	182.333185668 	-3.41292874411 	34.9351109617 	-0.77791718458 	4.09248788296e-22
0.546 	0.103974895397 	-8.46629581021e-19 	0.14659579597 	0.000810647212529 	180.837969593 	-3.9728665552 	34.9517006192 	-0.773465033154 	-6.070523911e-22
0.546 	0.105439330544 	8.59287451613e-19 	0.144117323167 	0.000803435641007 	179.376313187 	-4.5354193134 	34.9681193728 	-0.768640006357 	-5.0299108791e-22
0.546 	0.10690376569 	8.14820836856e-19 	0.141629415592 	0.000795898301867 	177.949136542 	-5.10033506899 	34.9844213632 	-0.763436074573 	-3.40935950583e-22
0.546 	0.108368200837 	-5.53180610991e-19 	0.139151412761 	0.000788141140831 	176.55646375 	-5.66735370528 	35.0006711047 	-0.757847030075 	-2.05914601742e-22
0.546 	0.109832635983 	-9.64283504307e-19 	0.136699294018 	0.00078025781086 	175.19759766 	-6.23620680254 	35.0169240935 	-0.751866143881 	-7.62924903946e-22
0.546 	0.11129707113 	3.87758617608e-19 	0.134285911338 	0.000772328490497 	173.871497673 	-6.80661692242 	35.0332154727 	-0.745486098061 	2.89034545105e-21
0.546 	0.112761506276 	-4.68334959652e-19 	0.134285911338 	0.000772328490497 	173.871497673 	-6.80661692242 	35.0332154727 	-0.745486098061 	2.89034545105e-21
0.546 	0.114225941423 	-2.5936500635e-19 	0.131921482462 	0.000764420225305 	172.577174301 	-7.37829667237 	35.0495584726 	-0.738699132532 	-1.91598947725e-21
0.546 	0.115690376569 	-4.99627587747e-19 	0.129614054888 	0.00075658788023 	171.313945512 	-7.95094787091 	35.0659498918 	-0.73149727104 	4.26737337879e-21
0.546 	0.117154811715 	-1.69791897234e-19 	0.127369805395 	0.000748875143716 	170.081496848 	-8.52426097553 	35.0823779052 	-0.723872506609 	-6.7426253485e-22
0.546 	0.118619246862 	6.24914368549e-21 	0.125193199469 	0.000741315472375 	168.879787532 	-9.09791475785 	35.0988283368 	-0.715816894369 	-1.73130873526e-22
0.546 	0.120083682008 	6.38265595274e-19 	0.125193199469 	0.000741315472375 	168.879787532 	-9.09791475785 	35.0988283368 	-0.715816894369 	-1.73130873526e-22
0.546 	0.121548117155 	7.94660881499e-19 	0.123087114428 	0.00073393312778 	167.708895769 	-9.6715761234 	35.1152878515 	-0.707322566032 	-2.9597849868e-21
0.546 	0.123012552301 	8.6027557498e-19 	0.121053013888 	0.000726744451438 	166.568886282 	-10.2448999585 	35.1317445724 	-0.698381708486 	1.59065935124e-20
0.546 	0.124476987448 	2.32947843907e-19 	0.119091195553 	0.000719759361453 	165.459738255 	-10.8175289448 	35.1481874717 	-0.688986541924 	-3.0561447167e-20
0.546 	0.125941422594 	-9.13414156035e-19 	0.117201077722 	0.000712982906939 	164.381328895 	-11.3890933307 	35.1646056323 	-0.679129311371 	3.0254932372e-20
0.546 	0.127405857741 	-2.95306499549e-19 	0.117201077722 	0.000712982906939 	164.381328895 	-11.3890933307 	35.1646056323 	-0.679129311371 	3.0254932372e-20
0.546 	0.128870292887 	3.51391599277e-19 	0.115381472191 	0.000706416681712 	163.333447777 	-11.9592106703 	35.1809878315 	-0.668802288925 	-1.23964969203e-20
0.546 	0.130334728033 	-5.46278800149e-19 	0.113630807134 	0.000700059967288 	162.315819278 	-12.5274855422 	35.1973224219 	-0.657997779834 	-1.86762423913e-20
0.546 	0.13179916318 	7.76753350512e-21 	0.111947290293 	0.000693910576395 	161.328122241 	-13.0935092626 	35.2135973417 	-0.646708128624 	6.28874257338e-21
0.546 	0.133263598326 	-4.19088525743e-20 	0.111947290293 	0.000693910576395 	161.328122241 	-13.0935092626 	35.2135973417 	-0.646708128624 	6.28874257338e-21
0.546 	0.134728033473 	3.62934562724e-19 	0.110329021018 	0.000687965438695 	160.370005254 	-13.6568595798 	35.2298001398 	-0.634925723082 	5.6528795205e-21
0.546 	0.136192468619 	-8.72300870415e-19 	0.108774063853 	0.000682220989656 	159.44109827 	-14.2171003545 	35.2459179797 	-0.622642996173 	-9.00323121133e-21
0.546 	0.137656903766 	-1.26798167598e-18 	0.108774063853 	0.000682220989656 	159.44109827 	-14.2171003545 	35.2459179797 	-0.622642996173 	-9.00323121133e-21
0.546 	0.139121338912 	-2.16481454691e-19 	0.107280493321 	0.000676673413522 	158.541020199 	-14.773781221 	35.2619376253 	-0.609852426985 	2.98280742716e-20
0.546 	0.140585774059 	-3.92133339677e-19 	0.105846417979 	0.000671318782651 	157.669382587 	-15.3264372249 	35.2778454222 	-0.596546540714 	-3.54368223127e-20
0.546 	0.142050209205 	-1.39491292908e-18 	0.104469992214 	0.000666153133246 	156.825791248 	-15.8745884381 	35.293627281 	-0.582717908593 	-3.69701695684e-22
0.546 	0.143514644351 	-1.01862776518e-18 	0.104469992214 	0.000666153133246 	156.825791248 	-15.8745884381 	35.293627281 	-0.582717908593 	-3.69701695684e-22
0.546 	0.144979079498 	4.49257474113e-19 	0.103149422136 	0.000661172507669 	156.009847565 	-16.4177395478 	35.3092686643 	-0.568359148085 	2.241748379e-21
0.546 	0.146443514644 	1.13756287924e-18 	0.101882968396 	0.000656372978934 	155.221149661 	-16.9553794184 	35.3247545721 	-0.553462922888 	-3.16731739121e-21
0.546 	0.147907949791 	-7.07833517416e-19 	0.101882968396 	0.000656372978934 	155.221149661 	-16.9553794184 	35.3247545721 	-0.553462922888 	-3.16731739121e-21
0.546 	0.149372384937 	-6.63386521427e-19 	0.100668947323 	0.000651750665455 	154.459293498 	-17.4869806215 	35.3400695251 	-0.538021942912 	1.82105267937e-20
0.546 	0.150836820084 	-2.50436818378e-19 	0.0995057313312 	0.000647301741171 	153.723874049 	-18.0119989329 	35.355197547 	-0.522028963887 	-6.26564904549e-21
0.546 	0.15230125523 	9.84198652746e-19 	0.0995057313312 	0.000647301741171 	153.723874049 	-18.0119989329 	35.355197547 	-0.522028963887 	-6.26564904549e-21
0.546 	0.153765690377 	8.67526458019e-19 	0.0983917492678 	0.000643022444248 	153.014486738 	-18.5298727919 	35.3701221471 	-0.505476786676 	9.60155139311e-21
0.546 	0.155230125523 	-1.9236502823e-19 	0.0983917492678 	0.000643022444248 	153.014486738 	-18.5298727919 	35.3701221471 	-0.505476786676 	9.60155139311e-21
0.546 	0.156694560669 	1.15991850278e-18 	0.097325486833 	0.000638909085289 	152.330729166 	-19.0400227208 	35.3848263103 	-0.488358256117 	2.12048331133e-20
0.546 	0.158158995816 	-9.76941848955e-19 	0.0963054865633 	0.000634958053271 	151.672202703 	-19.5418507003 	35.3992924897 	-0.470666259304 	-3.31278027445e-21
0.546 	0.159623430962 	6.14498618379e-19 	0.0963054865633 	0.000634958053271 	151.672202703 	-19.5418507003 	35.3992924897 	-0.470666259304 	-3.31278027445e-21
0.546 	0.161087866109 	-7.02911440246e-19 	0.095330346401 	0.000631165815705 	151.038513223 	-20.0347394966 	35.4135025938 	-0.452393722795 	-8.52805981194e-21
0.546 	0.162552301255 	-4.24497476447e-19 	0.0943987165783 	0.00062752891237 	150.429270616 	-20.5180519377 	35.4274379574 	-0.433533609353 	-2.19507855346e-20
0.546 	0.164016736402 	9.62384185727e-19 	0.0943987165783 	0.00062752891237 	150.429270616 	-20.5180519377 	35.4274379574 	-0.433533609353 	-2.19507855346e-20
0.546 	0.165481171548 	-9.97687722676e-20 	0.0935092966356 	0.000624043950117 	149.844088094 	-20.9911301256 	35.4410793052 	-0.414078913402 	3.81178698454e-20
0.546 	0.166945606695 	-7.09062990334e-19 	0.0935092966356 	0.000624043950117 	149.844088094 	-20.9911301256 	35.4410793052 	-0.414078913402 	3.81178698454e-20
0.546 	0.168410041841 	-1.98681245545e-18 	0.0926608355786 	0.000620707611107 	149.282583169 	-21.4532945997 	35.4544067214 	-0.394022657877 	-9.07265741195e-21
0.546 	0.169874476987 	5.46579663629e-19 	0.0918521351813 	0.000617516675299 	148.744380282 	-21.9038434035 	35.467399627 	-0.373357887019 	-1.42140428783e-21
0.546 	0.171338912134 	-8.27797516148e-19 	0.0918521351813 	0.000617516675299 	148.744380282 	-21.9038434035 	35.467399627 	-0.373357887019 	-1.42140428783e-21
0.546 	0.17280334728 	6.22839718364e-19 	0.0910820519724 	0.000614468039065 	148.229112308 	-22.3420511358 	35.4800367552 	-0.352077664473 	-2.26919323662e-20
0.546 	0.174267782427 	-3.08329663897e-19 	0.0910820519724 	0.000614468039065 	148.229112308 	-22.3420511358 	35.4800367552 	-0.352077664473 	-2.26919323662e-20
0.546 	0.175732217573 	-1.26484294204e-18 	0.090349495541 	0.000611558716506 	147.736420237 	-22.7671678096 	35.4922961195 	-0.330175058938 	-5.08534510314e-21
0.546 	0.17719665272 	-8.39170929754e-19 	0.090349495541 	0.000611558716506 	147.736420237 	-22.7671678096 	35.4922961195 	-0.330175058938 	-5.08534510314e-21
0.546 	0.178661087866 	8.251962196e-19 	0.08965342819 	0.000608785897107 	147.265941304 	-23.1784178402 	35.5041549781 	-0.307643150953 	3.81333242765e-20
0.546 	0.180125523013 	-1.12456010548e-18 	0.08965342819 	0.000608785897107 	147.265941304 	-23.1784178402 	35.5041549781 	-0.307643150953 	3.81333242765e-20
0.546 	0.181589958159 	3.72833480624e-19 	0.0889928644298 	0.000606146845916 	146.817334825 	-23.5749985351 	35.515589797 	-0.28447499805 	-4.29051215156e-20
0.546 	0.183054393305 	3.11250168489e-19 	0.0883668707744 	0.000603638949131 	146.390273361 	-23.9560792344 	35.5265762127 	-0.260663674054 	2.58322264238e-20
0.546 	0.184518828452 	1.47650753234e-19 	0.0883668707744 	0.000603638949131 	146.390273361 	-23.9560792344 	35.5265762127 	-0.260663674054 	2.58322264238e-20
0.546 	0.185983263598 	1.09183202525e-18 	0.0877745658916 	0.000601259722883 	145.984443247 	-24.3207989673 	35.5370889853 	-0.236202170146 	-2.63604325484e-20
0.546 	0.187447698745 	3.39849016251e-19 	0.0877745658916 	0.000601259722883 	145.984443247 	-24.3207989673 	35.5370889853 	-0.236202170146 	-2.63604325484e-20
0.546 	0.188912133891 	-1.26191615868e-18 	0.0872151214254 	0.000599006820083 	145.599546618 	-24.6682664634 	35.5471019591 	-0.211083542225 	1.88846848652e-20
0.546 	0.190376569038 	-3.72767347162e-20 	0.0872151214254 	0.000599006820083 	145.599546618 	-24.6682664634 	35.5471019591 	-0.211083542225 	1.88846848652e-20
0.546 	0.191841004184 	2.23673700399e-19 	0.0866877615268 	0.000596878031344 	145.235302649 	-24.9975556401 	35.5565879987 	-0.185300615388 	-1.55524347662e-20
0.546 	0.193305439331 	-3.24611034317e-19 	0.0866877615268 	0.000596878031344 	145.235302649 	-24.9975556401 	35.5565879987 	-0.185300615388 	-1.55524347662e-20
0.546 	0.194769874477 	4.09327285771e-20 	0.0861917650574 	0.000594871295658 	144.891450783 	-25.3077086877 	35.5655189535 	-0.158846466883 	-5.1598501831e-22
0.546 	0.196234309623 	7.09421874683e-19 	0.0861917650574 	0.000594871295658 	144.891450783 	-25.3077086877 	35.5655189535 	-0.158846466883 	-5.1598501831e-22
0.546 	0.19769874477 	-3.18200243784e-19 	0.0857264635456 	0.000592984695339 	144.5677506 	-25.5977255286 	35.5738655603 	-0.131713543778 	1.29444215813e-22
0.546 	0.199163179916 	-5.43479230758e-19 	0.0857264635456 	0.000592984695339 	144.5677506 	-25.5977255286 	35.5738655603 	-0.131713543778 	1.29444215813e-22
0.546 	0.200627615063 	-1.4241344508e-19 	0.0852912472114 	0.000591216481861 	144.263987605 	-25.8665763702 	35.5815974362 	-0.103895140573 	-6.35898771533e-21
0.546 	0.202092050209 	-3.71081013712e-19 	0.0852912472114 	0.000591216481861 	144.263987605 	-25.8665763702 	35.5815974362 	-0.103895140573 	-6.35898771533e-21
0.546 	0.203556485356 	1.3255290327e-20 	0.0848855575736 	0.000589565051389 	143.979968578 	-26.1131743751 	35.5886829122 	-0.0753828263891 	1.76270820023e-20
0.546 	0.205020920502 	6.36737107761e-19 	0.0848855575736 	0.000589565051389 	143.979968578 	-26.1131743751 	35.5886829122 	-0.0753828263891 	1.76270820023e-20
0.546 	0.206485355649 	-1.63372028452e-19 	0.084508903873 	0.000588029010641 	143.715535023 	-26.3364152683 	35.5950891122 	-0.0461707409447 	-2.64666326729e-21
0.546 	0.207949790795 	-2.26265485054e-19 	0.084508903873 	0.000588029010641 	143.715535023 	-26.3364152683 	35.5950891122 	-0.0461707409447 	-2.64666326729e-21
0.546 	0.209414225941 	-2.2119648083e-19 	0.0841608395001 	0.000586607090727 	143.47054584 	-26.5351044943 	35.6007816272 	-0.0162483462789 	5.11112430506e-21
0.546 	0.210878661088 	-4.27463098913e-19 	0.0841608395001 	0.000586607090727 	143.47054584 	-26.5351044943 	35.6007816272 	-0.0162483462789 	5.11112430506e-21
0.546 	0.212343096234 	-1.25454173349e-19 	0.0838410067701 	0.000585298320356 	143.244912644 	-26.7080699576 	35.6057248109 	0.0143876292799 	1.16714553564e-20
0.546 	0.213807531381 	6.05533821786e-19 	0.0838410067701 	0.000585298320356 	143.244912644 	-26.7080699576 	35.6057248109 	0.0143876292799 	1.16714553564e-20
0.546 	0.215271966527 	7.74444252457e-19 	0.0835490679867 	0.000584101765174 	143.038547336 	-26.8539702052 	35.6098810894 	0.0457528560549 	-2.55855472148e-20
0.546 	0.216736401674 	-3.71275448987e-19 	0.0835490679867 	0.000584101765174 	143.038547336 	-26.8539702052 	35.6098810894 	0.0457528560549 	-2.55855472148e-20
0.546 	0.21820083682 	7.95883735338e-19 	0.0832848259677 	0.000583016988941 	142.851456385 	-26.9715958184 	35.6132117571 	0.0778435363452 	3.186539034e-20
0.546 	0.219665271967 	-5.3309173507e-20 	0.0832848259677 	0.000583016988941 	142.851456385 	-26.9715958184 	35.6132117571 	0.0778435363452 	3.186539034e-20
0.546 	0.221129707113 	2.33832655265e-19 	0.0830480341297 	0.000582043327722 	142.683594458 	-27.0593786828 	35.615675522 	0.110687753178 	-2.82602073752e-20
0.546 	0.222594142259 	1.08231852651e-18 	0.0830480341297 	0.000582043327722 	142.683594458 	-27.0593786828 	35.615675522 	0.110687753178 	-2.82602073752e-20
0.546 	0.224058577406 	-7.39837633145e-19 	0.0828387129189 	0.000581181099401 	142.535111696 	-27.1161587245 	35.6172303369 	0.144263773115 	2.07419415527e-20
0.546 	0.225523012552 	1.88388566113e-19 	0.0828387129189 	0.000581181099401 	142.535111696 	-27.1161587245 	35.6172303369 	0.144263773115 	2.07419415527e-20
0.546 	0.226987447699 	2.96123080962e-19 	0.0828387129189 	0.000581181099401 	142.535111696 	-27.1161587245 	35.6172303369 	0.144263773115 	2.07419415527e-20
0.546 	0.228451882845 	-9.31905961734e-20 	0.0826566507323 	0.000580429689 	142.405966302 	-27.1399735915 	35.6178305025 	0.178629002043 	-2.81884974539e-20
0.546 	0.229916317992 	3.87967576111e-19 	0.0826566507323 	0.000580429689 	142.405966302 	-27.1399735915 	35.6178305025 	0.178629002043 	-2.81884974539e-20
0.546 	0.231380753138 	8.54730334624e-19 	0.0825022088348 	0.000579790629395 	142.296554397 	-27.1299222123 	35.6174303356 	0.213718739363 	3.22894006433e-20
0.546 	0.232845188285 	-5.76231829607e-19 	0.0825022088348 	0.000579790629395 	142.296554397 	-27.1299222123 	35.6174303356 	0.213718739363 	3.22894006433e-20
0.546 	0.234309623431 	6.12272229854e-19 	0.082375063597 	0.000579262767501 	142.206729344 	-27.0832986728 	35.6159790121 	0.249657403825 	-1.74714235762e-21
0.546 	0.235774058577 	1.21336049291e-21 	0.082375063597 	0.000579262767501 	142.206729344 	-27.0832986728 	35.6159790121 	0.249657403825 	-1.74714235762e-21
0.546 	0.237238493724 	4.17607794195e-19 	0.082375063597 	0.000579262767501 	142.206729344 	-27.0832986728 	35.6159790121 	0.249657403825 	-1.74714235762e-21
0.546 	0.23870292887 	6.30313632053e-19 	0.0822761846163 	0.000578849845781 	142.137352572 	-26.999922313 	35.613426662 	0.286282417916 	-6.58332885077e-21
0.546 	0.240167364017 	-4.88576659923e-19 	0.0822761846163 	0.000578849845781 	142.137352572 	-26.999922313 	35.613426662 	0.286282417916 	-6.58332885077e-21
0.546 	0.241631799163 	-2.67845828562e-19 	0.0822047880118 	0.000578548783566 	142.087910902 	-26.8756391095 	35.6097170677 	0.323865517411 	-1.04912351464e-20
0.546 	0.24309623431 	-4.04237501003e-20 	0.0822047880118 	0.000578548783566 	142.087910902 	-26.8756391095 	35.6097170677 	0.323865517411 	-1.04912351464e-20
0.546 	0.244560669456 	2.89257507549e-19 	0.0821630271439 	0.000578367670576 	142.060200326 	-26.7119298909 	35.6047941937 	0.362031681954 	-4.50113561352e-20
0.546 	0.246025104603 	3.38061414579e-19 	0.0821630271439 	0.000578367670576 	142.060200326 	-26.7119298909 	35.6047941937 	0.362031681954 	-4.50113561352e-20
0.546 	0.247489539749 	-4.39395332938e-19 	0.0821630271439 	0.000578367670576 	142.060200326 	-26.7119298909 	35.6047941937 	0.362031681954 	-4.50113561352e-20
0.546 	0.248953974895 	-6.83180324757e-19 	0.0821488847991 	0.000578298422552 	142.052756147 	-26.5018422368 	35.5985982792 	0.401362896429 	6.24485732923e-20
0.546 	0.250418410042 	-4.73179978079e-19 	0.0821488847991 	0.000578298422552 	142.052756147 	-26.5018422368 	35.5985982792 	0.401362896429 	6.24485732923e-20
0.546 	0.251882845188 	7.79884200378e-19 	0.082166883441 	0.000578357864693 	142.06927658 	-26.250296513 	35.5910607845 	0.441045298836 	-3.24635201475e-20
0.546 	0.253347280335 	6.40004810863e-20 	0.082166883441 	0.000578357864693 	142.06927658 	-26.250296513 	35.5910607845 	0.441045298836 	-3.24635201475e-20
0.546 	0.254811715481 	3.06567408099e-19 	0.082166883441 	0.000578357864693 	142.06927658 	-26.250296513 	35.5910607845 	0.441045298836 	-3.24635201475e-20
0.546 	0.256276150628 	-6.9382856453e-19 	0.0822121145233 	0.000578526312445 	142.106093975 	-25.9451286854 	35.5821288664 	0.482283221169 	5.18838818762e-20
0.546 	0.257740585774 	8.40374941224e-19 	0.0822121145233 	0.000578526312445 	142.106093975 	-25.9451286854 	35.5821288664 	0.482283221169 	5.18838818762e-20
0.546 	0.259205020921 	-7.8783964181e-19 	0.0822938273003 	0.000578837988536 	142.17074368 	-25.5977689904 	35.5717024206 	0.523402826928 	-6.3829483287e-20
0.546 	0.260669456067 	-1.57542860438e-19 	0.0822938273003 	0.000578837988536 	142.17074368 	-25.5977689904 	35.5717024206 	0.523402826928 	-6.3829483287e-20
0.546 	0.262133891213 	-5.96957382819e-19 	0.0822938273003 	0.000578837988536 	142.17074368 	-25.5977689904 	35.5717024206 	0.523402826928 	-6.3829483287e-20
0.546 	0.26359832636 	-1.77765764095e-19 	0.0824009767038 	0.00057924870108 	142.254918397 	-25.1869295654 	35.5597671971 	0.566789692453 	2.13689553615e-20
0.546 	0.265062761506 	4.30201470386e-19 	0.0824009767038 	0.00057924870108 	142.254918397 	-25.1869295654 	35.5597671971 	0.566789692453 	2.13689553615e-20
0.546 	0.266527196653 	6.39051385659e-19 	0.0825521261074 	0.000579826748087 	142.373780409 	-24.7352325638 	35.5461332592 	0.609185268024 	7.34574567755e-22
0.546 	0.267991631799 	9.78568954253e-20 	0.0825521261074 	0.000579826748087 	142.373780409 	-24.7352325638 	35.5461332592 	0.609185268024 	7.34574567755e-22
0.546 	0.269456066946 	-7.13098999745e-19 	0.0825521261074 	0.000579826748087 	142.373780409 	-24.7352325638 	35.5461332592 	0.609185268024 	7.34574567755e-22
0.546 	0.270920502092 	3.79856592263e-19 	0.0827239317904 	0.000580478736317 	142.509839921 	-24.2068259387 	35.5309149487 	0.655076312962 	-1.68219566851e-21
0.546 	0.272384937238 	1.86578623661e-19 	0.0827239317904 	0.000580478736317 	142.509839921 	-24.2068259387 	35.5309149487 	0.655076312962 	-1.68219566851e-21
0.546 	0.273849372385 	4.88258062621e-19 	0.082952310714 	0.000581335317167 	142.692708088 	-23.6412991185 	35.5136856371 	0.698490297015 	1.34914268603e-20
0.546 	0.275313807531 	-4.42314216059e-19 	0.082952310714 	0.000581335317167 	142.692708088 	-23.6412991185 	35.5136856371 	0.698490297015 	1.34914268603e-20
0.546 	0.276778242678 	-8.33092700657e-20 	0.082952310714 	0.000581335317167 	142.692708088 	-23.6412991185 	35.5136856371 	0.698490297015 	1.34914268603e-20
0.546 	0.278242677824 	-1.56656536641e-19 	0.0831903276023 	0.000582207807764 	142.887688026 	-22.9827448549 	35.4949232252 	0.747354764879 	2.30279188683e-20
0.546 	0.279707112971 	-1.13570505371e-18 	0.0831903276023 	0.000582207807764 	142.887688026 	-22.9827448549 	35.4949232252 	0.747354764879 	2.30279188683e-20
0.546 	0.281171548117 	-1.24256101263e-19 	0.0831903276023 	0.000582207807764 	142.887688026 	-22.9827448549 	35.4949232252 	0.747354764879 	2.30279188683e-20
0.546 	0.282635983264 	-2.30007704487e-19 	0.0835039290344 	0.000583330419205 	143.150307759 	-22.2915915647 	35.4735997184 	0.791474104831 	-4.70784375972e-20
0.546 	0.28410041841 	4.7800324652e-19 	0.0835039290344 	0.000583330419205 	143.150307759 	-22.2915915647 	35.4735997184 	0.791474104831 	-4.70784375972e-20
0.546 	0.285564853556 	-8.81705535237e-19 	0.0838018212608 	0.000584330948031 	143.414997175 	-21.4916575681 	35.4511120165 	0.843798684281 	4.45407066186e-20
0.546 	0.287029288703 	-1.76539338331e-19 	0.0838018212608 	0.000584330948031 	143.414997175 	-21.4916575681 	35.4511120165 	0.843798684281 	4.45407066186e-20
0.546 	0.288493723849 	-1.38473456954e-19 	0.0838018212608 	0.000584330948031 	143.414997175 	-21.4916575681 	35.4511120165 	0.843798684281 	4.45407066186e-20
0.546 	0.289958158996 	9.0342067434e-19 	0.0841936883767 	0.000585577453351 	143.778910706 	-20.6575188795 	35.4249726809 	0.888448609298 	-1.78443911174e-20
0.546 	0.291422594142 	-1.02832960296e-18 	0.0841936883767 	0.000585577453351 	143.778910706 	-20.6575188795 	35.4249726809 	0.888448609298 	-1.78443911174e-20
0.546 	0.292887029289 	5.92649875262e-19 	0.0841936883767 	0.000585577453351 	143.778910706 	-20.6575188795 	35.4249726809 	0.888448609298 	-1.78443911174e-20
0.546 	0.294351464435 	8.53958241517e-19 	0.0845010091787 	0.000586322937021 	144.12025156 	-19.7111012961 	35.3987326621 	0.944410786297 	1.73637613525e-20
0.546 	0.295815899582 	-4.14946660431e-19 	0.0845010091787 	0.000586322937021 	144.12025156 	-19.7111012961 	35.3987326621 	0.944410786297 	1.73637613525e-20
0.546 	0.297280334728 	5.11561977137e-19 	0.0845010091787 	0.000586322937021 	144.12025156 	-19.7111012961 	35.3987326621 	0.944410786297 	1.73637613525e-20
0.546 	0.298744769874 	8.7299784467e-19 	0.0848725832606 	0.000586991148229 	144.589204653 	-18.7043712457 	35.366577423 	0.990076816473 	-1.31765321068e-20
0.546 	0.300209205021 	-6.52257041887e-19 	0.0848725832606 	0.000586991148229 	144.589204653 	-18.7043712457 	35.366577423 	0.990076816473 	-1.31765321068e-20
0.546 	0.301673640167 	-3.99163360901e-19 	0.0848725832606 	0.000586991148229 	144.589204653 	-18.7043712457 	35.366577423 	0.990076816473 	-1.31765321068e-20
0.546 	0.303138075314 	-7.67601006864e-19 	0.0849571415477 	0.000586066434878 	144.961622935 	-17.6218160904 	35.3369467431 	1.04876093957 	9.25813709753e-21
0.546 	0.30460251046 	1.19289730478e-18 	0.0849571415477 	0.000586066434878 	144.961622935 	-17.6218160904 	35.3369467431 	1.04876093957 	9.25813709753e-21
0.546 	0.306066945607 	2.43528317242e-19 	0.0849571415477 	0.000586066434878 	144.961622935 	-17.6218160904 	35.3369467431 	1.04876093957 	9.25813709753e-21
0.546 	0.307531380753 	3.55782808821e-19 	0.0849081008346 	0.000583787850783 	145.443418736 	-16.3888165059 	35.2969354774 	1.097716516 	-3.13075628762e-20
0.546 	0.3089958159 	5.81969992182e-19 	0.0849081008346 	0.000583787850783 	145.443418736 	-16.3888165059 	35.2969354774 	1.097716516 	-3.13075628762e-20
0.546 	0.310460251046 	4.38492867185e-19 	0.0849081008346 	0.000583787850783 	145.443418736 	-16.3888165059 	35.2969354774 	1.097716516 	-3.13075628762e-20
0.546 	0.311924686192 	-6.84845420754e-21 	0.0841891225248 	0.000577767804227 	145.714458142 	-15.2110473193 	35.2654942534 	1.15555708898 	1.84562609967e-20
0.546 	0.313389121339 	4.33558660995e-19 	0.0841891225248 	0.000577767804227 	145.714458142 	-15.2110473193 	35.2654942534 	1.15555708898 	1.84562609967e-20
0.546 	0.314853556485 	1.52522477441e-19 	0.0841891225248 	0.000577767804227 	145.714458142 	-15.2110473193 	35.2654942534 	1.15555708898 	1.84562609967e-20
0.546 	0.316317991632 	-4.763163241e-19 	0.0833046478752 	0.000569220045445 	146.3487601 	-13.6568795798 	35.2151404262 	1.21392412955 	-2.90444421182e-21
0.546 	0.317782426778 	-5.70799678408e-19 	0.0833046478752 	0.000569220045445 	146.3487601 	-13.6568795798 	35.2151404262 	1.21392412955 	-2.90444421182e-21
0.546 	0.319246861925 	1.05319307065e-18 	0.0833046478752 	0.000569220045445 	146.3487601 	-13.6568795798 	35.2151404262 	1.21392412955 	-2.90444421182e-21
0.546 	0.320711297071 	-7.24301650787e-20 	0.0820434622325 	0.000557368963439 	147.197758781 	-12.4700638647 	35.1857439114 	1.26204513765 	1.62384516237e-20
0.546 	0.322175732218 	-4.18897507432e-19 	0.0820434622325 	0.000557368963439 	147.197758781 	-12.4700638647 	35.1857439114 	1.26204513765 	1.62384516237e-20
0.546 	0.323640167364 	5.13084709364e-20 	0.0820434622325 	0.000557368963439 	147.197758781 	-12.4700638647 	35.1857439114 	1.26204513765 	1.62384516237e-20
0.546 	0.32510460251 	-3.13002558042e-19 	0.0811543001008 	0.000544776871523 	148.967961643 	-10.4465868568 	35.1183607561 	1.34275703523 	-2.14691081982e-20
0.546 	0.326569037657 	2.18331317233e-20 	0.0811543001008 	0.000544776871523 	148.967961643 	-10.4465868568 	35.1183607561 	1.34275703523 	-2.14691081982e-20
0.546 	0.328033472803 	2.50063621267e-19 	0.0811543001008 	0.000544776871523 	148.967961643 	-10.4465868568 	35.1183607561 	1.34275703523 	-2.14691081982e-20
0.546 	0.32949790795 	-4.26012482448e-19 	0.0803340641077 	0.000533173566289 	150.671505842 	-9.44926685185 	35.0882415055 	1.36241804892 	7.68679222794e-21
0.546 	0.330962343096 	6.50492517431e-19 	0.0803340641077 	0.000533173566289 	150.671505842 	-9.44926685185 	35.0882415055 	1.36241804892 	7.68679222794e-21
0.546 	0.332426778243 	9.37059905916e-19 	0.0803340641077 	0.000533173566289 	150.671505842 	-9.44926685185 	35.0882415055 	1.36241804892 	7.68679222794e-21
0.546 	0.333891213389 	-2.10794447791e-20 	0.0788651626139 	0.000522623644647 	150.902400651 	-6.80419668307 	35.0020879784 	1.49172559924 	-3.75079255412e-21
0.546 	0.335355648536 	2.69296642855e-19 	0.0788651626139 	0.000522623644647 	150.902400651 	-6.80419668307 	35.0020879784 	1.49172559924 	-3.75079255412e-21
0.546 	0.336820083682 	-2.64341244025e-19 	0.0788651626139 	0.000522623644647 	150.902400651 	-6.80419668307 	35.0020879784 	1.49172559924 	-3.75079255412e-21
0.546 	0.338284518828 	-5.72103900419e-19 	0.0774168177105 	0.000514657895353 	150.423841564 	-5.98184842673 	35.0697399589 	1.45908745698 	1.64912611557e-21
0.546 	0.339748953975 	1.01791525663e-18 	0.0774168177105 	0.000514657895353 	150.423841564 	-5.98184842673 	35.0697399589 	1.45908745698 	1.64912611557e-21
0.546 	0.341213389121 	2.71366164057e-19 	0.0774168177105 	0.000514657895353 	150.423841564 	-5.98184842673 	35.0697399589 	1.45908745698 	1.64912611557e-21
0.546 	0.342677824268 	-5.37630836328e-19 	0.076712645468 	0.000510909320923 	150.149238478 	-1.77573986905 	34.4846675793 	1.63640324002 	3.15654352012e-21
0.546 	0.344142259414 	-1.26646205848e-19 	0.076712645468 	0.000510909320923 	150.149238478 	-1.77573986905 	34.4846675793 	1.63640324002 	3.15654352012e-21
0.546 	0.345606694561 	2.19587911358e-19 	0.076712645468 	0.000510909320923 	150.149238478 	-1.77573986905 	34.4846675793 	1.63640324002 	3.15654352012e-21
0.546 	0.347071129707 	5.03288669269e-19 	0.076712645468 	0.000510909320923 	150.149238478 	-1.77573986905 	34.4846675793 	1.63640324002 	3.15654352012e-21
