0.462 	0 	0 	6.5055823744 	3.54345911047e-05 	183594.114439 	31.8421566162 	17.6472590246 	-0.003406972363 	-2.42981131565e-22
0.462 	0.00146443514644 	1.37547184225e-18 	2.84022516631 	0.000415314761761 	6838.72914668 	31.7794777557 	31.1470806828 	-0.0531287157822 	-1.67837982653e-21
0.462 	0.00292887029289 	3.6656858868e-18 	0.392403484546 	0.000553727374335 	708.658272524 	31.660832551 	32.5735372931 	-0.143503009362 	-6.80551590328e-21
0.462 	0.00439330543933 	4.53379520664e-18 	0.262679352588 	0.000682016046646 	385.151278888 	31.4994513445 	32.446330709 	-0.234018453583 	1.1599026095e-20
0.462 	0.00585774058577 	6.32811915139e-20 	0.25552541941 	0.000690433819084 	370.094008067 	31.2799064442 	32.0961795427 	-0.334300030382 	-3.22789525026e-21
0.462 	0.00732217573222 	1.77706191828e-18 	0.248658448026 	0.000682378557677 	364.399562719 	31.0270475351 	31.8104291353 	-0.423716289398 	-3.03540315004e-21
0.462 	0.00878661087866 	-1.6500830732e-18 	0.244631061779 	0.000677790367869 	360.924370389 	30.6218541409 	31.520708864 	-0.536067383219 	-4.05591937213e-21
0.462 	0.0102510460251 	8.38784449937e-19 	0.244139625883 	0.000677584508684 	360.308747845 	30.2822980454 	31.3631012146 	-0.613259366517 	2.56609857227e-21
0.462 	0.0117154811715 	1.8313474895e-19 	0.244996097374 	0.000679218313384 	360.703020733 	29.7710899455 	31.2071558678 	-0.711417965257 	1.25549758808e-20
0.462 	0.013179916318 	-1.88923001472e-18 	0.246244130477 	0.000681210395804 	361.480288607 	29.286573522 	31.1157164806 	-0.790551293695 	-1.51969393817e-20
0.462 	0.0146443514644 	-9.95011241321e-19 	0.247841109374 	0.000683662568774 	362.519641551 	28.5780002201 	31.0432344971 	-0.889141664529 	4.67548115294e-21
0.462 	0.0161087866109 	-4.48029806631e-19 	0.248588095502 	0.00068480851786 	363.00380182 	28.0939880686 	31.0217825895 	-0.947621711144 	2.06843917747e-20
0.462 	0.0175732217573 	-1.85581806291e-18 	0.249149785811 	0.00068571305634 	363.344089057 	27.3752329313 	31.0180499357 	-1.02428459022 	1.03897429768e-20
0.462 	0.0190376569038 	-9.85699153922e-19 	0.249094613515 	0.000685751629604 	363.243195877 	26.5675331696 	31.0412405615 	-1.09902478145 	-6.29114942786e-21
0.462 	0.0205020920502 	-4.27592612811e-19 	0.248614591083 	0.000685170419294 	362.850736229 	25.8999967745 	31.0750002714 	-1.1536312635 	-2.77002817279e-21
0.462 	0.0219665271967 	3.54353489976e-19 	0.247400036012 	0.000683597160665 	361.909104145 	24.9229566073 	31.1397802286 	-1.2243944662 	1.95715093791e-20
0.462 	0.0234309623431 	9.89376908799e-20 	0.246088018323 	0.000681857509752 	360.908276001 	24.1216892578 	31.2016901055 	-1.27592874111 	-1.77420096785e-20
0.462 	0.0248953974895 	1.71011267124e-18 	0.244470055654 	0.000679687025161 	359.680333159 	23.2588757671 	31.2737365733 	-1.32618335519 	-3.89081391227e-21
0.462 	0.026359832636 	-9.16690782872e-19 	0.242586913695 	0.000677138284725 	358.253135536 	22.3319018783 	31.3548239682 	-1.37521449456 	-7.86296178154e-21
0.462 	0.0278242677824 	4.25340212977e-19 	0.240481386458 	0.000674266629347 	356.656218759 	21.3381052425 	31.4439510774 	-1.42308140833 	-7.5336448286e-22
0.462 	0.0292887029289 	-2.56373276987e-18 	0.23897502221 	0.000672199904987 	355.511835746 	20.6371185265 	31.5073927611 	-1.45437117508 	1.12437342894e-20
0.462 	0.0307531380753 	-1.5081053973e-18 	0.236589522991 	0.000668907994889 	353.695164057 	19.5259489808 	31.6080072577 	-1.50039952142 	5.53925818178e-21
0.462 	0.0322175732218 	1.31949980025e-18 	0.234084449165 	0.000665427360076 	351.780619808 	18.340772244 	31.7145576981 	-1.54535080163 	-9.73483175345e-21
0.462 	0.0336820083682 	-1.80989185642e-18 	0.2323640233 	0.000663023395084 	350.461273348 	17.5082515567 	31.7885961496 	-1.57471349791 	3.7370740503e-21
0.462 	0.0351464435146 	-1.68900423735e-18 	0.229729300885 	0.000659320935621 	348.433196148 	16.1940046705 	31.9037867719 	-1.61781945209 	-2.12201965467e-20
0.462 	0.0366108786611 	-2.2670689955e-18 	0.227948796986 	0.000656804636892 	347.057228561 	15.2731474086 	31.9831483766 	-1.64590228971 	1.64204423017e-21
0.462 	0.0380753138075 	-2.89570790812e-18 	0.226157299754 	0.000654261281614 	345.668169751 	14.3157321409 	32.0644335705 	-1.67343064849 	-5.61049313663e-21
0.462 	0.039539748954 	-9.65256487243e-19 	0.22346242302 	0.000650413632263 	343.569710006 	12.8096671967 	32.1897547388 	-1.71361034714 	1.06110569757e-20
0.462 	0.0410041841004 	-1.03864658534e-18 	0.22166964274 	0.000647839379552 	342.167595451 	11.7581501688 	32.2754380321 	-1.73959783304 	5.24434765261e-21
0.462 	0.0424686192469 	-1.01080239899e-18 	0.219885801861 	0.00064526633555 	340.767509084 	10.6680483857 	32.3627399281 	-1.76489469335 	2.07203844872e-21
0.462 	0.0439330543933 	-6.11598902794e-19 	0.218114660856 	0.000642700055996 	339.37240058 	9.53890713061 	32.451589984 	-1.78945216005 	2.53157770097e-21
0.462 	0.0453974895397 	2.7974375746e-19 	0.216360301388 	0.000640146631307 	337.985534574 	8.37033632553 	32.5419220063 	-1.81321760089 	-3.28769379387e-21
0.462 	0.0468619246862 	2.31337151454e-19 	0.214626723104 	0.00063761214922 	336.610153 	7.16201216334 	32.6336740274 	-1.83613524481 	-1.48319616712e-21
0.462 	0.0483263598326 	-3.19562065948e-20 	0.21291671319 	0.000635101018291 	335.248577877 	5.91367979946 	32.7267872083 	-1.85814684743 	-4.76314257833e-21
0.462 	0.0497907949791 	-2.63511858782e-19 	0.211232565033 	0.000632616965083 	333.902782713 	4.62515295368 	32.8212040009 	-1.87919189999 	-2.36999017401e-21
0.462 	0.0512552301255 	-1.7342874732e-18 	0.209577170758 	0.000630164650772 	332.575257119 	3.29631051319 	32.9168683254 	-1.89920750795 	3.33654428135e-21
0.462 	0.052719665272 	-1.34413261178e-18 	0.207953072745 	0.000627748295986 	331.268239316 	1.92710632653 	33.0137261216 	-1.91812921538 	1.11373673644e-22
0.462 	0.0541841004184 	-7.6501113797e-19 	0.207153149711 	0.000626554338467 	330.622799961 	1.22737865431 	33.0625857429 	-1.92715963918 	2.90844777414e-22
0.462 	0.0556485355649 	1.86498235167e-20 	0.205578060554 	0.000624195935685 	329.348604823 	-0.202257927479 	33.1611318841 	-1.94431886588 	3.12903602907e-22
0.462 	0.0571129707113 	-1.15762139572e-18 	0.204037097616 	0.000621878990523 	328.097750086 	-1.6719770544 	33.2607336257 	-1.96022044111 	-1.0937795973e-21
0.462 	0.0585774058577 	1.71125570925e-18 	0.203279790954 	0.000620736802696 	327.481454411 	-2.42178417036 	33.3109124425 	-1.96767857936 	-4.61586087422e-22
0.462 	0.0600418410042 	7.03381894786e-19 	0.201791690035 	0.000618485599307 	326.267402606 	-3.95106946782 	33.4119885726 	-1.98156740485 	2.42971157764e-21
0.462 	0.0615062761506 	1.92939058214e-19 	0.200339049027 	0.000616279262112 	325.078355452 	-5.51955069622 	33.513970146 	-1.99402970709 	1.97539029609e-21
0.462 	0.0629707112971 	1.80284914748e-18 	0.199626378542 	0.000615193622754 	324.493575939 	-6.31833401484 	33.5652803421 	-1.99970460693 	-2.79081093603e-21
0.462 	0.0644351464435 	1.24069027981e-18 	0.198229628794 	0.000613059704565 	323.344736765 	-7.94463770819 	33.6685003384 	-2.00989936421 	-7.75343323952e-21
0.462 	0.06589958159 	1.42596361159e-18 	0.197545969931 	0.000612012207631 	322.781094017 	-8.77200822187 	33.720395252 	-2.01440214127 	3.98215916399e-21
0.462 	0.0673640167364 	1.84890258576e-18 	0.196208554907 	0.000609957221155 	321.675927592 	-10.4547787496 	33.8247194614 	-2.02217592533 	-7.85481224865e-21
0.462 	0.0688284518828 	-3.92301244125e-21 	0.195554814522 	0.000608949903317 	321.134486527 	-11.3099964159 	33.8771348555 	-2.02543054607 	-7.38429274951e-21
0.462 	0.0702928870293 	9.4364959686e-19 	0.194277050667 	0.000606975654298 	320.073876589 	-13.0475837811 	33.9824364447 	-2.0306366957 	6.66125024458e-21
0.462 	0.0717573221757 	1.18923403247e-18 	0.193652845635 	0.000606008592144 	319.554620421 	-13.9297069044 	34.0353072788 	-2.03257190057 	-1.47319527884e-20
0.462 	0.0732217573222 	1.05480896122e-18 	0.192433009183 	0.000604113764353 	318.537700244 	-15.7198618595 	34.1414462111 	-2.03506153553 	1.09450632383e-21
0.462 	0.0746861924686 	1.29150149508e-18 	0.191836978698 	0.000603185530402 	318.039755646 	-16.6276110107 	34.1946960203 	-2.03559987454 	-1.5026142124e-20
0.462 	0.0761506276151 	1.96141392665e-19 	0.191249983768 	0.000602269832103 	317.548669341 	-17.5436238575 	34.2480531308 	-2.03565684012 	6.99699239432e-21
0.462 	0.0776150627615 	-1.30534892638e-18 	0.190102912862 	0.000600476008927 	316.587024353 	-19.3997493927 	34.3550455196 	-2.03429135696 	1.67370680122e-20
0.462 	0.0790794979079 	4.70682726429e-19 	0.189542957564 	0.0005995981938 	316.116625307 	-20.3395213662 	34.4086585063 	-2.03285179823 	-4.11184110165e-21
0.462 	0.0805439330544 	2.40492423882e-19 	0.188992200803 	0.000598733416855 	315.653336664 	-21.2869204576 	34.4623356445 	-2.03089840886 	-1.4077171775e-20
0.462 	0.0820083682008 	-1.05506861318e-18 	0.188450717142 	0.000597881856951 	315.197250011 	-22.2417521033 	34.5160667029 	-2.02842406197 	2.91144814184e-21
0.462 	0.0834728033473 	3.58448988021e-19 	0.187395522873 	0.000596218567093 	314.30675463 	-24.1729704626 	34.6236505787 	-2.02187622818 	-1.05428708247e-20
0.462 	0.0849372384937 	9.33770162037e-20 	0.18688163737 	0.00059540668633 	313.872251792 	-25.1489339865 	34.6774826556 	-2.01778805301 	1.35403368205e-20
0.462 	0.0864016736402 	6.72145752213e-19 	0.186376761135 	0.000594607853166 	313.444836194 	-26.1314792098 	34.7313269002 	-2.01314785945 	-5.06900300829e-21
0.462 	0.0878661087866 	-3.35120497534e-19 	0.185880841297 	0.000593822040641 	313.024489789 	-27.1204056744 	34.7851728478 	-2.0079475505 	2.74250851432e-20
0.462 	0.0893305439331 	-1.6370132416e-19 	0.185393859562 	0.000593049276096 	312.611223105 	-28.1154815035 	34.8390093471 	-2.00218033619 	-3.61372162764e-21
0.462 	0.0907949790795 	-1.26227579877e-18 	0.184446618397 	0.000591542974046 	311.805949 	-30.1231044124 	34.9466103249 	-1.98891869222 	3.96850742116e-21
0.462 	0.0922594142259 	-1.19781876743e-18 	0.183986182612 	0.000590809272544 	311.413837193 	-31.1351784158 	35.0003538322 	-1.98141005334 	2.37458120474e-20
0.462 	0.0937238493724 	6.04469140189e-20 	0.183534337843 	0.000590088297077 	311.028601572 	-32.1524215624 	35.0540445413 	-1.9733074924 	-2.04864484503e-20
0.462 	0.0951882845188 	-1.4153511244e-19 	0.183090948068 	0.000589379883911 	310.650147835 	-33.1745824662 	35.1076709186 	-1.96460408182 	2.70110923351e-20
0.462 	0.0966527196653 	1.05136139776e-18 	0.182655929606 	0.00058868394879 	310.278426958 	-34.2014082236 	35.1612210596 	-1.95529286741 	-3.90121824519e-20
0.462 	0.0981171548117 	-5.31836682328e-19 	0.18222924987 	0.000588000486845 	309.913433656 	-35.2326303615 	35.214682728 	-1.94536747959 	3.07290233386e-20
0.462 	0.0995815899582 	2.60075205955e-19 	0.181810900436 	0.00058732953191 	309.555182496 	-36.2679691004 	35.2680437841 	-1.93482177996 	5.60998763261e-21
0.462 	0.101046025105 	-2.89613736311e-19 	0.181400850158 	0.000586671082758 	309.203667079 	-37.3071379155 	35.3212923677 	-1.92364966417 	-3.93166968649e-20
0.462 	0.102510460251 	-1.37432168889e-18 	0.180999012453 	0.000586025050129 	308.858831911 	-38.3498447206 	35.3744167129 	-1.9118450326 	-5.72003475728e-21
0.462 	0.103974895397 	-1.18999969594e-18 	0.18060525708 	0.000585391273886 	308.520582962 	-39.3957914706 	35.4274047813 	-1.89940179146 	2.22355291366e-20
0.462 	0.105439330544 	7.8370694583e-19 	0.18021945124 	0.000584769587229 	308.188823728 	-40.4446740723 	35.4802440475 	-1.88631395286 	-1.03931178223e-20
0.462 	0.10690376569 	-3.97224908311e-19 	0.179841489828 	0.000584159864304 	307.863481929 	-41.4961830276 	35.5329215701 	-1.87257573948 	-1.57413885628e-20
0.462 	0.108368200837 	-2.57268843875e-19 	0.17947129953 	0.0005835620271 	307.544513172 	-42.5500036858 	35.5854242008 	-1.85818163864 	5.16769403902e-20
0.462 	0.109832635983 	-2.88346136633e-19 	0.17910883047 	0.000582976033565 	307.231893178 	-43.6058164768 	35.6377388134 	-1.84312635334 	-4.89455855598e-20
0.462 	0.11129707113 	1.24420865314e-18 	0.178754043205 	0.000582401858564 	306.925605708 	-44.6632968563 	35.6898524798 	-1.82740471788 	1.31162487123e-20
0.462 	0.112761506276 	7.29187723318e-20 	0.178406886907 	0.000581839459598 	306.625623209 	-45.7221141116 	35.7417525025 	-1.81101166672 	4.75625672025e-20
0.462 	0.114225941423 	-7.66505680924e-19 	0.178067278667 	0.000581288742845 	306.331889029 	-46.7819313805 	35.7934262486 	-1.79394220259 	-2.31892717716e-22
0.462 	0.115690376569 	-1.03125840375e-18 	0.177735106474 	0.000580749566613 	306.044320464 	-47.8424078662 	35.8448608925 	-1.77619139049 	-4.03467571671e-20
0.462 	0.117154811715 	-2.07447770566e-18 	0.177410255572 	0.000580221782734 	305.762832164 	-48.9032000416 	35.8960432596 	-1.75775443963 	1.87023512879e-20
0.462 	0.118619246862 	-5.65547541291e-19 	0.177092629252 	0.000579705269462 	305.487354663 	-49.9639616652 	35.9469598991 	-1.73862679808 	3.88558832812e-20
0.462 	0.120083682008 	1.0295809068e-18 	0.176782147462 	0.000579199929166 	305.21783336 	-51.0243442045 	35.997597288 	-1.71880405866 	-5.01629329446e-20
0.462 	0.121548117155 	-1.07324319498e-18 	0.176478739292 	0.000578705677134 	304.954221576 	-52.0839962237 	36.0479419673 	-1.69828182519 	2.18377567856e-20
0.462 	0.123012552301 	-1.47799082764e-18 	0.176182342547 	0.000578222442463 	304.696479432 	-53.142561958 	36.0979806212 	-1.67705577062 	-5.0581033664e-20
0.462 	0.124476987448 	2.92436265933e-19 	0.17589289809 	0.000577750159866 	304.444568446 	-54.1996816222 	36.1477001626 	-1.65512169249 	-5.79888718429e-20
0.462 	0.125941422594 	4.46588986238e-19 	0.17589289809 	0.000577750159866 	304.444568446 	-54.1996816222 	36.1477001626 	-1.65512169249 	-5.79888718429e-20
0.462 	0.127405857741 	-2.24289941973e-20 	0.175610332325 	0.000577288740989 	304.19843634 	-55.254992908 	36.1970876724 	-1.63247548417 	1.83598874193e-20
0.462 	0.128870292887 	-6.68202983858e-19 	0.175334548641 	0.000576838059488 	303.958009977 	-56.3081311881 	36.2461301409 	-1.60911315395 	4.82501465786e-20
0.462 	0.130334728033 	8.42108513153e-20 	0.175065442238 	0.000576397974202 	303.723208744 	-57.3587284917 	36.2948142625 	-1.58503092661 	9.40990681175e-20
0.462 	0.13179916318 	1.22318837883e-18 	0.17480291965 	0.000575968360382 	303.49396195 	-58.4064132891 	36.3431264981 	-1.56022527944 	-1.19107301902e-19
0.462 	0.133263598326 	3.54651020231e-19 	0.174546900384 	0.000575549112168 	303.270210471 	-59.4508122944 	36.3910533078 	-1.53469276521 	6.22195568006e-20
0.462 	0.134728033473 	2.18517133316e-19 	0.174297304546 	0.000575140122716 	303.051895811 	-60.4915518518 	36.4385812608 	-1.50842979517 	2.77186453648e-20
0.462 	0.136192468619 	6.90757035263e-19 	0.174297304546 	0.000575140122716 	303.051895811 	-60.4915518518 	36.4385812608 	-1.50842979517 	2.77186453648e-20
0.462 	0.137656903766 	5.52159183536e-20 	0.174054047914 	0.000574741276902 	302.838955386 	-61.5282570145 	36.4856969265 	-1.48143271597 	-1.06657344891e-19
0.462 	0.139121338912 	-3.26197951711e-19 	0.173817051072 	0.00057435246694 	302.631330197 	-62.5605503797 	36.532386828 	-1.45369809259 	7.64875155566e-20
0.462 	0.140585774059 	1.06964663013e-18 	0.173586246284 	0.000573973604113 	302.428970671 	-63.5880535107 	36.5786376206 	-1.42522270009 	-8.73393589625e-20
0.462 	0.142050209205 	-7.15884523563e-19 	0.173361569434 	0.000573604605702 	302.231829575 	-64.6103889535 	36.624436249 	-1.39600323496 	7.19763013647e-22
0.462 	0.143514644351 	3.73027797883e-19 	0.173361569434 	0.000573604605702 	302.231829575 	-64.6103889535 	36.624436249 	-1.39600323496 	7.19763013647e-22
0.462 	0.144979079498 	-1.01382026891e-18 	0.173142945122 	0.000573245370124 	302.039849156 	-65.6271798377 	36.6697698336 	-1.36603628167 	1.09136469158e-19
0.462 	0.146443514644 	3.75274711861e-19 	0.172930284592 	0.000572895772854 	301.852959624 	-66.6380489878 	36.7146254421 	-1.33531845354 	-2.75836300221e-21
0.462 	0.147907949791 	-7.21144289387e-19 	0.17272349854 	0.000572555687124 	301.671090559 	-67.642618363 	36.7589899812 	-1.30384645669 	-2.94085285172e-20
0.462 	0.149372384937 	5.06336926773e-19 	0.17272349854 	0.000572555687124 	301.671090559 	-67.642618363 	36.7589899812 	-1.30384645669 	-2.94085285172e-20
0.462 	0.150836820084 	-3.45762871732e-19 	0.172522507059 	0.000572225000162 	301.494179755 	-68.6405083129 	36.8028502761 	-1.27161704035 	3.25256586936e-20
0.462 	0.15230125523 	5.42908737775e-19 	0.172327237343 	0.000571903609402 	301.322171272 	-69.6313387271 	36.8461932093 	-1.23862684972 	5.0758646175e-21
0.462 	0.153765690377 	1.33723076755e-18 	0.172137616401 	0.000571591410773 	301.155008905 	-70.6147306105 	36.8890057789 	-1.20487246981 	5.6389568786e-20
0.462 	0.155230125523 	-6.0466651604e-19 	0.172137616401 	0.000571591410773 	301.155008905 	-70.6147306105 	36.8890057789 	-1.20487246981 	5.6389568786e-20
0.462 	0.156694560669 	8.19379013073e-19 	0.171953568321 	0.000571288294584 	300.992633581 	-71.5903077384 	36.9312750744 	-1.17035051663 	-8.15767393795e-20
0.462 	0.158158995816 	-5.42238012733e-19 	0.171775017203 	0.000570994150475 	300.834985893 	-72.5576985836 	36.972988221 	-1.13505753727 	-1.84941413575e-20
0.462 	0.159623430962 	-1.39418116072e-18 	0.171775017203 	0.000570994150475 	300.834985893 	-72.5576985836 	36.972988221 	-1.13505753727 	-1.84941413575e-20
0.462 	0.161087866109 	2.34702251513e-19 	0.171601891919 	0.000570708875297 	300.682010298 	-73.5165362809 	37.0141323738 	-1.09898991853 	3.06700680868e-20
0.462 	0.162552301255 	-4.36878518348e-19 	0.171434127584 	0.000570432375765 	300.533656341 	-74.4664559145 	37.0546948178 	-1.06214390841 	4.14992326255e-21
0.462 	0.164016736402 	-6.11475622121e-19 	0.171434127584 	0.000570432375765 	300.533656341 	-74.4664559145 	37.0546948178 	-1.06214390841 	4.14992326255e-21
0.462 	0.165481171548 	-1.0223537821e-19 	0.171271662172 	0.000570164563015 	300.389875629 	-75.4070921686 	37.0946630467 	-1.02451557382 	3.032314692e-20
0.462 	0.166945606695 	-1.17473388143e-18 	0.171114432569 	0.000569905345852 	300.250618483 	-76.3380799082 	37.1340247056 	-0.986100709603 	-1.29599074306e-19
0.462 	0.168410041841 	-3.04026446724e-19 	0.171114432569 	0.000569905345852 	300.250618483 	-76.3380799082 	37.1340247056 	-0.986100709603 	-1.29599074306e-19
0.462 	0.169874476987 	-4.93963504262e-19 	0.170962373423 	0.000569654628508 	300.115833116 	-77.2590554602 	37.1727674621 	-0.946894827852 	1.50365748998e-19
0.462 	0.171338912134 	2.63101891719e-19 	0.170815418558 	0.000569412312882 	299.985466934 	-78.169657496 	37.2108789481 	-0.906893269018 	-8.93176886735e-20
0.462 	0.17280334728 	4.29737346584e-19 	0.170815418558 	0.000569412312882 	299.985466934 	-78.169657496 	37.2108789481 	-0.906893269018 	-8.93176886735e-20
0.462 	0.174267782427 	4.51155889512e-19 	0.170673503589 	0.000569178303003 	299.859468796 	-79.0695290821 	37.2483468085 	-0.866091203701 	2.43219860037e-20
0.462 	0.175732217573 	4.42346352053e-19 	0.170536568935 	0.000568952510106 	299.737791653 	-79.9583202358 	37.2851587625 	-0.824483509308 	-2.31936376846e-20
0.462 	0.17719665272 	4.96471808507e-19 	0.170536568935 	0.000568952510106 	299.737791653 	-79.9583202358 	37.2851587625 	-0.824483509308 	-2.31936376846e-20
0.462 	0.178661087866 	5.50818362614e-19 	0.170404559753 	0.000568734852473 	299.620392546 	-80.8356883999 	37.3213026558 	-0.782064755824 	9.96706338971e-20
0.462 	0.180125523013 	-6.01852573805e-19 	0.170277423587 	0.000568525251542 	299.507230549 	-81.7012966137 	37.3567664884 	-0.738829211487 	-1.09517264573e-19
0.462 	0.181589958159 	-3.12441505652e-19 	0.170277423587 	0.000568525251542 	299.507230549 	-81.7012966137 	37.3567664884 	-0.738829211487 	-1.09517264573e-19
0.462 	0.183054393305 	-1.69735916639e-19 	0.170155109572 	0.000568323630721 	299.398266013 	-82.5548113114 	37.39153838 	-0.694770710189 	1.07071177503e-20
0.462 	0.184518828452 	4.14447511199e-19 	0.170155109572 	0.000568323630721 	299.398266013 	-82.5548113114 	37.39153838 	-0.694770710189 	1.07071177503e-20
0.462 	0.185983263598 	-6.57364326004e-19 	0.170037569165 	0.000568129916699 	299.293461173 	-83.3959028094 	37.4256064998 	-0.649882537489 	1.36672133547e-20
0.462 	0.187447698745 	1.24746486004e-19 	0.169924757448 	0.000567944041592 	299.192781338 	-84.2242490477 	37.458959116 	-0.604157460441 	1.54745813193e-20
0.462 	0.188912133891 	-4.58391702452e-20 	0.169924757448 	0.000567944041592 	299.192781338 	-84.2242490477 	37.458959116 	-0.604157460441 	1.54745813193e-20
0.462 	0.190376569038 	6.8643377235e-19 	0.169816633232 	0.000567765943097 	299.096195001 	-85.0395354664 	37.49158462 	-0.557587787274 	-5.07890034552e-20
0.462 	0.191841004184 	1.83860654904e-18 	0.169816633232 	0.000567765943097 	299.096195001 	-85.0395354664 	37.49158462 	-0.557587787274 	-5.07890034552e-20
0.462 	0.193305439331 	3.48673399079e-20 	0.169713158815 	0.000567595564123 	299.00367364 	-85.8414472132 	37.5234713889 	-0.510165275231 	-1.06804069999e-20
0.462 	0.194769874477 	3.95093056248e-19 	0.16961429999 	0.000567432852801 	298.915191731 	-86.6296621831 	37.5546077397 	-0.461880935223 	7.43058381297e-20
0.462 	0.196234309623 	3.64604839261e-19 	0.16961429999 	0.000567432852801 	298.915191731 	-86.6296621831 	37.5546077397 	-0.461880935223 	7.43058381297e-20
0.462 	0.19769874477 	1.50326972996e-18 	0.169520026488 	0.000567277763265 	298.830727142 	-87.4038529604 	37.5849818992 	-0.412724999746 	1.41695681204e-20
0.462 	0.199163179916 	5.76189004404e-19 	0.169520026488 	0.000567277763265 	298.830727142 	-87.4038529604 	37.5849818992 	-0.412724999746 	1.41695681204e-20
0.462 	0.200627615063 	9.6023767985e-19 	0.169430312455 	0.000567130256406 	298.750261586 	-88.1636949114 	37.6145820374 	-0.362687112354 	-4.61310656325e-21
0.462 	0.202092050209 	-8.57183508302e-19 	0.169345136198 	0.000566990299508 	298.67378039 	-88.9088713001 	37.6433963701 	-0.311756265622 	-5.58227629117e-20
0.462 	0.203556485356 	2.97164032696e-19 	0.169345136198 	0.000566990299508 	298.67378039 	-88.9088713001 	37.6433963701 	-0.311756265622 	-5.58227629117e-20
0.462 	0.205020920502 	-4.41205175758e-19 	0.169264481474 	0.000566857868332 	298.601273671 	-89.6390735118 	37.6714132096 	-0.259920777769 	-4.96152498317e-20
0.462 	0.206485355649 	-7.98931098231e-21 	0.169264481474 	0.000566857868332 	298.601273671 	-89.6390735118 	37.6714132096 	-0.259920777769 	-4.96152498317e-20
0.462 	0.207949790795 	2.39545021503e-19 	0.169188336918 	0.000566732946144 	298.532735866 	-90.3539964392 	37.6986210978 	-0.207168126732 	6.02663985455e-21
0.462 	0.209414225941 	-3.57837890391e-19 	0.169188336918 	0.000566732946144 	298.532735866 	-90.3539964392 	37.6986210978 	-0.207168126732 	6.02663985455e-21
0.462 	0.210878661088 	-1.32045580601e-18 	0.169116695192 	0.000566615522388 	298.468164937 	-91.0533351574 	37.725008727 	-0.153484845302 	9.82722996035e-20
0.462 	0.212343096234 	1.74121515451e-18 	0.169116695192 	0.000566615522388 	298.468164937 	-91.0533351574 	37.725008727 	-0.153484845302 	9.82722996035e-20
0.462 	0.213807531381 	-4.02692667621e-19 	0.169049546888 	0.000566505582848 	298.407556794 	-91.7367849764 	37.7505646806 	-0.0988563760434 	4.55979024963e-20
0.462 	0.215271966527 	8.42071165621e-19 	0.169049546888 	0.000566505582848 	298.407556794 	-91.7367849764 	37.7505646806 	-0.0988563760434 	4.55979024963e-20
0.462 	0.216736401674 	2.65232520537e-20 	0.168986883375 	0.000566403114316 	298.350907867 	-92.4040436175 	37.7752766049 	-0.0432670785541 	-7.85570768142e-20
0.462 	0.21820083682 	-6.98556353734e-19 	0.16892872367 	0.000566308148223 	298.298239572 	-93.0548156546 	37.7991313437 	0.0132996203596 	1.65836945669e-20
0.462 	0.219665271967 	-3.86120150252e-19 	0.16892872367 	0.000566308148223 	298.298239572 	-93.0548156546 	37.7991313437 	0.0132996203596 	1.65836945669e-20
0.462 	0.221129707113 	-3.16850707481e-19 	0.168875118549 	0.000566220767321 	298.24960209 	-93.6888139491 	37.8221178718 	0.070861424242 	-1.07335311621e-20
0.462 	0.222594142259 	3.28469544939e-19 	0.168875118549 	0.000566220767321 	298.24960209 	-93.6888139491 	37.8221178718 	0.070861424242 	-1.07335311621e-20
0.462 	0.224058577406 	-1.69839423002e-19 	0.168826080799 	0.000566140992202 	298.205010985 	-94.3057548201 	37.8442273218 	0.129437426249 	3.77244972268e-20
0.462 	0.225523012552 	-8.90692197619e-19 	0.168826080799 	0.000566140992202 	298.205010985 	-94.3057548201 	37.8442273218 	0.129437426249 	3.77244972268e-20
0.462 	0.226987447699 	-5.08969612114e-19 	0.16878159021 	0.000566068789617 	298.164451576 	-94.9053444542 	37.8654470891 	0.189048210972 	-1.10044299499e-19
0.462 	0.228451882845 	-1.18354148159e-18 	0.16878159021 	0.000566068789617 	298.164451576 	-94.9053444542 	37.8654470891 	0.189048210972 	-1.10044299499e-19
0.462 	0.229916317992 	1.38282989599e-18 	0.168741696783 	0.000566004237441 	298.127974353 	-95.487269469 	37.8857624536 	0.2497153605 	5.71013697983e-20
0.462 	0.231380753138 	-7.92999941279e-19 	0.168741696783 	0.000566004237441 	298.127974353 	-95.487269469 	37.8857624536 	0.2497153605 	5.71013697983e-20
0.462 	0.232845188285 	-8.00101279084e-19 	0.168706469066 	0.000565947439277 	298.095648743 	-96.0512103033 	37.9051617604 	0.311461823318 	-2.83572663684e-20
0.462 	0.234309623431 	-3.52300923188e-19 	0.168706469066 	0.000565947439277 	298.095648743 	-96.0512103033 	37.9051617604 	0.311461823318 	-2.83572663684e-20
0.462 	0.235774058577 	-1.31821259888e-19 	0.168675950854 	0.00056589848263 	298.067508628 	-96.5968657283 	37.9236331358 	0.374311893916 	1.14030462997e-19
0.462 	0.237238493724 	9.45143764177e-19 	0.168675950854 	0.00056589848263 	298.067508628 	-96.5968657283 	37.9236331358 	0.374311893916 	1.14030462997e-19
0.462 	0.23870292887 	-4.57937790793e-19 	0.168650207395 	0.000565857552739 	298.043574003 	-97.1239522058 	37.9411644375 	0.438291359849 	-5.60659445579e-20
0.462 	0.240167364017 	7.40053004981e-19 	0.168650207395 	0.000565857552739 	298.043574003 	-97.1239522058 	37.9411644375 	0.438291359849 	-5.60659445579e-20
0.462 	0.241631799163 	-7.68446948573e-19 	0.168629312127 	0.000565824783101 	298.023906275 	-97.6321798293 	37.9577433432 	0.503427958851 	-1.8848756972e-20
0.462 	0.24309623431 	8.5834618583e-19 	0.168629312127 	0.000565824783101 	298.023906275 	-97.6321798293 	37.9577433432 	0.503427958851 	-1.8848756972e-20
0.462 	0.244560669456 	-1.27445094319e-18 	0.168629312127 	0.000565824783101 	298.023906275 	-97.6321798293 	37.9577433432 	0.503427958851 	-1.8848756972e-20
0.462 	0.246025104603 	3.95335668956e-19 	0.168613317146 	0.00056579999969 	298.008690772 	-98.1212435688 	37.9733574544 	0.569750918212 	7.61410858836e-20
0.462 	0.247489539749 	3.34584766888e-19 	0.168613317146 	0.00056579999969 	298.008690772 	-98.1212435688 	37.9733574544 	0.569750918212 	7.61410858836e-20
0.462 	0.248953974895 	-8.50472072887e-19 	0.168602248435 	0.000565783203506 	297.997974119 	-98.5908224468 	37.9879949204 	0.637291179677 	-1.36577707674e-19
0.462 	0.250418410042 	2.4574924374e-19 	0.168602248435 	0.000565783203506 	297.997974119 	-98.5908224468 	37.9879949204 	0.637291179677 	-1.36577707674e-19
0.462 	0.251882845188 	-8.61190387137e-20 	0.168596237406 	0.000565775047547 	297.991645507 	-99.0405667742 	38.0016426636 	0.706082061556 	-9.24571208768e-21
0.462 	0.253347280335 	3.49838036247e-19 	0.168596237406 	0.000565775047547 	297.991645507 	-99.0405667742 	38.0016426636 	0.706082061556 	-9.24571208768e-21
0.462 	0.254811715481 	8.29924906076e-21 	0.168595576723 	0.000565775520483 	297.990228667 	-99.4700957967 	38.014286737 	0.776158899851 	-1.0020034528e-20
0.462 	0.256276150628 	4.83194598933e-20 	0.168595576723 	0.000565775520483 	297.990228667 	-99.4700957967 	38.014286737 	0.776158899851 	-1.0020034528e-20
0.462 	0.257740585774 	-1.29148225362e-19 	0.168600420873 	0.000565785168295 	297.993709134 	-99.8790142862 	38.025914144 	0.847559237092 	-2.78116673735e-20
0.462 	0.259205020921 	-5.95973904886e-19 	0.168600420873 	0.000565785168295 	297.993709134 	-99.8790142862 	38.025914144 	0.847559237092 	-2.78116673735e-20
0.462 	0.260669456067 	1.17370690813e-18 	0.168600420873 	0.000565785168295 	297.993709134 	-99.8790142862 	38.025914144 	0.847559237092 	-2.78116673735e-20
0.462 	0.262133891213 	-1.06146320916e-18 	0.168610653313 	0.00056580358747 	298.002093035 	-100.267013166 	38.0365130883 	0.920315784694 	-7.10885439858e-20
0.462 	0.26359832636 	7.03809975939e-19 	0.168610653313 	0.00056580358747 	298.002093035 	-100.267013166 	38.0365130883 	0.920315784694 	-7.10885439858e-20
0.462 	0.265062761506 	-1.65924470247e-18 	0.168626315812 	0.000565831040107 	298.015315278 	-100.633695155 	38.046071644 	0.994467935471 	1.61856134244e-19
0.462 	0.266527196653 	-5.0149414061e-19 	0.168626315812 	0.000565831040107 	298.015315278 	-100.633695155 	38.046071644 	0.994467935471 	1.61856134244e-19
0.462 	0.267991631799 	3.86573547869e-19 	0.168647079511 	0.000565867396622 	298.032861617 	-100.97819459 	38.0545784409 	1.07015574 	1.54322022304e-20
0.462 	0.269456066946 	-7.94227803344e-19 	0.168647079511 	0.000565867396622 	298.032861617 	-100.97819459 	38.0545784409 	1.07015574 	1.54322022304e-20
0.462 	0.270920502092 	1.19608845033e-19 	0.16867753021 	0.000565919283681 	298.059343574 	-101.305275981 	38.062002855 	1.14676441661 	-1.40352140273e-19
0.462 	0.272384937238 	-5.33951525421e-19 	0.16867753021 	0.000565919283681 	298.059343574 	-101.305275981 	38.062002855 	1.14676441661 	-1.40352140273e-19
0.462 	0.273849372385 	1.96655983476e-19 	0.16867753021 	0.000565919283681 	298.059343574 	-101.305275981 	38.062002855 	1.14676441661 	-1.40352140273e-19
0.462 	0.275313807531 	2.14881145932e-19 	0.168702103066 	0.000565961856891 	298.080340595 	-101.591182543 	38.0683674132 	1.22703410683 	2.01513589904e-19
0.462 	0.276778242678 	6.11076519161e-19 	0.168702103066 	0.000565961856891 	298.080340595 	-101.591182543 	38.0683674132 	1.22703410683 	2.01513589904e-19
0.462 	0.278242677824 	7.88540400306e-19 	0.168772111021 	0.000566077857754 	298.142929827 	-101.914968644 	38.0735507293 	1.3024140273 	-1.13842866841e-19
0.462 	0.279707112971 	-3.9962440852e-19 	0.168772111021 	0.000566077857754 	298.142929827 	-101.914968644 	38.0735507293 	1.3024140273 	-1.13842866841e-19
0.462 	0.281171548117 	-5.096461833e-19 	0.168772111021 	0.000566077857754 	298.142929827 	-101.914968644 	38.0735507293 	1.3024140273 	-1.13842866841e-19
0.462 	0.282635983264 	-1.11646608676e-20 	0.168762245187 	0.000566065188252 	298.132173979 	-102.045171392 	38.0773601517 	1.39639887126 	6.33758129499e-20
0.462 	0.28410041841 	-8.08956622147e-19 	0.168762245187 	0.000566065188252 	298.132173979 	-102.045171392 	38.0773601517 	1.39639887126 	6.33758129499e-20
0.462 	0.285564853556 	7.40357836324e-19 	0.168949233087 	0.000566368246319 	298.302798903 	-102.541020741 	38.0802195613 	1.455578512 	-2.51203261951e-20
0.462 	0.287029288703 	-1.12584675194e-18 	0.168949233087 	0.000566368246319 	298.302798903 	-102.541020741 	38.0802195613 	1.455578512 	-2.51203261951e-20
0.462 	0.288493723849 	-4.22505639161e-19 	0.168696315629 	0.000565957488451 	298.072415457 	-102.321492466 	38.0809296501 	1.57978398624 	1.67544139023e-19
0.462 	0.289958158996 	-6.11985063011e-19 	0.168696315629 	0.000565957488451 	298.072415457 	-102.321492466 	38.0809296501 	1.57978398624 	1.67544139023e-19
0.462 	0.291422594142 	-1.3688764904e-19 	0.168696315629 	0.000565957488451 	298.072415457 	-102.321492466 	38.0809296501 	1.57978398624 	1.67544139023e-19
0.462 	0.292887029289 	-1.59427653579e-19 	0.168741154281 	0.000566039531916 	298.108426649 	-102.993194022 	38.0780884052 	1.61946542516 	-2.76409756091e-19
0.462 	0.294351464435 	-6.23211957967e-19 	0.168741154281 	0.000566039531916 	298.108426649 	-102.993194022 	38.0780884052 	1.61946542516 	-2.76409756091e-19
0.462 	0.295815899582 	-2.49190197268e-19 	0.168024913501 	0.000564889249805 	297.44753252 	-102.741014053 	38.078046759 	1.75632929467 	1.96389352372e-19
0.462 	0.297280334728 	7.02739979761e-19 	0.168024913501 	0.000564889249805 	297.44753252 	-102.741014053 	38.078046759 	1.75632929467 	1.96389352372e-19
0.462 	0.298744769874 	-2.00799731068e-19 	0.168024913501 	0.000564889249805 	297.44753252 	-102.741014053 	38.078046759 	1.75632929467 	1.96389352372e-19
0.462 	0.300209205021 	4.14190415516e-19 	0.168071667414 	0.000564963657241 	297.491113385 	-103.160841141 	38.0806509357 	1.80393925333 	-7.74295897444e-20
0.462 	0.301673640167 	2.88147238659e-19 	0.168071667414 	0.000564963657241 	297.491113385 	-103.160841141 	38.0806509357 	1.80393925333 	-7.74295897444e-20
0.462 	0.303138075314 	5.97921339483e-19 	0.168071667414 	0.000564963657241 	297.491113385 	-103.160841141 	38.0806509357 	1.80393925333 	-7.74295897444e-20
0.462 	0.30460251046 	3.77295344321e-19 	0.167462549258 	0.000563962097698 	296.939368693 	-102.93435273 	38.1092425219 	1.94818747732 	7.17456490057e-20
0.462 	0.306066945607 	7.43688056993e-20 	0.167462549258 	0.000563962097698 	296.939368693 	-102.93435273 	38.1092425219 	1.94818747732 	7.17456490057e-20
0.462 	0.307531380753 	-2.66180388917e-19 	0.167480127278 	0.000564008544701 	296.946081494 	-103.341001344 	38.0818639814 	1.98954342603 	-1.56189991495e-19
0.462 	0.3089958159 	-7.0365291424e-19 	0.167480127278 	0.000564008544701 	296.946081494 	-103.341001344 	38.0818639814 	1.98954342603 	-1.56189991495e-19
0.462 	0.310460251046 	1.8472197809e-19 	0.167480127278 	0.000564008544701 	296.946081494 	-103.341001344 	38.0818639814 	1.98954342603 	-1.56189991495e-19
0.462 	0.311924686192 	3.7237004587e-19 	0.166644725148 	0.000562658322082 	296.1739276 	-103.159818991 	38.089815198 	2.14887495533 	1.21193475046e-19
0.462 	0.313389121339 	-5.95527803356e-19 	0.166644725148 	0.000562658322082 	296.1739276 	-103.159818991 	38.089815198 	2.14887495533 	1.21193475046e-19
0.462 	0.314853556485 	-1.51613066724e-19 	0.166644725148 	0.000562658322082 	296.1739276 	-103.159818991 	38.089815198 	2.14887495533 	1.21193475046e-19
0.462 	0.316317991632 	-7.20327171996e-20 	0.1668581235 	0.000562999764986 	296.373344852 	-103.384062426 	38.0276717692 	2.17352141323 	2.21994431403e-20
0.462 	0.317782426778 	-2.37033430466e-19 	0.1668581235 	0.000562999764986 	296.373344852 	-103.384062426 	38.0276717692 	2.17352141323 	2.21994431403e-20
0.462 	0.319246861925 	4.23854245225e-19 	0.167229844193 	0.000563629462701 	296.701743361 	-103.080690303 	37.8958462832 	2.35695298257 	-7.26361054659e-20
0.462 	0.320711297071 	-1.89856410525e-19 	0.167229844193 	0.000563629462701 	296.701743361 	-103.080690303 	37.8958462832 	2.35695298257 	-7.26361054659e-20
0.462 	0.322175732218 	5.58149261252e-19 	0.167229844193 	0.000563629462701 	296.701743361 	-103.080690303 	37.8958462832 	2.35695298257 	-7.26361054659e-20
0.462 	0.323640167364 	1.34844992158e-19 	0.167034641509 	0.000563311037623 	296.522933785 	-103.35165668 	37.9897376378 	2.38871831972 	-1.02324741549e-20
0.462 	0.32510460251 	-4.16236079692e-19 	0.167034641509 	0.000563311037623 	296.522933785 	-103.35165668 	37.9897376378 	2.38871831972 	-1.02324741549e-20
0.462 	0.326569037657 	-8.35491826796e-20 	0.167034641509 	0.000563311037623 	296.522933785 	-103.35165668 	37.9897376378 	2.38871831972 	-1.02324741549e-20
0.462 	0.328033472803 	1.20774745308e-20 	0.166070887813 	0.000561754112208 	295.629144859 	-103.054163294 	37.9247810733 	2.58197196504 	5.70842966028e-20
0.462 	0.32949790795 	3.83868942362e-19 	0.166070887813 	0.000561754112208 	295.629144859 	-103.054163294 	37.9247810733 	2.58197196504 	5.70842966028e-20
0.462 	0.330962343096 	-9.01183422357e-19 	0.166070887813 	0.000561754112208 	295.629144859 	-103.054163294 	37.9247810733 	2.58197196504 	5.70842966028e-20
0.462 	0.332426778243 	1.46508050395e-18 	0.166300829265 	0.00056209084207 	295.861125673 	-102.98263885 	37.9321110656 	2.60578904923 	-8.36300840782e-20
0.462 	0.333891213389 	-4.52522460794e-19 	0.166300829265 	0.00056209084207 	295.861125673 	-102.98263885 	37.9321110656 	2.60578904923 	-8.36300840782e-20
