0.504 	0 	0 	4.09973381229 	4.19868912781e-05 	97643.1854679 	53.0313696535 	14.1337421828 	-0.00585362817807 	1.19272756441e-21
0.504 	0.00146443514644 	9.04630413473e-19 	8.91524953858 	0.00132356934662 	6735.76307987 	51.3635625137 	20.9326467825 	-0.106209867939 	-3.89368202913e-21
0.504 	0.00292887029289 	1.73616343935e-18 	11.0856508652 	0.00262380912258 	4225.02184697 	50.9878629103 	22.6925762863 	-0.233227978985 	-3.67876241526e-22
0.504 	0.00439330543933 	-2.91520110607e-18 	12.1158855086 	0.00330517561425 	3665.73124173 	50.6233801463 	24.1840923027 	-0.366933569644 	3.1881471701e-21
0.504 	0.00585774058577 	1.20144024691e-18 	12.2027820056 	0.0034707151863 	3515.92722265 	50.3134448635 	25.391565804 	-0.473834388914 	-7.82414216465e-21
0.504 	0.00732217573222 	3.7936384587e-18 	11.5480584777 	0.00338846638693 	3408.04870377 	49.9529120249 	26.6630463145 	-0.576725096619 	-1.69391295475e-21
0.504 	0.00878661087866 	2.99692447393e-18 	10.065765063 	0.00311084675905 	3235.69942291 	49.5134846357 	28.0013176219 	-0.671506261132 	-3.97886452538e-21
0.504 	0.0102510460251 	4.24649170997e-18 	7.82101743871 	0.00264924623402 	2952.16704974 	48.9726036666 	29.3702260354 	-0.754264850165 	-7.55392990881e-21
0.504 	0.0117154811715 	-1.01957073757e-18 	5.88395060454 	0.00218874735414 	2688.27308616 	48.4880804649 	30.3735174314 	-0.807398154234 	1.05473049731e-20
0.504 	0.013179916318 	4.57520804744e-18 	3.44636209485 	0.00153878567211 	2239.66349396 	47.7166733113 	31.5778988669 	-0.868555055537 	4.55122626865e-22
0.504 	0.0146443514644 	-1.88236076721e-18 	2.02164204221 	0.0011401878499 	1773.07804358 	47.0357742271 	32.2863624181 	-0.909859773861 	-1.39053215645e-20
0.504 	0.0161087866109 	9.25830228449e-19 	1.15070832589 	0.000886939142462 	1297.39265165 	46.269454472 	32.7787010298 	-0.948521086053 	2.82724144504e-20
0.504 	0.0175732217573 	1.79108705263e-18 	0.712680670874 	0.000744349117867 	957.454847151 	45.4270831119 	33.0948732141 	-0.984713690874 	1.31734620428e-21
0.504 	0.0190376569038 	1.74359561631e-18 	0.486168987866 	0.000637639797433 	762.450822272 	44.5164893944 	33.3038232219 	-1.01841235203 	-6.99742034232e-21
0.504 	0.0205020920502 	-8.17023266199e-19 	0.345444270895 	0.000536894278691 	643.412091739 	43.5407434185 	33.4417266718 	-1.04962895093 	-5.29635054469e-21
0.504 	0.0219665271967 	-5.69261975447e-19 	0.246648152805 	0.00044254232863 	557.343641158 	42.5010222086 	33.5254086771 	-1.0786267435 	-1.63167963343e-20
0.504 	0.0234309623431 	-7.00725452415e-19 	0.196888142402 	0.000385869440743 	510.245491383 	41.7726647216 	33.5601428533 	-1.09703895947 	4.83671543758e-20
0.504 	0.0248953974895 	-2.0907992252e-18 	0.141355531359 	0.000313434981375 	450.988370025 	40.6272484543 	33.5966003103 	-1.1238855129 	-1.09916324026e-20
0.504 	0.026359832636 	-2.24984422785e-18 	0.114868416999 	0.000274724271475 	418.122564789 	39.827974224 	33.6180393483 	-1.14154419694 	-6.59285051462e-23
0.504 	0.0278242677824 	-1.78636104788e-18 	0.09524547228 	0.000244142270678 	390.122824759 	38.9996509763 	33.6404686396 	-1.15910555936 	-4.06362935679e-20
0.504 	0.0292887029289 	4.90896452998e-19 	0.0760218727511 	0.00021325730047 	356.479579286 	37.7016253752 	33.6771125598 	-1.18521540709 	5.26397425421e-20
0.504 	0.0307531380753 	-9.03827226744e-19 	0.0683667441295 	0.000201720832157 	338.917618961 	36.7985972485 	33.7030308402 	-1.20237942216 	1.7952033035e-20
0.504 	0.0322175732218 	1.76557433804e-19 	0.063645454251 	0.000196130747369 	324.505234926 	35.8649824216 	33.7297108839 	-1.21928059931 	-9.65653857017e-21
0.504 	0.0336820083682 	-8.31987538611e-19 	0.0609809942978 	0.000195129711869 	312.515166008 	34.9004525566 	33.7570382971 	-1.23587211825 	-6.12785009087e-20
0.504 	0.0351464435146 	-1.55122199483e-18 	0.0596623915969 	0.00019739902634 	302.242582971 	33.9047123916 	33.7850600632 	-1.25211387286 	1.94910271564e-20
0.504 	0.0366108786611 	-8.7152194511e-19 	0.0591534135084 	0.00020183135815 	293.083364501 	32.8774958377 	33.8138835985 	-1.26796733631 	5.8402325493e-21
0.504 	0.0380753138075 	-2.76597995095e-18 	0.059076490372 	0.000207598292383 	284.571176834 	31.8185696438 	33.8436112301 	-1.28339238486 	-8.36874323001e-22
0.504 	0.039539748954 	-9.29429549304e-19 	0.0591822088141 	0.000214134626647 	276.378508889 	30.7277416779 	33.8743004102 	-1.29834546466 	-3.33856820247e-20
0.504 	0.0410041841004 	2.61329625413e-19 	0.059316367168 	0.000221083298635 	268.298725114 	29.6048715632 	33.9059459231 	-1.31277885713 	-2.83017366893e-21
0.504 	0.0424686192469 	-1.45265046039e-19 	0.059391787205 	0.000228234633158 	260.222501656 	28.4498812701 	33.9384965215 	-1.32664153624 	5.8190057488e-21
0.504 	0.0439330543933 	-5.51610342918e-19 	0.0593930854453 	0.000231848206323 	256.17228784 	27.8603357131 	33.9550938693 	-1.33334253052 	-1.33812001092e-20
0.504 	0.0453974895397 	-1.15126589951e-18 	0.059311361674 	0.000239109659331 	248.05088109 	26.6571732008 	33.9889173277 	-1.34625138708 	-1.02677281581e-20
0.504 	0.0468619246862 	5.96428834381e-19 	0.0591162996392 	0.000246387963179 	239.93176808 	25.4220090412 	34.0235911814 	-1.35846000835 	1.74042337792e-20
0.504 	0.0483263598326 	1.598542044e-18 	0.0588166712206 	0.000253664236856 	231.868204796 	24.1550216204 	34.0591482782 	-1.36991683506 	9.76139846621e-21
0.504 	0.0497907949791 	1.11963808723e-18 	0.0586320805717 	0.000257297995089 	227.876165733 	23.5096712298 	34.0772666641 	-1.37534682204 	-2.09099538857e-20
0.504 	0.0512552301255 	3.3336719912e-19 	0.0582036497013 	0.000264551081039 	220.009116851 	22.1954559371 	34.114188693 	-1.38557588427 	2.75943260208e-20
0.504 	0.052719665272 	-2.05125447627e-19 	0.0579640441206 	0.000268168269061 	216.148033932 	21.526686623 	34.1329911135 	-1.39036102741 	-1.24542162421e-20
0.504 	0.0541841004184 	-1.5924767283e-19 	0.0574442582176 	0.000275378403009 	208.601174202 	20.1661052247 	34.1712716365 	-1.3992371789 	-1.00709845514e-20
0.504 	0.0556485355649 	-8.17655058154e-20 	0.0571678383827 	0.000278968940032 	204.925460075 	19.4744224182 	34.1907464891 	-1.40331389659 	1.74801822485e-20
0.504 	0.0571129707113 	-1.82994929929e-18 	0.0565902513812 	0.000286114169028 	197.789055934 	18.0686393715 	34.2303577038 	-1.4107086208 	8.78226728526e-21
0.504 	0.0585774058577 	1.46174130243e-18 	0.0562919336786 	0.000289665756905 	194.334098307 	17.3547035717 	34.2504911443 	-1.41401213382 	-1.28431352287e-21
0.504 	0.0600418410042 	1.1424767972e-18 	0.0556822371741 	0.000296717895897 	187.66052855 	15.9051996656 	34.2914057665 	-1.4197949778 	1.81180403503e-20
0.504 	0.0615062761506 	9.42916609617e-19 	0.0553728467337 	0.000300214287222 	184.444408846 	15.1698324128 	34.3121832086 	-1.42225961428 	-1.8608651811e-21
0.504 	0.0629707112971 	-1.34767759944e-18 	0.0550615585158 	0.000303687773203 	181.309764088 	14.4275325538 	34.3331712732 	-1.42442988521 	7.72740228087e-21
0.504 	0.0644351464435 	-1.37343013021e-18 	0.0544360584032 	0.000310555310904 	175.286193769 	12.9226055339 	34.3757703199 	-1.42785770129 	2.10619857122e-21
0.504 	0.06589958159 	3.48053394362e-19 	0.0541229901171 	0.000313943374996 	172.397299729 	12.1602295462 	34.3973766322 	-1.42910040301 	-1.50961238476e-20
0.504 	0.0673640167364 	-2.10913496481e-18 	0.0538103168654 	0.000317296515009 	169.590002789 	11.3914233923 	34.4191840432 	-1.43001905007 	1.15663017929e-20
0.504 	0.0688284518828 	1.95952059206e-19 	0.0534983836019 	0.00032061101114 	166.863837308 	10.6163287789 	34.4411895258 	-1.43060618329 	2.46504587434e-21
0.504 	0.0702928870293 	2.76516529598e-18 	0.0528777264661 	0.000327107557427 	161.652414521 	9.047873831 	34.4857798883 	-1.43075597178 	5.26552402243e-22
0.504 	0.0717573221757 	-1.97736933671e-18 	0.0525693331033 	0.000330280507679 	159.165714843 	8.25482989548 	34.5083559241 	-1.43030361848 	2.34693996991e-21
0.504 	0.0732217573222 	7.24875731022e-20 	0.0522623623881 	0.000333396611053 	156.757329425 	7.45613040763 	34.5311125254 	-1.42948975104 	2.70398134615e-21
0.504 	0.0746861924686 	-1.19250956947e-18 	0.0519568611748 	0.000336450467222 	154.426479487 	6.65195037908 	34.5540443676 	-1.42830686698 	-1.30060727662e-22
0.504 	0.0761506276151 	-1.15709962935e-18 	0.0516528409351 	0.00033943632143 	152.1724037 	5.84247159614 	34.5771460725 	-1.42674748288 	-7.76965253023e-21
0.504 	0.0776150627615 	1.045430923e-18 	0.0510491264123 	0.00034517907549 	147.89171777 	4.20837898409 	34.6238377693 	-1.42246941076 	-3.64210765695e-21
0.504 	0.0790794979079 	1.68769263291e-18 	0.0507492970369 	0.00034792241464 	145.863833146 	3.38416281782 	34.6474172166 	-1.41973589369 	-9.37429644e-22
0.504 	0.0805439330544 	5.22452229107e-19 	0.0504506828627 	0.000350570512678 	143.910229293 	2.55544324856 	34.6711453742 	-1.41659622171 	1.42545828623e-21
0.504 	0.0820083682008 	3.68719692165e-19 	0.050153150641 	0.000353115204761 	142.030561031 	1.72243622748 	34.695016964 	-1.41304306194 	-1.37780161386e-21
0.504 	0.0834728033473 	1.99852967229e-18 	0.0498565454669 	0.000355547602045 	140.224670846 	0.885364564225 	34.7190267582 	-1.40906912206 	9.02981659354e-22
0.504 	0.0849372384937 	1.70562378186e-18 	0.0495606912311 	0.00035785797602 	138.49262711 	0.0444579474713 	34.7431696857 	-1.40466715843 	-1.7024108432e-22
0.504 	0.0864016736402 	-9.15508152527e-19 	0.0492653889524 	0.000360035639586 	136.834756162 	-0.800047072568 	34.7674409279 	-1.39982998117 	-1.1253723914e-21
0.504 	0.0878661087866 	-1.74689086189e-18 	0.0489704143892 	0.00036206884425 	135.251665994 	-1.64790707834 	34.7918359502 	-1.39455045342 	1.36545606069e-21
0.504 	0.0893305439331 	5.12441794621e-19 	0.0486755176072 	0.00036394473211 	133.744256511 	-2.49887180306 	34.8163505839 	-1.38882148975 	-2.89495480563e-21
0.504 	0.0907949790795 	-5.73409252857e-19 	0.048380424699 	0.000365649387324 	132.313703718 	-3.3526841277 	34.8409815588 	-1.3826360786 	-1.0558787945e-21
0.504 	0.0922594142259 	7.54764428134e-19 	0.0480848335855 	0.000367168005365 	130.961393376 	-4.20908014263 	34.8657280097 	-1.37598735797 	6.63207426284e-21
0.504 	0.0937238493724 	-4.037030492e-19 	0.0477883845193 	0.000368485148075 	129.688767021 	-5.0677892969 	34.8905939946 	-1.36886874834 	-4.75539247805e-21
0.504 	0.0951882845188 	-1.41210265305e-18 	0.0474905827967 	0.000369585025185 	128.497042793 	-5.92853473619 	34.9155908057 	-1.36127407575 	2.73911257033e-21
0.504 	0.0966527196653 	4.226545521e-19 	0.0471906697572 	0.000370451795376 	127.386802673 	-6.79103373473 	34.9407364248 	-1.35319754671 	-5.59962877938e-21
0.504 	0.0981171548117 	-7.72017546496e-19 	0.0468874810123 	0.000371070021394 	126.357502113 	-7.65499802038 	34.9660492923 	-1.34463343554 	-8.3549391756e-21
0.504 	0.0995815899582 	2.20209876756e-19 	0.0465793761361 	0.000371425551298 	125.407032374 	-8.52013356522 	34.9915359056 	-1.33557548214 	1.98149360229e-21
0.504 	0.101046025105 	9.49881340188e-19 	0.04626433021 	0.000371507064731 	124.531495097 	-9.38613955196 	35.0171763102 	-1.32601623368 	-2.75949638322e-21
0.504 	0.102510460251 	-2.01769170158e-18 	0.0459402117333 	0.00037130819766 	123.725282724 	-10.2527065288 	35.042915566 	-1.31594673996 	2.29420650298e-20
0.504 	0.103974895397 	3.29441873509e-19 	0.0456051491333 	0.000370829619955 	122.981408925 	-11.1195143672 	35.0686689689 	-1.30535693805 	-4.30169446941e-21
0.504 	0.105439330544 	-1.99803934506e-19 	0.04525778642 	0.000370080026391 	122.291891463 	-11.9862309391 	35.0943425163 	-1.29423669899 	1.22172510793e-20
0.504 	0.10690376569 	1.57921998511e-18 	0.04525778642 	0.000370080026391 	122.291891463 	-11.9862309391 	35.0943425163 	-1.29423669899 	1.22172510793e-20
0.504 	0.108368200837 	4.96359029759e-19 	0.0448972415963 	0.000369075139049 	121.647970416 	-12.8525122992 	35.119860794 	-1.28257706486 	-1.60920495229e-20
0.504 	0.109832635983 	2.56847766514e-19 	0.0445227356901 	0.000367834629181 	121.040087469 	-13.7180044195 	35.1451885729 	-1.27037101922 	-2.53741433462e-20
0.504 	0.11129707113 	1.45070228565e-18 	0.0441330669471 	0.000366377930372 	120.457765844 	-14.5823457101 	35.1703349655 	-1.25761338393 	9.7925508074e-21
0.504 	0.112761506276 	2.20466018856e-19 	0.0437262163528 	0.000364720525365 	119.889650601 	-15.4451691506 	35.1953389641 	-1.24429996844 	2.01587129195e-20
0.504 	0.114225941423 	4.65709469582e-20 	0.0432993046044 	0.00036287202381 	119.323898684 	-16.3061031757 	35.2202456976 	-1.23042651758 	-1.05752716845e-20
0.504 	0.115690376569 	-8.36399275345e-19 	0.0432993046044 	0.00036287202381 	119.323898684 	-16.3061031757 	35.2202456976 	-1.23042651758 	-1.05752716845e-20
0.504 	0.117154811715 	-1.41506391953e-18 	0.0428489283091 	0.000360836414966 	118.748902638 	-17.1647712245 	35.2450865084 	-1.21598802519 	1.48331350605e-20
0.504 	0.118619246862 	-1.33943194042e-19 	0.0423717209189 	0.00035861391935 	118.154144702 	-18.0207905299 	35.2698711236 	-1.20097863708 	1.16487654081e-20
0.504 	0.120083682008 	-1.30225221007e-19 	0.0418649212437 	0.000356203437106 	117.530930032 	-18.8737709077 	35.2945914333 	-1.18539196918 	-2.83975370945e-21
0.504 	0.121548117155 	-1.21516687367e-18 	0.0413267981806 	0.000353604794736 	116.872844474 	-19.7233139937 	35.3192303629 	-1.16922149921 	-3.09141889292e-20
0.504 	0.123012552301 	7.00803537165e-19 	0.0413267981806 	0.000353604794736 	116.872844474 	-19.7233139937 	35.3192303629 	-1.16922149921 	-3.09141889292e-20
0.504 	0.124476987448 	-2.22910498146e-19 	0.040756896793 	0.000350820484728 	116.175932043 	-20.5690129522 	35.3437691975 	-1.15246079415 	6.08573505385e-21
0.504 	0.125941422594 	5.5006990469e-19 	0.0401561475865 	0.000347856949676 	115.4386814 	-21.4104524187 	35.3681906003 	-1.13510354562 	-9.10686615767e-21
0.504 	0.127405857741 	-1.59670187264e-19 	0.0395268844557 	0.000344725507304 	114.66190815 	-22.2472084542 	35.3924784 	-1.11714351321 	1.18337213654e-20
0.504 	0.128870292887 	7.92733148849e-19 	0.0388727803571 	0.000341442871905 	113.848563129 	-23.0788484246 	35.4166165507 	-1.09857447783 	1.33756435961e-20
0.504 	0.130334728033 	-9.36402918003e-19 	0.0388727803571 	0.000341442871905 	113.848563129 	-23.0788484246 	35.4166165507 	-1.09857447783 	1.33756435961e-20
0.504 	0.13179916318 	5.46066352304e-19 	0.0381986843172 	0.000338031126886 	113.003452283 	-23.9049308489 	35.4405887974 	-1.07939024018 	1.96125909636e-20
0.504 	0.133263598326 	-9.17742884424e-20 	0.0375103512303 	0.000334517051445 	112.132852625 	-24.725005254 	35.4643791714 	-1.05958464462 	-2.40166459073e-20
0.504 	0.134728033473 	-3.67327317389e-19 	0.0375103512303 	0.000334517051445 	112.132852625 	-24.725005254 	35.4643791714 	-1.05958464462 	-2.40166459073e-20
0.504 	0.136192468619 	-1.42638173624e-18 	0.0368140831245 	0.000330930846318 	111.244036433 	-25.5386120763 	35.4879726856 	-1.03915159701 	-5.34805028618e-21
0.504 	0.137656903766 	9.17430464046e-19 	0.0361163236031 	0.000327304432443 	110.344743374 	-26.345282582 	35.5113556472 	-1.01808506003 	-9.75633154443e-21
0.504 	0.139121338912 	7.62012475781e-19 	0.0354232580683 	0.000323669573615 	109.44265682 	-27.1445387737 	35.5345154233 	-0.996379028687 	3.17671194597e-20
0.504 	0.140585774059 	-1.55175338996e-19 	0.0354232580683 	0.000323669573615 	109.44265682 	-27.1445387737 	35.5345154233 	-0.996379028687 	3.17671194597e-20
0.504 	0.142050209205 	8.47592092562e-19 	0.0347404728845 	0.000320056106279 	108.544946348 	-27.9358932566 	35.5574398356 	-0.974027496626 	-5.68544371597e-20
0.504 	0.143514644351 	-3.02769268439e-19 	0.0340727120492 	0.000316490515094 	107.657924722 	-28.718849043 	35.5801164703 	-0.951024424588 	6.38914282525e-20
0.504 	0.144979079498 	-4.07371909703e-19 	0.0340727120492 	0.000316490515094 	107.657924722 	-28.718849043 	35.5801164703 	-0.951024424588 	6.38914282525e-20
0.504 	0.146443514644 	3.32499824945e-19 	0.0334237469003 	0.000312994994262 	106.786841685 	-29.4928992964 	35.6025321426 	-0.927363716657 	5.5505581392e-21
0.504 	0.147907949791 	-3.92250410056e-19 	0.0327963550795 	0.00030958703978 	105.935814054 	-30.2575270242 	35.6246726468 	-0.903039207508 	-3.34956286404e-20
0.504 	0.149372384937 	6.87394048612e-19 	0.0327963550795 	0.00030958703978 	105.935814054 	-30.2575270242 	35.6246726468 	-0.903039207508 	-3.34956286404e-20
0.504 	0.150836820084 	1.29828809931e-18 	0.0321923893599 	0.000306279528277 	105.107871692 	-31.0122047271 	35.6465227916 	-0.878044657089 	2.72060812488e-20
0.504 	0.15230125523 	5.04992147875e-19 	0.0316129076133 	0.000303081171083 	104.305085995 	-31.7563940236 	35.6680666089 	-0.852373748262 	-1.11956102436e-20
0.504 	0.153765690377 	1.96861336758e-19 	0.0316129076133 	0.000303081171083 	104.305085995 	-31.7563940236 	35.6680666089 	-0.852373748262 	-1.11956102436e-20
0.504 	0.155230125523 	1.10874565421e-18 	0.0310583331441 	0.000299997199569 	103.528743564 	-32.4895452425 	35.6892875937 	-0.826020081488 	-4.17066684451e-20
0.504 	0.156694560669 	-1.00867045335e-18 	0.0310583331441 	0.000299997199569 	103.528743564 	-32.4895452425 	35.6892875937 	-0.826020081488 	-4.17066684451e-20
0.504 	0.158158995816 	-8.40872484569e-20 	0.0305286184918 	0.000297030138876 	102.779531421 	-33.2110969929 	35.7101688782 	-0.7989771656 	8.3539397935e-21
0.504 	0.159623430962 	6.49127721212e-19 	0.0300233927951 	0.000294180551241 	102.05770799 	-33.9204756918 	35.7306933099 	-0.771238403358 	-1.36496296449e-21
0.504 	0.161087866109 	-5.06182586969e-19 	0.0300233927951 	0.000294180551241 	102.05770799 	-33.9204756918 	35.7306933099 	-0.771238403358 	-1.36496296449e-21
0.504 	0.162552301255 	8.51939445547e-19 	0.0295420806455 	0.000291447665906 	101.363243221 	-34.6170950646 	35.7508434422 	-0.742797074737 	3.13405508559e-20
0.504 	0.164016736402 	-3.96627869233e-19 	0.0290839888524 	0.000288829858414 	100.695921856 	-35.3003555808 	35.7706014697 	-0.713646315629 	-4.31182046541e-20
0.504 	0.165481171548 	7.55235565039e-19 	0.0290839888524 	0.000288829858414 	100.695921856 	-35.3003555808 	35.7706014697 	-0.713646315629 	-4.31182046541e-20
0.504 	0.166945606695 	-4.211210498e-19 	0.0286483667463 	0.000286324996874 	100.055416255 	-35.969643873 	35.7899491632 	-0.683779100198 	-1.16761569422e-20
0.504 	0.168410041841 	-2.98619675112e-19 	0.0286483667463 	0.000286324996874 	100.055416255 	-35.969643873 	35.7899491632 	-0.683779100198 	-1.16761569422e-20
0.504 	0.169874476987 	-1.47720054262e-18 	0.0282344496523 	0.000283930701634 	99.4413407561 	-36.6243320384 	35.8088678406 	-0.653188215657 	3.08151525647e-20
0.504 	0.171338912134 	-6.31467595799e-19 	0.0278414871439 	0.000281644523075 	98.8532879674 	-37.2637770063 	35.8273383548 	-0.621866248117 	-1.36734289219e-20
0.504 	0.17280334728 	-5.01504813731e-19 	0.0278414871439 	0.000281644523075 	98.8532879674 	-37.2637770063 	35.8273383548 	-0.621866248117 	-1.36734289219e-20
0.504 	0.174267782427 	-1.19037601387e-19 	0.0274687537503 	0.000279464018653 	98.2908421725 	-37.8873196115 	35.8453410705 	-0.589805542026 	1.96806312835e-20
0.504 	0.175732217573 	-3.79379913331e-19 	0.0274687537503 	0.000279464018653 	98.2908421725 	-37.8873196115 	35.8453410705 	-0.589805542026 	1.96806312835e-20
0.504 	0.17719665272 	1.25406166894e-19 	0.0271155552437 	0.000277386811706 	97.7535848835 	-38.4942840355 	35.8628558349 	-0.556998203285 	-2.80260001153e-20
0.504 	0.178661087866 	3.23033414051e-19 	0.0271155552437 	0.000277386811706 	97.7535848835 	-38.4942840355 	35.8628558349 	-0.556998203285 	-2.80260001153e-20
0.504 	0.180125523013 	7.7408322258e-19 	0.0267812314586 	0.000275410589791 	97.2411100054 	-39.0839763617 	35.8798619521 	-0.523436017084 	2.08820119832e-20
0.504 	0.181589958159 	-9.04917590763e-19 	0.0267812314586 	0.000275410589791 	97.2411100054 	-39.0839763617 	35.8798619521 	-0.523436017084 	2.08820119832e-20
0.504 	0.183054393305 	-2.27734656746e-19 	0.0264651576663 	0.000273533133172 	96.7530235163 	-39.6556845403 	35.8963381513 	-0.489110516185 	1.59855251073e-20
0.504 	0.184518828452 	-5.89925093626e-19 	0.026166744402 	0.000271752321864 	96.2889451044 	-40.2086755671 	35.9122625562 	-0.454012770839 	3.25933252869e-20
0.504 	0.185983263598 	-7.33321572052e-19 	0.026166744402 	0.000271752321864 	96.2889451044 	-40.2086755671 	35.9122625562 	-0.454012770839 	3.25933252869e-20
0.504 	0.187447698745 	3.69203369192e-19 	0.0258854381274 	0.000270066146092 	95.8485115665 	-40.7421973916 	35.9276126403 	-0.41813367088 	-2.25533669309e-20
0.504 	0.188912133891 	-6.0038966426e-19 	0.0258854381274 	0.000270066146092 	95.8485115665 	-40.7421973916 	35.9276126403 	-0.41813367088 	-2.25533669309e-20
0.504 	0.190376569038 	-7.88977809201e-19 	0.0256207195877 	0.000268472702686 	95.4313765659 	-41.2554721956 	35.9423651956 	-0.381463329189 	2.86966120402e-20
0.504 	0.191841004184 	1.06219500268e-18 	0.0256207195877 	0.000268472702686 	95.4313765659 	-41.2554721956 	35.9423651956 	-0.381463329189 	2.86966120402e-20
0.504 	0.193305439331 	2.73893145279e-20 	0.025372106023 	0.000266970213479 	95.0372166703 	-41.7477044926 	35.9564962621 	-0.34399201995 	-8.06956659062e-20
0.504 	0.194769874477 	-2.17396310445e-20 	0.025372106023 	0.000266970213479 	95.0372166703 	-41.7477044926 	35.9564962621 	-0.34399201995 	-8.06956659062e-20
0.504 	0.196234309623 	7.8008206615e-19 	0.0251391468166 	0.000265557005262 	94.6657264486 	-42.2180632211 	35.9699811166 	-0.305708441905 	9.54908005071e-20
0.504 	0.19769874477 	-4.95580799578e-19 	0.0251391468166 	0.000265557005262 	94.6657264486 	-42.2180632211 	35.9699811166 	-0.305708441905 	9.54908005071e-20
0.504 	0.199163179916 	4.19668644673e-19 	0.0249214306746 	0.000264231557248 	94.3166324803 	-42.6657081702 	35.982794151 	-0.26660258123 	-1.19992722703e-19
0.504 	0.200627615063 	2.22350061876e-20 	0.0249214306746 	0.000264231557248 	94.3166324803 	-42.6657081702 	35.982794151 	-0.26660258123 	-1.19992722703e-19
0.504 	0.202092050209 	9.23808232995e-19 	0.0247185734989 	0.000262992435003 	93.989675021 	-43.0897406791 	35.994908935 	-0.226660720101 	7.65455220732e-20
0.504 	0.203556485356 	4.21410584518e-19 	0.0247185734989 	0.000262992435003 	93.989675021 	-43.0897406791 	35.994908935 	-0.226660720101 	7.65455220732e-20
0.504 	0.205020920502 	-1.18691835926e-19 	0.0245302391729 	0.000261838418386 	93.6846446144 	-43.4892814363 	36.0062979566 	-0.185873706215 	-4.80732709856e-20
0.504 	0.206485355649 	1.11820684516e-18 	0.0245302391729 	0.000261838418386 	93.6846446144 	-43.4892814363 	36.0062979566 	-0.185873706215 	-4.80732709856e-20
0.504 	0.207949790795 	-3.48536100852e-19 	0.0243561057368 	0.000260768305947 	93.4013267003 	-43.8633361256 	36.0169328951 	-0.144223032982 	1.01565933911e-19
0.504 	0.209414225941 	6.2069030164e-19 	0.0243561057368 	0.000260768305947 	93.4013267003 	-43.8633361256 	36.0169328951 	-0.144223032982 	1.01565933911e-19
0.504 	0.210878661088 	5.29248557575e-19 	0.0241959223402 	0.0002597812579 	93.139599584 	-44.2110104893 	36.0267839853 	-0.101703654053 	-1.39927297768e-20
0.504 	0.212343096234 	-1.3027620359e-20 	0.0241959223402 	0.0002597812579 	93.139599584 	-44.2110104893 	36.0267839853 	-0.101703654053 	-1.39927297768e-20
0.504 	0.213807531381 	-1.3072241394e-19 	0.02404941783 	0.00025887625522 	92.8992804286 	-44.5311547183 	36.0358208602 	-0.0582865665115 	-4.75180517148e-20
0.504 	0.215271966527 	-3.49334568704e-19 	0.02404941783 	0.00025887625522 	92.8992804286 	-44.5311547183 	36.0358208602 	-0.0582865665115 	-4.75180517148e-20
0.504 	0.216736401674 	1.0716763881e-18 	0.0239164507673 	0.000258052999535 	92.6803827523 	-44.8229291508 	36.0440109562 	-0.0139791511016 	-6.31032282072e-20
0.504 	0.21820083682 	7.73967022491e-19 	0.0239164507673 	0.000258052999535 	92.6803827523 	-44.8229291508 	36.0440109562 	-0.0139791511016 	-6.31032282072e-20
0.504 	0.219665271967 	-1.5909798591e-19 	0.0237967714857 	0.000257310490783 	92.4827099481 	-45.084896561 	36.0513218405 	0.0312716247386 	1.31430383445e-20
0.504 	0.221129707113 	2.7117193735e-19 	0.0237967714857 	0.000257310490783 	92.4827099481 	-45.084896561 	36.0513218405 	0.0312716247386 	1.31430383445e-20
0.504 	0.222594142259 	6.03359346748e-20 	0.0236904034407 	0.000256649318438 	92.3065121892 	-45.3164456295 	36.0577172609 	0.0774258787407 	8.33134629898e-20
0.504 	0.224058577406 	-5.38740958971e-19 	0.0236904034407 	0.000256649318438 	92.3065121892 	-45.3164456295 	36.0577172609 	0.0774258787407 	8.33134629898e-20
0.504 	0.225523012552 	-1.02211548042e-18 	0.0236904034407 	0.000256649318438 	92.3065121892 	-45.3164456295 	36.0577172609 	0.0774258787407 	8.33134629898e-20
0.504 	0.226987447699 	1.57483848138e-18 	0.0235970462295 	0.000256068072942 	92.1514578463 	-45.5155618436 	36.0631631021 	0.124591871536 	-1.15485392118e-19
0.504 	0.228451882845 	3.00178402818e-19 	0.0235970462295 	0.000256068072942 	92.1514578463 	-45.5155618436 	36.0631631021 	0.124591871536 	-1.15485392118e-19
0.504 	0.229916317992 	1.12702321005e-19 	0.0235170124866 	0.000255568989971 	92.0182549895 	-45.6822628881 	36.0676178401 	0.17265108472 	3.35089901304e-20
0.504 	0.231380753138 	-1.10082211869e-19 	0.0235170124866 	0.000255568989971 	92.0182549895 	-45.6822628881 	36.0676178401 	0.17265108472 	3.35089901304e-20
0.504 	0.232845188285 	-5.91893478249e-20 	0.0234497824608 	0.000255149230646 	91.9061460674 	-45.8133356116 	36.0710469192 	0.221836396874 	8.09905587388e-20
0.504 	0.234309623431 	1.08562825366e-20 	0.0234497824608 	0.000255149230646 	91.9061460674 	-45.8133356116 	36.0710469192 	0.221836396874 	8.09905587388e-20
0.504 	0.235774058577 	-4.60617441682e-19 	0.0233962287845 	0.000254814316774 	91.8167749784 	-45.9102946236 	36.0734006816 	0.271849451959 	-3.75053220742e-20
0.504 	0.237238493724 	-5.67562567927e-20 	0.0233962287845 	0.000254814316774 	91.8167749784 	-45.9102946236 	36.0734006816 	0.271849451959 	-3.75053220742e-20
0.504 	0.23870292887 	-9.96703292295e-19 	0.0233962287845 	0.000254814316774 	91.8167749784 	-45.9102946236 	36.0734006816 	0.271849451959 	-3.75053220742e-20
0.504 	0.240167364017 	1.39069726645e-19 	0.0233552376856 	0.000254557700635 	91.7483055014 	-45.9674469353 	36.0746474145 	0.323195778658 	6.62448027152e-20
0.504 	0.241631799163 	9.59584893727e-19 	0.0233552376856 	0.000254557700635 	91.7483055014 	-45.9674469353 	36.0746474145 	0.323195778658 	6.62448027152e-20
0.504 	0.24309623431 	7.14600808603e-19 	0.0233288142907 	0.000254391646791 	91.7043251416 	-45.9895798504 	36.0747233422 	0.37518516345 	-1.21907648272e-20
0.504 	0.244560669456 	-8.24874179862e-19 	0.0233288142907 	0.000254391646791 	91.7043251416 	-45.9895798504 	36.0747233422 	0.37518516345 	-1.21907648272e-20
0.504 	0.246025104603 	1.65083934525e-18 	0.0233288142907 	0.000254391646791 	91.7043251416 	-45.9895798504 	36.0747233422 	0.37518516345 	-1.21907648272e-20
0.504 	0.247489539749 	1.25423509533e-19 	0.0233144568221 	0.000254301058599 	91.6805338936 	-45.9659966208 	36.073603606 	0.428898386225 	-6.20870432221e-20
0.504 	0.248953974895 	-3.4315025003e-19 	0.0233144568221 	0.000254301058599 	91.6805338936 	-45.9659966208 	36.073603606 	0.428898386225 	-6.20870432221e-20
0.504 	0.250418410042 	7.39490196703e-19 	0.0233164797808 	0.000254312039787 	91.6845297624 	-45.9081977183 	36.0711976946 	0.482828675379 	-1.2796775146e-20
0.504 	0.251882845188 	-4.18441276471e-19 	0.0233164797808 	0.000254312039787 	91.6845297624 	-45.9081977183 	36.0711976946 	0.482828675379 	-1.2796775146e-20
0.504 	0.253347280335 	2.4390193119e-20 	0.0233293815053 	0.000254391145092 	91.7067356917 	-45.7957542496 	36.0675074341 	0.539223760819 	5.82396970436e-20
0.504 	0.254811715481 	2.21419615967e-19 	0.0233293815053 	0.000254391145092 	91.7067356917 	-45.7957542496 	36.0675074341 	0.539223760819 	5.82396970436e-20
0.504 	0.256276150628 	1.00566297628e-19 	0.0233293815053 	0.000254391145092 	91.7067356917 	-45.7957542496 	36.0675074341 	0.539223760819 	5.82396970436e-20
0.504 	0.257740585774 	9.2633676879e-19 	0.0233621011931 	0.0002545921934 	91.7628340491 	-45.6531692669 	36.0624077661 	0.594948416844 	-1.06917404022e-19
0.504 	0.259205020921 	-5.86021699353e-19 	0.0233621011931 	0.0002545921934 	91.7628340491 	-45.6531692669 	36.0624077661 	0.594948416844 	-1.06917404022e-19
0.504 	0.260669456067 	3.36342386027e-19 	0.0234029396642 	0.000254844006305 	91.8324115349 	-45.4419428303 	36.0559487237 	0.654519808052 	7.49535141552e-20
0.504 	0.262133891213 	3.23574333637e-19 	0.0234029396642 	0.000254844006305 	91.8324115349 	-45.4419428303 	36.0559487237 	0.654519808052 	7.49535141552e-20
0.504 	0.26359832636 	2.77857173018e-19 	0.0234029396642 	0.000254844006305 	91.8324115349 	-45.4419428303 	36.0559487237 	0.654519808052 	7.49535141552e-20
0.504 	0.265062761506 	2.34895182934e-19 	0.0234698296058 	0.000255254166446 	91.9469011322 	-45.2103181614 	36.0479073877 	0.711701049061 	3.05995038343e-20
0.504 	0.266527196653 	1.12209426158e-18 	0.0234698296058 	0.000255254166446 	91.9469011322 	-45.2103181614 	36.0479073877 	0.711701049061 	3.05995038343e-20
0.504 	0.267991631799 	7.99661699258e-19 	0.0234698296058 	0.000255254166446 	91.9469011322 	-45.2103181614 	36.0479073877 	0.711701049061 	3.05995038343e-20
0.504 	0.269456066946 	-2.96119746195e-19 	0.0235389200019 	0.000255677683264 	92.0648204465 	-44.8880511765 	36.0384285292 	0.775221073884 	2.68396980547e-20
0.504 	0.270920502092 	-8.35339401988e-19 	0.0235389200019 	0.000255677683264 	92.0648204465 	-44.8880511765 	36.0384285292 	0.775221073884 	2.68396980547e-20
0.504 	0.272384937238 	7.08368216361e-19 	0.0236450113641 	0.000256322153071 	92.2472407511 	-44.5640034193 	36.0271316738 	0.8332212862 	-4.30154461158e-20
0.504 	0.273849372385 	-5.43053110403e-20 	0.0236450113641 	0.000256322153071 	92.2472407511 	-44.5640034193 	36.0271316738 	0.8332212862 	-4.30154461158e-20
0.504 	0.275313807531 	9.04196989061e-20 	0.0236450113641 	0.000256322153071 	92.2472407511 	-44.5640034193 	36.0271316738 	0.8332212862 	-4.30154461158e-20
0.504 	0.276778242678 	6.00684670458e-19 	0.0237408277879 	0.000256899921897 	92.4127481727 	-44.1158135273 	36.0143905233 	0.90185814257 	-1.37956111381e-20
0.504 	0.278242677824 	-7.76268617516e-19 	0.0237408277879 	0.000256899921897 	92.4127481727 	-44.1158135273 	36.0143905233 	0.90185814257 	-1.37956111381e-20
0.504 	0.279707112971 	1.34170669826e-18 	0.023890090087 	0.000257785307465 	92.6743665957 	-43.6965178613 	35.9994848673 	0.959631932339 	-7.45473591661e-20
0.504 	0.281171548117 	6.89254709363e-20 	0.023890090087 	0.000257785307465 	92.6743665957 	-43.6965178613 	35.9994848673 	0.959631932339 	-7.45473591661e-20
0.504 	0.282635983264 	-5.90615623125e-19 	0.023890090087 	0.000257785307465 	92.6743665957 	-43.6965178613 	35.9994848673 	0.959631932339 	-7.45473591661e-20
0.504 	0.28410041841 	-1.60024030355e-19 	0.0239988585573 	0.000258398578142 	92.8753506689 	-43.1055843151 	35.9832674929 	1.03504333071 	2.38582782362e-20
0.504 	0.285564853556 	6.78763217021e-19 	0.0239988585573 	0.000258398578142 	92.8753506689 	-43.1055843151 	35.9832674929 	1.03504333071 	2.38582782362e-20
0.504 	0.287029288703 	-1.63330909276e-18 	0.0239988585573 	0.000258398578142 	92.8753506689 	-43.1055843151 	35.9832674929 	1.03504333071 	2.38582782362e-20
0.504 	0.288493723849 	1.21951896505e-18 	0.0241697223938 	0.000259303427664 	93.2101924434 	-42.5868637332 	35.9642209582 	1.09109403187 	6.13773618445e-20
0.504 	0.289958158996 	3.55166169254e-19 	0.0241697223938 	0.000259303427664 	93.2101924434 	-42.5868637332 	35.9642209582 	1.09109403187 	6.13773618445e-20
0.504 	0.291422594142 	-8.16624091799e-19 	0.0241697223938 	0.000259303427664 	93.2101924434 	-42.5868637332 	35.9642209582 	1.09109403187 	6.13773618445e-20
0.504 	0.292887029289 	1.34689196671e-18 	0.0242025242785 	0.000259188995532 	93.377900666 	-41.8375518347 	35.9442683548 	1.17538130385 	-4.88958901203e-20
0.504 	0.294351464435 	-2.26772765796e-19 	0.0242025242785 	0.000259188995532 	93.377900666 	-41.8375518347 	35.9442683548 	1.17538130385 	-4.88958901203e-20
0.504 	0.295815899582 	7.24401416908e-19 	0.0242025242785 	0.000259188995532 	93.377900666 	-41.8375518347 	35.9442683548 	1.17538130385 	-4.88958901203e-20
0.504 	0.297280334728 	1.26765196146e-19 	0.0242208826544 	0.000258547255235 	93.6806798913 	-41.2082636291 	35.9201284277 	1.22795777925 	-5.52294964407e-21
0.504 	0.298744769874 	2.91577148854e-19 	0.0242208826544 	0.000258547255235 	93.6806798913 	-41.2082636291 	35.9201284277 	1.22795777925 	-5.52294964407e-21
0.504 	0.300209205021 	9.93927401035e-19 	0.0238411197206 	0.000254879612833 	93.5387473938 	-40.2944813873 	35.8967400872 	1.3232442309 	-2.72433315683e-20
0.504 	0.301673640167 	-8.36163671785e-19 	0.0238411197206 	0.000254879612833 	93.5387473938 	-40.2944813873 	35.8967400872 	1.3232442309 	-2.72433315683e-20
0.504 	0.303138075314 	-2.71277149355e-19 	0.0238411197206 	0.000254879612833 	93.5387473938 	-40.2944813873 	35.8967400872 	1.3232442309 	-2.72433315683e-20
0.504 	0.30460251046 	-7.21204850497e-20 	0.0233535484186 	0.000250121326371 	93.3688812446 	-39.5238873772 	35.8667751341 	1.37113522423 	9.37623154595e-20
0.504 	0.306066945607 	3.67806590878e-20 	0.0233535484186 	0.000250121326371 	93.3688812446 	-39.5238873772 	35.8667751341 	1.37113522423 	9.37623154595e-20
0.504 	0.307531380753 	7.12693638413e-19 	0.0233535484186 	0.000250121326371 	93.3688812446 	-39.5238873772 	35.8667751341 	1.37113522423 	9.37623154595e-20
0.504 	0.3089958159 	7.90490576203e-19 	0.0225858936428 	0.000229446052761 	92.3027668578 	-38.4659663754 	35.8411545757 	1.47833441877 	-6.23773132155e-20
0.504 	0.310460251046 	-2.9009246094e-19 	0.0225858936428 	0.000229446052761 	92.3027668578 	-38.4659663754 	35.8411545757 	1.47833441877 	-6.23773132155e-20
0.504 	0.311924686192 	-1.04602066199e-19 	0.0225858936428 	0.000229446052761 	92.3027668578 	-38.4659663754 	35.8411545757 	1.47833441877 	-6.23773132155e-20
0.504 	0.313389121339 	1.35403697733e-19 	0.0221221790759 	0.000197674956758 	92.2382446091 	-37.4820301819 	35.8021003951 	1.52266475399 	-1.49489554424e-20
0.504 	0.314853556485 	-8.19855963432e-20 	0.0221221790759 	0.000197674956758 	92.2382446091 	-37.4820301819 	35.8021003951 	1.52266475399 	-1.49489554424e-20
0.504 	0.316317991632 	-1.38500081942e-19 	0.0221221790759 	0.000197674956758 	92.2382446091 	-37.4820301819 	35.8021003951 	1.52266475399 	-1.49489554424e-20
0.504 	0.317782426778 	4.94574673456e-19 	0.0216952745692 	0.000175051530877 	92.2108980268 	-36.3521181574 	35.7767623897 	1.6388958023 	3.56290689071e-20
0.504 	0.319246861925 	-7.09257781819e-19 	0.0216952745692 	0.000175051530877 	92.2108980268 	-36.3521181574 	35.7767623897 	1.6388958023 	3.56290689071e-20
0.504 	0.320711297071 	3.7740224245e-21 	0.0216952745692 	0.000175051530877 	92.2108980268 	-36.3521181574 	35.7767623897 	1.6388958023 	3.56290689071e-20
0.504 	0.322175732218 	-1.15802391375e-18 	0.0215998782742 	0.000171127501346 	93.4905534965 	-35.0081899776 	35.7292117816 	1.68675455703 	3.47168497752e-20
0.504 	0.323640167364 	3.08816641965e-19 	0.0215998782742 	0.000171127501346 	93.4905534965 	-35.0081899776 	35.7292117816 	1.68675455703 	3.47168497752e-20
0.504 	0.32510460251 	5.30316132712e-19 	0.0215998782742 	0.000171127501346 	93.4905534965 	-35.0081899776 	35.7292117816 	1.68675455703 	3.47168497752e-20
0.504 	0.326569037657 	4.72436908461e-19 	0.0214955463829 	0.000153244304493 	95.0227954565 	-33.9564393087 	35.7127195646 	1.80118592714 	-1.33741920897e-20
0.504 	0.328033472803 	-3.58361708222e-19 	0.0214955463829 	0.000153244304493 	95.0227954565 	-33.9564393087 	35.7127195646 	1.80118592714 	-1.33741920897e-20
0.504 	0.32949790795 	2.52771132344e-19 	0.0214955463829 	0.000153244304493 	95.0227954565 	-33.9564393087 	35.7127195646 	1.80118592714 	-1.33741920897e-20
0.504 	0.330962343096 	1.23988189353e-19 	0.0214955463829 	0.000153244304493 	95.0227954565 	-33.9564393087 	35.7127195646 	1.80118592714 	-1.33741920897e-20
0.504 	0.332426778243 	4.46472210986e-19 	0.0212527746296 	0.000175291953028 	95.6173756067 	-32.0271597172 	35.6335635717 	1.86968327411 	-1.65434550738e-20
0.504 	0.333891213389 	2.98641116764e-19 	0.0212527746296 	0.000175291953028 	95.6173756067 	-32.0271597172 	35.6335635717 	1.86968327411 	-1.65434550738e-20
0.504 	0.335355648536 	7.79722453555e-19 	0.0212527746296 	0.000175291953028 	95.6173756067 	-32.0271597172 	35.6335635717 	1.86968327411 	-1.65434550738e-20
0.504 	0.336820083682 	-4.68505828622e-19 	0.0208842518444 	0.000159904448263 	95.0332834769 	-31.2835936995 	35.7374838522 	1.96317932808 	-4.38136699211e-21
0.504 	0.338284518828 	5.52933839158e-19 	0.0208842518444 	0.000159904448263 	95.0332834769 	-31.2835936995 	35.7374838522 	1.96317932808 	-4.38136699211e-21
0.504 	0.339748953975 	-1.42571452446e-19 	0.0208842518444 	0.000159904448263 	95.0332834769 	-31.2835936995 	35.7374838522 	1.96317932808 	-4.38136699211e-21
0.504 	0.341213389121 	-8.91481456376e-20 	0.020774605788 	0.000218199443879 	95.2092517682 	-28.4535385304 	35.1349292211 	2.06059802137 	1.54612821626e-20
0.504 	0.342677824268 	-4.02856147627e-19 	0.020774605788 	0.000218199443879 	95.2092517682 	-28.4535385304 	35.1349292211 	2.06059802137 	1.54612821626e-20
0.504 	0.344142259414 	-2.47197727678e-19 	0.020774605788 	0.000218199443879 	95.2092517682 	-28.4535385304 	35.1349292211 	2.06059802137 	1.54612821626e-20
