0.462 	0 	0 	3.18834629868 	2.52215740216e-05 	126413.454448 	70.8218679659 	9.67067035936 	-0.0162345117899 	1.57849496373e-21
0.462 	0.00146443514644 	1.55190197905e-18 	13.3848875408 	0.00192729444994 	6944.9105409 	69.9450673374 	15.2797850045 	-0.271810205298 	-3.16622131991e-21
0.462 	0.00292887029289 	2.27894282525e-19 	17.3824358525 	0.0036494086979 	4763.08281463 	68.8917565607 	17.049478651 	-0.569276905956 	-2.28974373894e-21
0.462 	0.00439330543933 	4.06206515118e-18 	19.3342279995 	0.00438280623338 	4411.38096689 	68.09855539 	18.4641801617 	-0.829601283865 	-2.69546615254e-21
0.462 	0.00585774058577 	2.90849898855e-18 	20.2692597528 	0.00462463895143 	4382.8847972 	67.088390798 	20.3309088701 	-1.14910484129 	5.0154591383e-23
0.462 	0.00732217573222 	4.03663395467e-18 	19.6695421878 	0.00446994606348 	4400.39810514 	66.0465793404 	22.1100109699 	-1.41436535653 	3.09830699897e-23
0.462 	0.00878661087866 	-5.78355133948e-19 	18.1171983061 	0.00417329823798 	4341.21820992 	65.0058822228 	23.6956563182 	-1.62119814673 	-1.69139316163e-21
0.462 	0.0102510460251 	-4.79338217431e-18 	14.5566432172 	0.00314181588699 	4067.50641052 	63.5392480239 	25.9716566241 	-1.85942351565 	-2.08929067047e-20
0.462 	0.0117154811715 	-2.81118413051e-18 	10.8084904579 	0.0026269396792 	3661.00675633 	61.8699552737 	27.8577905312 	-2.03153628098 	-1.91650900716e-20
0.462 	0.013179916318 	-1.57469312492e-18 	7.33727185095 	0.00231007412357 	3176.20624207 	59.823460378 	29.4752630382 	-2.17784901555 	-1.37999287366e-20
0.462 	0.0146443514644 	-1.42755524277e-18 	5.0935657283 	0.0018562770992 	2743.96841425 	58.0618219842 	30.509558436 	-2.27215885982 	-4.0744290496e-21
0.462 	0.0161087866109 	-2.30545665495e-18 	2.79414103439 	0.00136015926501 	2054.27489727 	55.4137260093 	31.6315066717 	-2.37845515173 	3.50911435783e-20
0.462 	0.0175732217573 	-2.03125158182e-18 	1.75496985743 	0.00112959532505 	1553.62705433 	53.2273938253 	32.2324458148 	-2.44290044176 	-1.46181747538e-20
0.462 	0.0190376569038 	-1.5153142064e-18 	1.07115695187 	0.000970932348928 	1103.22511455 	50.0949716824 	32.7942838316 	-2.51356109941 	-2.01553439138e-20
0.462 	0.0205020920502 	-2.76445174537e-18 	0.810138909475 	0.000885229213128 	915.174168972 	47.6070762152 	33.1141581987 	-2.5580755199 	1.69603454123e-20
0.462 	0.0219665271967 	-2.00232504733e-19 	0.630467380388 	0.000796743710155 	791.305124035 	45.0123691102 	33.3735679079 	-2.59590668207 	1.60182844867e-21
0.462 	0.0234309623431 	1.46625959785e-19 	0.492507911185 	0.000706065500348 	697.53855831 	42.3196873169 	33.5756201055 	-2.62691784831 	3.95268641499e-20
0.462 	0.0248953974895 	1.26246999068e-18 	0.417965684487 	0.000648249361487 	644.760657424 	40.4748566612 	33.679989081 	-2.64390660708 	-1.73107809612e-21
0.462 	0.026359832636 	3.58764873118e-19 	0.329271225911 	0.000571225512361 	576.429481503 	37.640203727 	33.7992924163 	-2.66459310133 	9.66873768883e-24
0.462 	0.0278242677824 	-1.45123683558e-18 	0.265172653339 	0.000510536175989 	519.400320311 	34.7319086634 	33.8904393323 	-2.68094069345 	-2.47434544846e-20
0.462 	0.0292887029289 	-3.27180112727e-20 	0.234057132116 	0.000480441927918 	487.170495569 	32.7550256709 	33.9450183149 	-2.69019637656 	-2.44668731356e-20
0.462 	0.0307531380753 	-5.99302813682e-19 	0.20150000804 	0.000450792255618 	446.990837862 	29.735320505 	34.0268105369 	-2.7022755015 	3.33692613113e-20
0.462 	0.0322175732218 	-3.14266856485e-18 	0.187301846321 	0.000440463231736 	425.238323714 	27.6870050028 	34.0832466905 	-2.70920648388 	-5.45082284655e-21
0.462 	0.0336820083682 	2.81423118758e-18 	0.174265088432 	0.000436594173135 	399.146619802 	24.5634882636 	34.1706840256 	-2.71778201797 	-7.6043666654e-21
0.462 	0.0351464435146 	8.1680661254e-19 	0.169556889299 	0.000440021290985 	385.337920626 	22.448214005 	34.2302822822 	-2.72217551246 	-7.97547266998e-21
0.462 	0.0366108786611 	1.20407971431e-18 	0.167018487542 	0.000446909062632 	373.719178032 	20.307552338 	34.290636559 	-2.72544156311 	1.47857735101e-20
0.462 	0.0380753138075 	1.95066938084e-18 	0.165971078977 	0.000456293748163 	363.737350436 	18.1423714981 	34.3516526656 	-2.72753673827 	-4.36157625045e-21
0.462 	0.039539748954 	1.61312122246e-18 	0.165904868586 	0.000467439180918 	354.922897692 	15.9535725796 	34.4133020828 	-2.72842412322 	-3.87392373644e-20
0.462 	0.0410041841004 	1.42536458743e-18 	0.166459242712 	0.000479832047372 	346.911473761 	13.7420872559 	34.4755738904 	-2.72806911686 	-9.65488613874e-21
0.462 	0.0424686192469 	-2.95817441982e-19 	0.167392818304 	0.000493139769838 	339.442950138 	11.5088781644 	34.5384541114 	-2.72643772278 	1.94504653228e-21
0.462 	0.0439330543933 	1.26291738104e-18 	0.168551416688 	0.000507160719173 	332.343200717 	9.25493969364 	34.6019197498 	-2.72349605147 	-2.07072224069e-20
0.462 	0.0453974895397 	1.69611656028e-19 	0.169839747361 	0.000521776943745 	325.502591475 	6.98129829972 	34.6659390415 	-2.71921030824 	-1.77468670196e-21
0.462 	0.0468619246862 	-1.35554822484e-18 	0.171199390642 	0.000536917936812 	318.855785781 	4.68901217592 	34.7304745704 	-2.71354699241 	4.55236184864e-22
0.462 	0.0483263598326 	3.72043041686e-19 	0.172593278528 	0.000552535831864 	312.3657663 	2.37917029458 	34.7954866975 	-2.70647310683 	-2.41500344385e-21
0.462 	0.0497907949791 	-7.03835078134e-19 	0.173294762255 	0.000560510982432 	309.172822098 	1.21801434571 	34.828158882 	-2.70239704105 	-6.93601380951e-22
0.462 	0.0512552301255 	-8.1761687539e-20 	0.174693618369 	0.000576768637705 	302.883352092 	-1.1160551987 	34.893809762 	-2.69314662845 	-1.63936795536e-21
0.462 	0.052719665272 	-3.05188199277e-19 	0.176071590934 	0.000593399797091 	296.716634885 	-3.46483175728 	34.9598349869 	-2.68240557391 	2.52255720382e-21
0.462 	0.0541841004184 	8.80599450696e-19 	0.176747297932 	0.000601840348498 	293.678046633 	-4.6443652716 	34.9929757708 	-2.67646640498 	8.36965763172e-22
0.462 	0.0556485355649 	6.09447310273e-19 	0.178061539192 	0.000618936950115 	287.689302051 	-7.01296921671 	35.0594928586 	-2.66343209198 	-8.2636601389e-21
0.462 	0.0571129707113 	5.05022947169e-19 	0.179312045349 	0.000636268690884 	281.818118537 	-9.39326724355 	35.1263027482 	-2.64883244969 	1.17041152679e-20
0.462 	0.0585774058577 	8.20549164057e-20 	0.179908027684 	0.000645001140912 	278.926681323 	-10.5874132345 	35.1598114288 	-2.64093687175 	-9.47969524714e-21
0.462 	0.0600418410042 	-7.02024634081e-19 	0.181030564095 	0.000662551384312 	273.232489405 	-12.9829112521 	35.2270269311 	-2.62393712826 	1.34667322314e-20
0.462 	0.0615062761506 	-1.27493916076e-18 	0.181552716694 	0.000671348430011 	270.42994156 	-14.1839443713 	35.2607303766 	-2.61482623496 	7.60304045232e-21
0.462 	0.0629707112971 	-2.05419706347e-18 	0.182507646802 	0.000688929988733 	264.914649945 	-16.5917723458 	35.3283195901 	-2.59536570463 	4.81763359415e-21
0.462 	0.0644351464435 	1.73651095725e-18 	0.182935891481 	0.000697689935991 	262.202279327 	-17.7982408919 	35.3622009285 	-2.58500938457 	1.94026074986e-20
0.462 	0.06589958159 	-8.32756553214e-19 	0.183682358008 	0.000715081261714 	256.869208917 	-20.2154617433 	35.4301226568 	-2.56302780491 	1.59954074782e-20
0.462 	0.0673640167364 	1.40587615379e-18 	0.183995825883 	0.000723683590176 	254.248995528 	-21.4258798977 	35.4641556574 	-2.55139574106 	-5.91287029051e-21
0.462 	0.0688284518828 	-8.75728584163e-19 	0.184266201921 	0.000732203019035 	251.659986549 	-22.6372780969 	35.4982308987 	-2.53933158564 	-2.58265712744e-20
0.462 	0.0702928870293 	-2.67439518301e-19 	0.184667595581 	0.000748926114107 	246.576520838 	-25.0623304604 	35.5664880842 	-2.51389321237 	4.61217049512e-21
0.462 	0.0717573221757 	5.95546463437e-20 	0.184793393773 	0.000757093864591 	244.082540376 	-26.2756387172 	35.6006597311 	-2.50051213517 	-1.44449968333e-20
0.462 	0.0732217573222 	2.41630779023e-19 	0.184865629668 	0.000765106637836 	241.620736936 	-27.4892351659 	35.6348536005 	-2.48668528971 	-5.90264387343e-21
0.462 	0.0746861924686 	1.42510256936e-18 	0.18483777207 	0.000780582412504 	236.794692154 	-29.9165838225 	35.70329244 	-2.45768117526 	-5.10872944071e-21
0.462 	0.0761506276151 	8.75990261815e-19 	0.18473143848 	0.000787999021818 	234.431050502 	-31.1299778822 	35.7375319321 	-2.44249755211 	-4.98386689146e-20
0.462 	0.0776150627615 	1.92519348055e-19 	0.184558982808 	0.000795167908209 	232.100643025 	-32.342943912 	35.7717826247 	-2.42685543337 	-4.61062550824e-20
0.462 	0.0790794979079 	-5.0400583018e-19 	0.18431668021 	0.000802061419003 	229.803698125 	-33.5552992606 	35.8060436035 	-2.41075178152 	5.8066509017e-20
0.462 	0.0805439330544 	-2.41978707537e-18 	0.184000495829 	0.000808649810091 	227.540393299 	-34.7668598572 	35.8403141292 	-2.39418356825 	3.77577884526e-20
0.462 	0.0820083682008 	-9.2526975748e-19 	0.183128587218 	0.000820780198518 	223.115259784 	-37.1868532866 	35.908880614 	-2.35964133265 	1.67789949834e-20
0.462 	0.0834728033473 	-2.14088386495e-19 	0.182562948196 	0.000826249820797 	220.953691729 	-38.3949106567 	35.9431749281 	-2.34166125919 	-1.08272083904e-20
0.462 	0.0849372384937 	-1.84821218179e-18 	0.181903550761 	0.000831269065613 	218.826320245 	-39.6014223049 	35.9774758443 	-2.32320454805 	-1.90350472521e-20
0.462 	0.0864016736402 	-8.41580990532e-20 	0.181144395351 	0.000835793889767 	216.733332905 	-40.8061967157 	36.0117833598 	-2.30426824291 	-5.26000350828e-21
0.462 	0.0878661087866 	-6.16168155031e-19 	0.18027911519 	0.000839777058391 	214.674970445 	-42.0090408535 	36.0460983254 	-2.28484944309 	5.78727928361e-20
0.462 	0.0893305439331 	-1.45289889858e-18 	0.179301091781 	0.000843168524207 	212.651547862 	-43.2097601787 	36.0804231352 	-2.26494535019 	-4.00774621763e-20
0.462 	0.0907949790795 	-1.78344282585e-18 	0.178203645614 	0.000845916225492 	210.663467899 	-44.4081587024 	36.1147630667 	-2.24455337153 	-5.20866842122e-22
0.462 	0.0922594142259 	3.17668791291e-19 	0.176980293318 	0.000847967353603 	208.711211069 	-45.6040391448 	36.1491282668 	-2.22367127653 	9.2823100808e-21
0.462 	0.0937238493724 	1.30494720955e-18 	0.174132722317 	0.000849775688167 	204.916102851 	-47.9874520941 	36.218007872 	-2.18043025126 	-7.22370943577e-21
0.462 	0.0951882845188 	-2.96921895862e-19 	0.172499295137 	0.000849441259717 	203.073836082 	-49.1745865417 	36.252569459 	-2.15806878437 	2.52161038876e-20
0.462 	0.0966527196653 	-1.51681277526e-19 	0.170722322778 	0.00084823288373 	201.268220146 	-50.3584067983 	36.2872343424 	-2.13521086865 	3.57872988118e-21
0.462 	0.0981171548117 	-1.783872705e-20 	0.168801580261 	0.000846129648186 	199.498481849 	-51.5387112622 	36.3219908391 	-2.11185254939 	-1.08963956835e-19
0.462 	0.0995815899582 	2.7814497135e-19 	0.166739933651 	0.000843128186722 	197.763443657 	-52.7152941114 	36.356787255 	-2.08798713884 	1.00042276937e-19
0.462 	0.101046025105 	8.23071616509e-19 	0.164544353102 	0.000839247231355 	196.061836077 	-53.8879420976 	36.3915272276 	-2.06360519503 	-7.93142154286e-20
0.462 	0.102510460251 	9.40463455214e-19 	0.162226747108 	0.000834531009562 	194.392713092 	-55.0564315248 	36.4260811704 	-2.03869565165 	-1.27949953935e-20
0.462 	0.103974895397 	-4.92849762668e-19 	0.159804180277 	0.000829050020996 	192.755776165 	-56.2205266705 	36.4603136797 	-2.01324787582 	6.74067560034e-20
0.462 	0.105439330544 	-6.75227605901e-19 	0.157298145406 	0.000822898100721 	191.151426 	-57.3799806168 	36.4941180917 	-1.98725385981 	-6.6926379336e-20
0.462 	0.10690376569 	2.4771404597e-19 	0.157298145406 	0.000822898100721 	191.151426 	-57.3799806168 	36.4941180917 	-1.98725385981 	-6.6926379336e-20
0.462 	0.108368200837 	9.89986149135e-19 	0.154732904959 	0.000816185784526 	189.580494897 	-58.534538492 	36.527443885 	-1.96070955316 	1.31037643327e-19
0.462 	0.109832635983 	-1.0429740901e-19 	0.152133317263 	0.000809031346136 	188.04378593 	-59.6839420851 	36.5603045841 	-1.93361471545 	3.1667438646e-20
0.462 	0.11129707113 	-1.09230454251e-18 	0.149522777214 	0.000801551706224 	186.541649219 	-60.8279341423 	36.5927630478 	-1.9059714286 	-1.91152705764e-19
0.462 	0.112761506276 	-1.21081402851e-18 	0.146921814755 	0.000793855254024 	185.073807864 	-61.9662609324 	36.6249022169 	-1.87778207874 	7.25120285252e-20
0.462 	0.114225941423 	1.15991615461e-18 	0.144347559268 	0.000786037621365 	183.639504452 	-63.0986725893 	36.6567956105 	-1.84904776845 	-3.7419245546e-20
0.462 	0.115690376569 	-7.79666742358e-19 	0.141813884766 	0.000778180198046 	182.237848152 	-64.224921787 	36.6884896027 	-1.81976771363 	7.47784974107e-20
0.462 	0.117154811715 	-1.27439729946e-18 	0.139331848483 	0.00077035037116 	180.868152595 	-65.344761818 	36.7200012039 	-1.78993955234 	1.87930260045e-20
0.462 	0.118619246862 	2.41233247292e-19 	0.136910086475 	0.000762602412955 	179.530098711 	-66.4579450512 	36.7513267513 	-1.75956007543 	-1.74742686258e-20
0.462 	0.120083682008 	-3.25586430551e-19 	0.134555040053 	0.000754978440409 	178.223685408 	-67.5642221619 	36.7824534492 	-1.72862587592 	6.19948084495e-20
0.462 	0.121548117155 	7.39706025232e-19 	0.134555040053 	0.000754978440409 	178.223685408 	-67.5642221619 	36.7824534492 	-1.72862587592 	6.19948084495e-20
0.462 	0.123012552301 	-4.57813004316e-19 	0.132271097439 	0.000747509472043 	176.949058689 	-68.6633420291 	36.8133676831 	-1.69713368039 	-7.98821249476e-20
0.462 	0.124476987448 	-1.40639574848e-18 	0.130060805377 	0.000740216859931 	175.706353661 	-69.7550519344 	36.8440583616 	-1.66508039825 	4.06551723258e-20
0.462 	0.125941422594 	-1.02169427416e-18 	0.127925193309 	0.000733114099044 	174.495611905 	-70.8390977947 	36.8745167771 	-1.63246304408 	-2.51300491959e-20
0.462 	0.127405857741 	1.41974493967e-18 	0.125864126341 	0.000726208675635 	173.316748427 	-71.915224319 	36.904735301 	-1.5992786589 	-2.41228641363e-20
0.462 	0.128870292887 	5.28392375777e-19 	0.125864126341 	0.000726208675635 	173.316748427 	-71.915224319 	36.904735301 	-1.5992786589 	-2.41228641363e-20
0.462 	0.130334728033 	9.35567394706e-19 	0.123876654416 	0.000719503789319 	172.169564991 	-72.9831750969 	36.9347063948 	-1.56552427624 	-4.89517902049e-20
0.462 	0.13179916318 	1.95011535731e-19 	0.121961310812 	0.000712999788352 	171.05378263 	-74.0426926728 	36.9644222745 	-1.53119692016 	3.90206184048e-22
0.462 	0.133263598326 	7.42557674782e-19 	0.120116335424 	0.000706695244664 	169.96907271 	-75.0935186376 	36.9938749619 	-1.49629361173 	1.00155559803e-19
0.462 	0.134728033473 	6.08490075812e-19 	0.11833982799 	0.000700587699465 	168.915080982 	-76.1353937528 	37.0230564284 	-1.46081137312 	-2.62611073008e-20
0.462 	0.136192468619 	-5.7354081267e-20 	0.11833982799 	0.000700587699465 	168.915080982 	-76.1353937528 	37.0230564284 	-1.46081137312 	-2.62611073008e-20
0.462 	0.137656903766 	-1.48984836835e-18 	0.11662984214 	0.000694674134709 	167.891441919 	-77.1680580974 	37.0519586849 	-1.42474722559 	-4.90127327364e-20
0.462 	0.139121338912 	1.65362396872e-18 	0.114984423068 	0.000688951199935 	166.897776038 	-78.1912512361 	37.0805737806 	-1.38809818215 	-8.13679183583e-20
0.462 	0.140585774059 	-9.84429428323e-19 	0.113401605768 	0.000683415268464 	165.933673128 	-79.2047123937 	37.1088937417 	-1.35086123803 	1.96349879738e-19
0.462 	0.142050209205 	1.48359461561e-20 	0.113401605768 	0.000683415268464 	165.933673128 	-79.2047123937 	37.1088937417 	-1.35086123803 	1.96349879738e-19
0.462 	0.143514644351 	1.3419783659e-18 	0.111879432257 	0.000678062530324 	164.998694447 	-80.2081806272 	37.1369105376 	-1.31303336529 	-1.98979658661e-19
0.462 	0.144979079498 	7.72034760603e-19 	0.110416008251 	0.000672889202633 	164.09240603 	-81.2013950018 	37.1646160999 	-1.27461150801 	1.01693746906e-19
0.462 	0.146443514644 	1.78280692235e-18 	0.109009501381 	0.000667891545259 	163.214375379 	-82.1840947798 	37.1920023428 	-1.23559257442 	-1.8381188653e-19
0.462 	0.147907949791 	-9.31293363067e-19 	0.109009501381 	0.000667891545259 	163.214375379 	-82.1840947798 	37.1920023428 	-1.23559257442 	-1.8381188653e-19
0.462 	0.149372384937 	1.22513967586e-19 	0.107658134022 	0.000663065847076 	162.364167144 	-83.1560196041 	37.2190611682 	-1.19597342861 	2.93384798776e-19
0.462 	0.150836820084 	-9.3773558478e-19 	0.106360180775 	0.000658408424813 	161.541342375 	-84.116909693 	37.245784469 	-1.15575088147 	-1.89878302789e-19
0.462 	0.15230125523 	4.19727345581e-19 	0.106360180775 	0.000658408424813 	161.541342375 	-84.116909693 	37.245784469 	-1.15575088147 	-1.89878302789e-19
0.462 	0.153765690377 	-2.06146797929e-19 	0.105113967132 	0.000653915625239 	160.745458703 	-85.0665060367 	37.272164128 	-1.11492167977 	2.37996331428e-19
0.462 	0.155230125523 	4.09773094937e-19 	0.103917869197 	0.000649583830457 	159.976071331 	-86.0045505895 	37.298192013 	-1.0734824946 	-1.74269771865e-20
0.462 	0.156694560669 	-2.21953190142e-20 	0.103917869197 	0.000649583830457 	159.976071331 	-86.0045505895 	37.298192013 	-1.0734824946 	-1.74269771865e-20
0.462 	0.158158995816 	2.08855427797e-18 	0.102770316784 	0.000645409474383 	159.232736524 	-86.9307864622 	37.3238599831 	-1.03142990878 	-2.3696964786e-19
0.462 	0.159623430962 	-3.78470599555e-19 	0.101669800499 	0.000641389071897 	158.515018346 	-87.844958109 	37.3491599169 	-0.988760405492 	1.44333262829e-19
0.462 	0.161087866109 	-7.65740299742e-19 	0.101669800499 	0.000641389071897 	158.515018346 	-87.844958109 	37.3491599169 	-0.988760405492 	1.44333262829e-19
0.462 	0.162552301255 	1.36809157397e-19 	0.100614872874 	0.000637519225218 	157.822492082 	-88.7468115071 	37.374083742 	-0.945470353664 	-2.37565879961e-19
0.462 	0.164016736402 	-2.22809130717e-19 	0.0996041263617 	0.000633796549039 	157.154731298 	-89.6360943412 	37.3986234192 	-0.901555990944 	1.01765176503e-20
0.462 	0.165481171548 	-2.67524886724e-19 	0.0996041263617 	0.000633796549039 	157.154731298 	-89.6360943412 	37.3986234192 	-0.901555990944 	1.01765176503e-20
0.462 	0.166945606695 	7.45592973984e-19 	0.0986361706498 	0.000630217600311 	156.511291657 	-90.5125561554 	37.4227709064 	-0.857013404735 	2.96230843248e-19
0.462 	0.168410041841 	4.95622358063e-19 	0.0977096697711 	0.000626779027061 	155.89173465 	-91.3759485204 	37.4465181589 	-0.811838518526 	-6.26281634245e-20
0.462 	0.169874476987 	6.10769089901e-21 	0.0977096697711 	0.000626779027061 	155.89173465 	-91.3759485204 	37.4465181589 	-0.811838518526 	-6.26281634245e-20
0.462 	0.171338912134 	3.5618206194e-19 	0.0968233436375 	0.000623477658577 	155.295610525 	-92.226025126 	37.4698571508 	-0.766027067799 	1.22449670315e-19
0.462 	0.17280334728 	1.7043259654e-20 	0.0968233436375 	0.000623477658577 	155.295610525 	-92.226025126 	37.4698571508 	-0.766027067799 	1.22449670315e-19
0.462 	0.174267782427 	4.64502618925e-19 	0.0959759600287 	0.00062031034884 	154.722487233 	-93.062541988 	37.492779877 	-0.719574587801 	1.32568500293e-21
0.462 	0.175732217573 	5.91018036057e-19 	0.0951663316526 	0.000617274019638 	154.171937624 	-93.8852574029 	37.515278355 	-0.672476375412 	2.46170768003e-20
0.462 	0.17719665272 	-1.36580434396e-19 	0.0951663316526 	0.000617274019638 	154.171937624 	-93.8852574029 	37.515278355 	-0.672476375412 	2.46170768003e-20
0.462 	0.178661087866 	-1.78294670325e-20 	0.0943933158379 	0.000614365669217 	153.643539292 	-94.6939322901 	37.5373446196 	-0.624727494573 	-3.96718797697e-19
0.462 	0.180125523013 	9.16161244365e-19 	0.0943933158379 	0.000614365669217 	153.643539292 	-94.6939322901 	37.5373446196 	-0.624727494573 	-3.96718797697e-19
0.462 	0.181589958159 	-8.14156409927e-19 	0.0936558134102 	0.000611582374158 	153.136874717 	-95.4883297896 	37.5589707269 	-0.576322700089 	2.57314401419e-19
0.462 	0.183054393305 	7.06005137544e-19 	0.0929527688227 	0.000608921293935 	152.651532716 	-96.2682161034 	37.5801487412 	-0.527256501283 	-8.01629407412e-20
0.462 	0.184518828452 	-1.08217705552e-19 	0.0929527688227 	0.000608921293935 	152.651532716 	-96.2682161034 	37.5801487412 	-0.527256501283 	-8.01629407412e-20
0.462 	0.185983263598 	-7.79263234133e-19 	0.0922831679042 	0.00060637966545 	152.187108444 	-97.0333590811 	37.6008707509 	-0.477522976838 	1.53399324351e-19
0.462 	0.187447698745 	7.10664181788e-19 	0.0922831679042 	0.00060637966545 	152.187108444 	-97.0333590811 	37.6008707509 	-0.477522976838 	1.53399324351e-19
0.462 	0.188912133891 	-7.84720228741e-19 	0.0916460392954 	0.000603954809789 	151.743206296 	-97.7835306309 	37.6211288289 	-0.427116017256 	-1.47809766285e-19
0.462 	0.190376569038 	8.39015138491e-19 	0.0916460392954 	0.000603954809789 	151.743206296 	-97.7835306309 	37.6211288289 	-0.427116017256 	-1.47809766285e-19
0.462 	0.191841004184 	1.4924287564e-18 	0.0910404498607 	0.000601644117323 	151.319438252 	-98.5185024757 	37.6409150758 	-0.376028826891 	3.50784160977e-21
0.462 	0.193305439331 	-1.26646846511e-19 	0.0904655129714 	0.000599445080067 	150.915431588 	-99.2380531197 	37.6602215278 	-0.324254685006 	-1.02310684545e-19
0.462 	0.194769874477 	8.40775200932e-20 	0.0904655129714 	0.000599445080067 	150.915431588 	-99.2380531197 	37.6602215278 	-0.324254685006 	-1.02310684545e-19
0.462 	0.196234309623 	-4.92632697532e-20 	0.0899203818596 	0.000597355271056 	150.53082515 	-99.9419558019 	37.6790403058 	-0.271785573724 	1.74253249988e-19
0.462 	0.19769874477 	2.63974157799e-19 	0.0899203818596 	0.000597355271056 	150.53082515 	-99.9419558019 	37.6790403058 	-0.271785573724 	1.74253249988e-19
0.462 	0.199163179916 	1.09622474006e-18 	0.0894042651253 	0.000595372403594 	150.165282411 	-100.629998123 	37.6973633856 	-0.218614378782 	-1.79027612419e-19
0.462 	0.200627615063 	-9.49512108511e-19 	0.0894042651253 	0.000595372403594 	150.165282411 	-100.629998123 	37.6973633856 	-0.218614378782 	-1.79027612419e-19
0.462 	0.202092050209 	1.07643435763e-18 	0.088916377537 	0.000593494155029 	149.818455302 	-101.301949042 	37.7151829251 	-0.164731140315 	2.5175925101e-19
0.462 	0.203556485356 	6.32902487845e-19 	0.088916377537 	0.000593494155029 	149.818455302 	-101.301949042 	37.7151829251 	-0.164731140315 	2.5175925101e-19
0.462 	0.205020920502 	8.80230258151e-19 	0.0884560054282 	0.000591718408945 	149.490034603 	-101.957612224 	37.7324906637 	-0.1101291161 	-1.60357984232e-19
0.462 	0.206485355649 	-3.66496903585e-19 	0.0884560054282 	0.000591718408945 	149.490034603 	-101.957612224 	37.7324906637 	-0.1101291161 	-1.60357984232e-19
0.462 	0.207949790795 	-6.02539622165e-19 	0.0880224322685 	0.000590042987452 	149.179693921 	-102.596738543 	37.7492788164 	-0.0547947889651 	1.36236621629e-19
0.462 	0.209414225941 	-7.21195361778e-19 	0.0880224322685 	0.000590042987452 	149.179693921 	-102.596738543 	37.7492788164 	-0.0547947889651 	1.36236621629e-19
0.462 	0.210878661088 	3.40502604365e-19 	0.087615056827 	0.000588466086721 	148.887181104 	-103.219165912 	37.7655386644 	0.00127608216413 	-1.90579024346e-19
0.462 	0.212343096234 	-6.91470843384e-19 	0.087615056827 	0.000588466086721 	148.887181104 	-103.219165912 	37.7655386644 	0.00127608216413 	-1.90579024346e-19
0.462 	0.213807531381 	5.86923040432e-19 	0.0872332010402 	0.000586985572357 	148.61217234 	-103.824594976 	37.7812626753 	0.058104320457 	2.81841266416e-19
0.462 	0.215271966527 	7.39252411236e-19 	0.0872332010402 	0.000586985572357 	148.61217234 	-103.824594976 	37.7812626753 	0.058104320457 	2.81841266416e-19
0.462 	0.216736401674 	2.06177716182e-19 	0.0868764102543 	0.000585600085808 	148.354503969 	-104.412942519 	37.7964412274 	0.115686326699 	-2.10580919793e-19
0.462 	0.21820083682 	1.80925857496e-18 	0.0868764102543 	0.000585600085808 	148.354503969 	-104.412942519 	37.7964412274 	0.115686326699 	-2.10580919793e-19
0.462 	0.219665271967 	-8.71056463933e-19 	0.086543987286 	0.000584307324842 	148.113815464 	-104.983785945 	37.8110674767 	0.17405885764 	-1.83031954961e-20
0.462 	0.221129707113 	1.14845388263e-18 	0.086543987286 	0.000584307324842 	148.113815464 	-104.983785945 	37.8110674767 	0.17405885764 	-1.83031954961e-20
0.462 	0.222594142259 	1.65537147957e-19 	0.0862357112417 	0.000583106699406 	147.890105412 	-105.537224478 	37.8251300417 	0.233197885485 	-1.16625647876e-19
0.462 	0.224058577406 	4.60060858153e-19 	0.0862357112417 	0.000583106699406 	147.890105412 	-105.537224478 	37.8251300417 	0.233197885485 	-1.16625647876e-19
0.462 	0.225523012552 	-2.92202867816e-19 	0.0859507394189 	0.000581995262114 	147.682885092 	-106.072551549 	37.8386237047 	0.293175481192 	1.1168686666e-19
0.462 	0.226987447699 	8.14957439358e-19 	0.0859507394189 	0.000581995262114 	147.682885092 	-106.072551549 	37.8386237047 	0.293175481192 	1.1168686666e-19
0.462 	0.228451882845 	-7.17657628452e-19 	0.0856892742126 	0.000580973885913 	147.492471332 	-106.590277539 	37.8515337223 	0.353918905501 	2.43698735345e-19
0.462 	0.229916317992 	-1.28795091918e-19 	0.0856892742126 	0.000580973885913 	147.492471332 	-106.590277539 	37.8515337223 	0.353918905501 	2.43698735345e-19
0.462 	0.231380753138 	6.93346338254e-19 	0.0854500558687 	0.000580037942826 	147.318045182 	-107.089070604 	37.8638583784 	0.41557768321 	-1.79522853032e-19
0.462 	0.232845188285 	4.00080343828e-20 	0.0854500558687 	0.000580037942826 	147.318045182 	-107.089070604 	37.8638583784 	0.41557768321 	-1.79522853032e-19
0.462 	0.234309623431 	3.67338581801e-19 	0.0852341071872 	0.000579191220743 	147.160564827 	-107.570334105 	37.8755766589 	0.477969516085 	-6.31885483752e-20
0.462 	0.235774058577 	-3.44027435259e-19 	0.0852341071872 	0.000579191220743 	147.160564827 	-107.570334105 	37.8755766589 	0.477969516085 	-6.31885483752e-20
0.462 	0.237238493724 	-6.11419943489e-19 	0.0850391882848 	0.000578425255639 	147.0184565 	-108.031414584 	37.886693885 	0.541409707559 	2.19802884463e-19
0.462 	0.23870292887 	6.44582966708e-19 	0.0850391882848 	0.000578425255639 	147.0184565 	-108.031414584 	37.886693885 	0.541409707559 	2.19802884463e-19
0.462 	0.240167364017 	2.11762153276e-19 	0.0848679464466 	0.000577749689027 	146.89397166 	-108.475577237 	37.8971775873 	0.605480853175 	-1.45983348295e-19
0.462 	0.241631799163 	-2.90192848003e-19 	0.0848679464466 	0.000577749689027 	146.89397166 	-108.475577237 	37.8971775873 	0.605480853175 	-1.45983348295e-19
0.462 	0.24309623431 	-1.78224787943e-19 	0.0847160362895 	0.000577147902621 	146.783928183 	-108.89748619 	37.9070465487 	0.670842081256 	5.55608630753e-21
0.462 	0.244560669456 	2.32238408322e-19 	0.0847160362895 	0.000577147902621 	146.783928183 	-108.89748619 	37.9070465487 	0.670842081256 	5.55608630753e-21
0.462 	0.246025104603 	4.36399532015e-19 	0.0847160362895 	0.000577147902621 	146.783928183 	-108.89748619 	37.9070465487 	0.670842081256 	5.55608630753e-21
0.462 	0.247489539749 	-1.09229387954e-18 	0.0845893019728 	0.000576641129017 	146.693147117 	-109.304126366 	37.9162482885 	0.736592436172 	4.18780509231e-20
0.462 	0.248953974895 	-1.08288071895e-18 	0.0845893019728 	0.000576641129017 	146.693147117 	-109.304126366 	37.9162482885 	0.736592436172 	4.18780509231e-20
0.462 	0.250418410042 	1.6592096283e-19 	0.0844791152683 	0.000576196216351 	146.615185715 	-109.68494039 	37.9248271949 	0.804079299229 	4.97443585342e-21
0.462 	0.251882845188 	-3.88412088593e-19 	0.0844791152683 	0.000576196216351 	146.615185715 	-109.68494039 	37.9248271949 	0.804079299229 	4.97443585342e-21
0.462 	0.253347280335 	-2.08441873282e-19 	0.0843974549317 	0.000575856651609 	146.559833417 	-110.054023173 	37.9326909888 	0.871447143577 	-4.86612851571e-20
0.462 	0.254811715481 	4.34831586744e-19 	0.0843974549317 	0.000575856651609 	146.559833417 	-110.054023173 	37.9326909888 	0.871447143577 	-4.86612851571e-20
0.462 	0.256276150628 	1.12065809418e-18 	0.0843974549317 	0.000575856651609 	146.559833417 	-110.054023173 	37.9326909888 	0.871447143577 	-4.86612851571e-20
0.462 	0.257740585774 	-6.35214251368e-19 	0.0843273271505 	0.000575556972831 	146.514300289 	-110.391090261 	37.9399172271 	0.941369888827 	-1.92683782421e-20
0.462 	0.259205020921 	-4.43779356823e-19 	0.0843273271505 	0.000575556972831 	146.514300289 	-110.391090261 	37.9399172271 	0.941369888827 	-1.92683782421e-20
0.462 	0.260669456067 	-1.03174333177e-18 	0.0842922863554 	0.000575382479953 	146.497832819 	-110.72320975 	37.9463390152 	1.01018339825 	-1.21281953033e-19
0.462 	0.262133891213 	-2.1964519322e-19 	0.0842922863554 	0.000575382479953 	146.497832819 	-110.72320975 	37.9463390152 	1.01018339825 	-1.21281953033e-19
0.462 	0.26359832636 	-2.26578239217e-19 	0.0842598419342 	0.000575207530198 	146.485985511 	-111.012804515 	37.9521224714 	1.0830185316 	6.27622966387e-20
0.462 	0.265062761506 	1.30540827387e-19 	0.0842598419342 	0.000575207530198 	146.485985511 	-111.012804515 	37.9521224714 	1.0830185316 	6.27622966387e-20
0.462 	0.266527196653 	1.63027273674e-19 	0.0842598419342 	0.000575207530198 	146.485985511 	-111.012804515 	37.9521224714 	1.0830185316 	6.27622966387e-20
0.462 	0.267991631799 	-5.6545485125e-19 	0.084274483692 	0.00057519203585 	146.515386931 	-111.309477805 	37.9570284909 	1.15292807016 	-1.59289159629e-20
0.462 	0.269456066946 	-2.15455392304e-19 	0.084274483692 	0.00057519203585 	146.515386931 	-111.309477805 	37.9570284909 	1.15292807016 	-1.59289159629e-20
0.462 	0.270920502092 	-1.63607570985e-18 	0.0842749526259 	0.000575097364741 	146.540321331 	-111.546427916 	37.9614668285 	1.22940474512 	8.49841150643e-20
0.462 	0.272384937238 	-7.45852446759e-20 	0.0842749526259 	0.000575097364741 	146.540321331 	-111.546427916 	37.9614668285 	1.22940474512 	8.49841150643e-20
0.462 	0.273849372385 	5.38066227892e-19 	0.0842749526259 	0.000575097364741 	146.540321331 	-111.546427916 	37.9614668285 	1.22940474512 	8.49841150643e-20
0.462 	0.275313807531 	-1.44762842609e-19 	0.0843402681827 	0.000575202457553 	146.627099859 	-111.81036984 	37.9649369319 	1.29979515421 	-1.30903517717e-19
0.462 	0.276778242678 	3.89388964828e-19 	0.0843402681827 	0.000575202457553 	146.627099859 	-111.81036984 	37.9649369319 	1.29979515421 	-1.30903517717e-19
0.462 	0.278242677824 	1.03554513432e-18 	0.0843566580751 	0.000575058234037 	146.692374932 	-111.987786231 	37.9680046835 	1.38099157548 	5.58999767904e-20
0.462 	0.279707112971 	5.74831110779e-19 	0.0843566580751 	0.000575058234037 	146.692374932 	-111.987786231 	37.9680046835 	1.38099157548 	5.58999767904e-20
0.462 	0.281171548117 	-3.94729498333e-19 	0.0843566580751 	0.000575058234037 	146.692374932 	-111.987786231 	37.9680046835 	1.38099157548 	5.58999767904e-20
0.462 	0.282635983264 	-7.7527650252e-19 	0.0844592680965 	0.000575124928141 	146.853777264 	-112.222936367 	37.9696520678 	1.45086793582 	1.1011981828e-19
0.462 	0.28410041841 	-7.21497058894e-19 	0.0844592680965 	0.000575124928141 	146.853777264 	-112.222936367 	37.9696520678 	1.45086793582 	1.1011981828e-19
0.462 	0.285564853556 	-1.93090900577e-19 	0.0844404882818 	0.000574564775476 	146.964262144 	-112.332321495 	37.9711736696 	1.53829947786 	-1.15447126099e-19
0.462 	0.287029288703 	-9.8495725904e-19 	0.0844404882818 	0.000574564775476 	146.964262144 	-112.332321495 	37.9711736696 	1.53829947786 	-1.15447126099e-19
0.462 	0.288493723849 	6.08054407583e-19 	0.0844404882818 	0.000574564775476 	146.964262144 	-112.332321495 	37.9711736696 	1.53829947786 	-1.15447126099e-19
0.462 	0.289958158996 	-2.70733413485e-19 	0.0845174704147 	0.000574065397293 	147.226205957 	-112.543229835 	37.9707532413 	1.60622623469 	4.4106578254e-20
0.462 	0.291422594142 	6.82754358981e-20 	0.0845174704147 	0.000574065397293 	147.226205957 	-112.543229835 	37.9707532413 	1.60622623469 	4.4106578254e-20
0.462 	0.292887029289 	1.22108046063e-18 	0.0845174704147 	0.000574065397293 	147.226205957 	-112.543229835 	37.9707532413 	1.60622623469 	4.4106578254e-20
0.462 	0.294351464435 	6.24075749578e-19 	0.0843232999864 	0.00057209877074 	147.392905385 	-112.575592683 	37.9710131663 	1.70190975023 	7.69911014799e-20
0.462 	0.295815899582 	-9.12320767057e-19 	0.0843232999864 	0.00057209877074 	147.392905385 	-112.575592683 	37.9710131663 	1.70190975023 	7.69911014799e-20
0.462 	0.297280334728 	6.27764039667e-19 	0.0842013436776 	0.000569623173015 	147.819378962 	-112.765389238 	37.9678317552 	1.76600956445 	-2.65865557029e-23
0.462 	0.298744769874 	-1.15007249399e-19 	0.0842013436776 	0.000569623173015 	147.819378962 	-112.765389238 	37.9678317552 	1.76600956445 	-2.65865557029e-23
0.462 	0.300209205021 	-7.62106850634e-19 	0.0842013436776 	0.000569623173015 	147.819378962 	-112.765389238 	37.9678317552 	1.76600956445 	-2.65865557029e-23
0.462 	0.301673640167 	5.15300804203e-19 	0.0835536003371 	0.000564069809812 	148.126346923 	-112.714374747 	37.9645561749 	1.87223535006 	-2.1480847286e-19
0.462 	0.303138075314 	2.39160983812e-19 	0.0835536003371 	0.000564069809812 	148.126346923 	-112.714374747 	37.9645561749 	1.87223535006 	-2.1480847286e-19
0.462 	0.30460251046 	3.28021001529e-19 	0.0835536003371 	0.000564069809812 	148.126346923 	-112.714374747 	37.9645561749 	1.87223535006 	-2.1480847286e-19
0.462 	0.306066945607 	1.0915946046e-19 	0.0829488680618 	0.000556883364813 	148.951958889 	-112.879816379 	37.9504240349 	1.93011876508 	-1.07293425707e-19
0.462 	0.307531380753 	9.97773178115e-20 	0.0829488680618 	0.000556883364813 	148.951958889 	-112.879816379 	37.9504240349 	1.93011876508 	-1.07293425707e-19
0.462 	0.3089958159 	1.14259560326e-18 	0.0815705752321 	0.000545528497889 	149.525781967 	-112.748605966 	37.9324390462 	2.04852795289 	3.60940337253e-19
0.462 	0.310460251046 	-5.86249072619e-19 	0.0815705752321 	0.000545528497889 	149.525781967 	-112.748605966 	37.9324390462 	2.04852795289 	3.60940337253e-19
0.462 	0.311924686192 	-4.52539329884e-20 	0.0815705752321 	0.000545528497889 	149.525781967 	-112.748605966 	37.9324390462 	2.04852795289 	3.60940337253e-19
0.462 	0.313389121339 	3.87045544767e-20 	0.0809548639302 	0.000535345823422 	151.219754387 	-112.86962256 	37.8840575029 	2.09732451219 	-2.01805008014e-19
0.462 	0.314853556485 	-3.30524762794e-19 	0.0809548639302 	0.000535345823422 	151.219754387 	-112.86962256 	37.8840575029 	2.09732451219 	-2.01805008014e-19
0.462 	0.316317991632 	9.14217655912e-19 	0.0809548639302 	0.000535345823422 	151.219754387 	-112.86962256 	37.8840575029 	2.09732451219 	-2.01805008014e-19
0.462 	0.317782426778 	1.36321092859e-19 	0.0806884771197 	0.000514359679631 	153.062921988 	-112.681824782 	37.7941406367 	2.22604447912 	1.09057179164e-19
0.462 	0.319246861925 	-7.71583506382e-19 	0.0806884771197 	0.000514359679631 	153.062921988 	-112.681824782 	37.7941406367 	2.22604447912 	1.09057179164e-19
0.462 	0.320711297071 	3.84709226962e-19 	0.0806884771197 	0.000514359679631 	153.062921988 	-112.681824782 	37.7941406367 	2.22604447912 	1.09057179164e-19
0.462 	0.322175732218 	-3.77794311035e-20 	0.0822996195835 	0.000450476246744 	156.856268678 	-112.707629901 	37.6287024884 	2.26136328501 	1.14313372259e-19
0.462 	0.323640167364 	-3.70443363102e-19 	0.0822996195835 	0.000450476246744 	156.856268678 	-112.707629901 	37.6287024884 	2.26136328501 	1.14313372259e-19
0.462 	0.32510460251 	9.16194345883e-19 	0.0822996195835 	0.000450476246744 	156.856268678 	-112.707629901 	37.6287024884 	2.26136328501 	1.14313372259e-19
0.462 	0.326569037657 	1.17313283342e-18 	0.0835967663087 	0.000365570782205 	161.281903369 	-112.54274496 	37.4320518874 	2.39549953258 	1.67159587913e-19
0.462 	0.328033472803 	-9.18594782745e-19 	0.0835967663087 	0.000365570782205 	161.281903369 	-112.54274496 	37.4320518874 	2.39549953258 	1.67159587913e-19
0.462 	0.32949790795 	2.8815831475e-19 	0.0835967663087 	0.000365570782205 	161.281903369 	-112.54274496 	37.4320518874 	2.39549953258 	1.67159587913e-19
0.462 	0.330962343096 	1.92164503853e-18 	0.0773952881412 	0.000508467326806 	152.212903487 	-112.339211559 	37.0883395304 	2.4206812007 	-9.69216673777e-20
0.462 	0.332426778243 	-1.13500357226e-18 	0.0773952881412 	0.000508467326806 	152.212903487 	-112.339211559 	37.0883395304 	2.4206812007 	-9.69216673777e-20
0.462 	0.333891213389 	6.51590868975e-19 	0.0773952881412 	0.000508467326806 	152.212903487 	-112.339211559 	37.0883395304 	2.4206812007 	-9.69216673777e-20
