0.546 	0 	0 	4.65327288627 	4.54740084489e-05 	99730.165107 	27.0764424657 	16.2259029537 	0.0012676313097 	-6.28552858647e-22
0.546 	0.00146443514644 	9.97339064472e-20 	5.48702921946 	0.000741530148914 	7399.60368098 	27.0513794621 	25.2246624569 	-0.00555345483285 	7.46900750506e-22
0.546 	0.00292887029289 	1.7929464369e-19 	5.7889062823 	0.00143673938721 	4029.1971765 	26.9912230865 	27.2966423521 	-0.0262471428179 	-1.17792490744e-22
0.546 	0.00439330543933 	4.59218193568e-18 	5.81341907825 	0.00172596615921 	3368.21150706 	26.9368553108 	28.5264935751 	-0.0452705070685 	4.53779804558e-22
0.546 	0.00585774058577 	4.59581355331e-18 	5.30071511248 	0.0017741389717 	2987.7676986 	26.8547600891 	29.971512987 	-0.0681003059035 	9.8087699379e-22
0.546 	0.00732217573222 	1.10536557424e-18 	4.37027996801 	0.00160991825864 	2714.59743037 	26.7674056824 	31.0930404109 	-0.0841657734539 	1.09996197724e-21
0.546 	0.00878661087866 	-1.3717152074e-18 	3.0658311786 	0.00127591656113 	2402.84613586 	26.6518033112 	32.1510612645 	-0.0978522075578 	2.05724200264e-21
0.546 	0.0102510460251 	9.76815900456e-19 	1.68962304214 	0.000829146105578 	2037.78686383 	26.4990504959 	33.0691385795 	-0.109840764073 	1.1014365323e-20
0.546 	0.0117154811715 	9.08976281888e-19 	0.8391671775 	0.000532069544228 	1577.17574066 	26.3554160543 	33.5549516483 	-0.119358556108 	5.0708391376e-21
0.546 	0.013179916318 	1.93276685591e-18 	0.332197188279 	0.000386112070915 	860.364679851 	26.1249663462 	33.8083116728 	-0.13516207396 	-6.65400701684e-21
0.546 	0.0146443514644 	-3.90458763642e-19 	0.247414472168 	0.000397493282611 	622.436863694 	25.9277950441 	33.8470094966 	-0.148387160472 	-1.65629821747e-21
0.546 	0.0161087866109 	-1.09557579136e-19 	0.223847957119 	0.000416978607227 	536.833192973 	25.7114877784 	33.8637709128 	-0.162099604526 	-5.06958097553e-21
0.546 	0.0175732217573 	-3.46591996254e-19 	0.215881914147 	0.00043365861613 	497.81534626 	25.4749011236 	33.8779873042 	-0.176213271726 	1.84160206771e-20
0.546 	0.0190376569038 	-3.19634816706e-19 	0.212353178331 	0.000448686717994 	473.277166039 	25.2164815603 	33.8925595096 	-0.190707774807 	-2.19453335602e-21
0.546 	0.0205020920502 	-1.16346234528e-18 	0.210417068387 	0.000462702764141 	454.756454237 	24.9346132299 	33.907656353 	-0.205565460762 	-1.12816419843e-20
0.546 	0.0219665271967 	9.33908297286e-19 	0.209576466155 	0.000471820972126 	444.186415051 	24.7328492488 	33.9179379615 	-0.21566258688 	4.76528827431e-21
0.546 	0.0234309623431 	5.48157620246e-20 	0.208748209137 	0.000485593331663 	429.882775413 	24.4081521505 	33.9336265902 	-0.231079492195 	1.53937958384e-21
0.546 	0.0248953974895 	2.2050016847e-19 	0.208417672349 	0.0004950252573 	421.024320023 	24.176224656 	33.9442658046 	-0.241527090711 	2.30654409065e-21
0.546 	0.026359832636 	-2.40634348208e-18 	0.208192000871 	0.00050976743284 	408.405848352 	23.8038001919 	33.9605388293 	-0.257431334704 	2.80025426326e-21
0.546 	0.0278242677824 	-9.46345194992e-21 	0.208199639502 	0.000520074737974 	400.32638446 	23.5383620818 	33.9716341035 	-0.268175219541 	-1.19622998597e-20
0.546 	0.0292887029289 	-3.45158022725e-19 	0.208320516212 	0.000530809207514 	392.458369717 	23.2585477071 	33.9829590397 	-0.279019436424 	-1.44639019154e-20
0.546 	0.0307531380753 	2.39103614058e-18 	0.208691459291 	0.000547760199649 	380.990549193 	22.8106249884 	34.0004363828 	-0.295447832696 	1.27032991573e-20
0.546 	0.0322175732218 	1.11212605188e-18 	0.209048868111 	0.000559643507726 	373.539342859 	22.4923673935 	34.0124511386 	-0.3064891232 	5.22010775914e-21
0.546 	0.0336820083682 	-1.05509032157e-18 	0.209479467774 	0.00057199497234 	366.226064745 	22.1577157676 	34.0247832769 	-0.31758502736 	-1.29361460498e-20
0.546 	0.0351464435146 	1.24162732042e-18 	0.209968555004 	0.000584807223876 	359.038921599 	21.8060836429 	34.0374546976 	-0.328720057494 	2.24811815269e-20
0.546 	0.0366108786611 	-6.36049446532e-19 	0.210499651602 	0.000598064802686 	351.967965104 	21.4368836012 	34.0504873538 	-0.339877554726 	2.19659878771e-20
0.546 	0.0380753138075 	-1.32725366134e-18 	0.211054652002 	0.000611744210573 	345.004739488 	21.0495295235 	34.0639039027 	-0.351039648454 	1.08965957692e-20
0.546 	0.039539748954 	-5.88574884539e-19 	0.21161414603 	0.000625814188668 	338.142135257 	20.6434390409 	34.0777285097 	-0.362187227008 	-1.63779844302e-20
0.546 	0.0410041841004 	-6.48605124894e-19 	0.212157833113 	0.000640236187984 	331.374322624 	20.2180362053 	34.0919879363 	-0.373299903448 	7.96606346666e-21
0.546 	0.0424686192469 	2.299684304e-19 	0.212417264667 	0.000647565289946 	328.024475624 	19.9979151337 	34.0992900396 	-0.378836422142 	-3.50810840129e-21
0.546 	0.0439330543933 	2.03397488169e-18 	0.212898231801 	0.000662428407964 	321.390552158 	19.5424850669 	34.1142600359 	-0.389855599625 	-8.77925301685e-21
0.546 	0.0453974895397 	-2.0539579438e-19 	0.213311267619 	0.000677518581652 	314.841944407 	19.0663503443 	34.1297488967 	-0.400782901568 	-1.523589623e-20
0.546 	0.0468619246862 	-1.70059156241e-19 	0.213635653967 	0.000692775222592 	308.376580166 	18.5689816968 	34.1457965097 	-0.411592778478 	-1.61552660028e-20
0.546 	0.0483263598326 	1.28310888893e-18 	0.213758224833 	0.000700445462742 	305.174686972 	18.3121749713 	34.1540425246 	-0.416945191354 	-9.12707345668e-21
0.546 	0.0497907949791 	-1.24675634553e-18 	0.213911683902 	0.000715825778873 	298.832048545 	17.7820108056 	34.1710036021 	-0.427526871003 	-1.16980546773e-20
0.546 	0.0512552301255 	-5.74508938438e-19 	0.213937741723 	0.000723517259511 	295.691276069 	17.508536262 	34.1797280377 	-0.432748489615 	2.34088733293e-21
0.546 	0.052719665272 	-6.34662437449e-19 	0.213876849293 	0.000738853899022 	289.471097839 	16.9445243813 	34.1976864268 	-0.443033073658 	-1.85128988865e-21
0.546 	0.0541841004184 	1.37620133614e-18 	0.213785405858 	0.000746478466211 	286.391926271 	16.6538824943 	34.2069282244 	-0.448087502393 	5.98075870413e-21
0.546 	0.0556485355649 	1.53058883495e-18 	0.213469725505 	0.000761585962064 	280.296297645 	16.0550838709 	34.2259544661 	-0.457998140335 	9.09626241574e-23
0.546 	0.0571129707113 	1.61680590171e-18 	0.213241324276 	0.000769046059928 	277.280302686 	15.7468380119 	34.2357451946 	-0.462844891458 	-1.25299168755e-21
0.546 	0.0585774058577 	-9.42023886312e-19 	0.212633227069 	0.000783718301507 	271.313336259 	15.1124525895 	34.255896509 	-0.472296465017 	7.75106261922e-21
0.546 	0.0600418410042 	-9.82162488471e-19 	0.212249472778 	0.000790904433201 	268.362982768 	14.7862423971 	34.2662626433 	-0.476890914178 	-5.61820111786e-21
0.546 	0.0615062761506 	3.7855044833e-19 	0.211312152844 	0.000804906212446 	262.530155162 	14.1156366647 	34.2875890231 	-0.485790087887 	-1.61428307799e-20
0.546 	0.0629707112971 	1.14576907589e-18 	0.210754221977 	0.000811691010592 	259.648338132 	13.7711922108 	34.2985543292 	-0.490083562335 	2.64442249686e-20
0.546 	0.0644351464435 	-7.21825302503e-19 	0.210133687942 	0.000818309396851 	256.790021905 	13.4206274318 	34.3097244286 	-0.49426523402 	7.02123805771e-21
0.546 	0.06589958159 	-1.93823588299e-18 	0.209448048143 	0.000824743015997 	253.955528062 	13.0639281766 	34.3211019607 	-0.498329143716 	-1.68997208287e-22
0.546 	0.0673640167364 	2.2354624842e-18 	0.207870418032 	0.000836974775653 	248.359238628 	12.3320920854 	34.3444905653 	-0.506079220858 	-5.39060219377e-21
0.546 	0.0688284518828 	-1.97899328493e-18 	0.206972278012 	0.000842727818876 	245.598013233 	11.9569499894 	34.3565076382 	-0.509752869671 	3.147737219e-21
0.546 	0.0702928870293 	-1.07535679029e-18 	0.205996663784 	0.000848205495885 	242.861741386 	11.5756632792 	34.3687441916 	-0.513283739092 	-3.4230620581e-21
0.546 	0.0717573221757 	-5.13574058027e-19 	0.204939728075 	0.000853379870176 	240.150647135 	11.1882419893 	34.3812038014 	-0.516665332846 	-6.31065552374e-21
0.546 	0.0732217573222 	6.02944281245e-19 	0.202564826308 	0.000862694639543 	234.804781464 	10.3950630551 	34.4068093291 	-0.522954464584 	-1.04062840132e-20
0.546 	0.0746861924686 	1.10839739648e-18 	0.201237513452 	0.00086676658805 	232.170363079 	9.98935323804 	34.4199662808 	-0.525848885451 	1.59007672215e-20
0.546 	0.0761506276151 	-1.75413405449e-18 	0.199810234065 	0.00087039834434 	229.561826909 	9.57760482461 	34.433369271 	-0.52856790325 	-2.04992925022e-21
0.546 	0.0776150627615 	-3.77546679981e-19 	0.198277637534 	0.000873549466073 	226.979289937 	9.15985658553 	34.4470283877 	-0.531105212022 	1.04099334543e-22
0.546 	0.0790794979079 	-1.06313997411e-18 	0.196634205381 	0.000876177445079 	224.422811253 	8.73615346685 	34.460956262 	-0.533454715917 	3.83714525799e-21
0.546 	0.0805439330544 	-1.01674041051e-18 	0.194874344798 	0.000878238207631 	221.892355747 	8.30654672506 	34.4751679754 	-0.535610555975 	-4.26989914008e-21
0.546 	0.0820083682008 	-1.31396139896e-18 	0.192992519109 	0.000879686844534 	219.387751799 	7.87109403528 	34.4896802322 	-0.537567071988 	-1.16150548101e-22
0.546 	0.0834728033473 	1.23279414631e-18 	0.188842296192 	0.000880570372543 	214.45451957 	6.98291472078 	34.5196689673 	-0.540859548053 	-7.11172379899e-21
0.546 	0.0849372384937 	1.61660878438e-18 	0.186565189583 	0.000879922225522 	212.02463601 	6.53033747079 	34.5351646217 	-0.542183367571 	8.65450564436e-21
0.546 	0.0864016736402 	2.641400586e-18 	0.184149541632 	0.000878499854655 	209.618181102 	6.07221388866 	34.5509910173 	-0.543282794076 	2.89951451991e-21
0.546 	0.0878661087866 	4.88686937582e-19 	0.18159469584 	0.0008762769989 	207.234351772 	5.60863830635 	34.5671279755 	-0.544149130386 	-3.66977885521e-21
0.546 	0.0893305439331 	5.44860162042e-19 	0.178902504844 	0.0008732381416 	204.872527116 	5.13971418647 	34.583539401 	-0.544772080073 	2.88555144256e-22
0.546 	0.0907949790795 	1.36150060464e-18 	0.176077846057 	0.000869380964795 	202.532437662 	4.66555494458 	34.6001751891 	-0.545139768249 	8.76383714714e-22
0.546 	0.0922594142259 	9.09054790263e-19 	0.173128933315 	0.000864718153228 	200.214292563 	4.18628466497 	34.6169763915 	-0.545239058981 	-5.55985762877e-22
0.546 	0.0937238493724 	-2.91988677463e-19 	0.170067317652 	0.00085927814922 	197.918820357 	3.70203863634 	34.633882781 	-0.545056131688 	-2.88106425862e-21
0.546 	0.0951882845188 	8.80942613426e-19 	0.166907531863 	0.000853104623249 	195.647201192 	3.21296359738 	34.6508410639 	-0.544577195826 	4.96792545644e-22
0.546 	0.0966527196653 	3.77338120259e-19 	0.163666419726 	0.00084625468138 	193.400903211 	2.71921771728 	34.6678116393 	-0.543789179469 	-1.00735546955e-21
0.546 	0.0981171548117 	-1.38640110601e-18 	0.160362269474 	0.000838796094241 	191.181468983 	2.22097035323 	34.6847722056 	-0.542680234503 	3.1416136848e-22
0.546 	0.0995815899582 	-1.46216875436e-18 	0.157013909794 	0.00083080400425 	188.990314191 	1.7184017251 	34.7017175341 	-0.541239964311 	8.31639657926e-22
0.546 	0.101046025105 	1.16044878963e-18 	0.157013909794 	0.00083080400425 	188.990314191 	1.7184017251 	34.7017175341 	-0.541239964311 	8.31639657926e-22
0.546 	0.102510460251 	1.71704427079e-18 	0.15363991184 	0.000822357590818 	186.828593249 	1.21170261781 	34.7186559519 	-0.53945936461 	-6.54962870601e-24
0.546 	0.103974895397 	-8.46629581021e-19 	0.150257982923 	0.00081353705631 	184.697158853 	0.701074222277 	34.7356039803 	-0.537330546895 	1.91734108129e-22
0.546 	0.105439330544 	8.59287451613e-19 	0.146884565459 	0.000804421109086 	182.596607424 	0.186728141799 	34.7525808416 	-0.534846352927 	3.05312875834e-23
0.546 	0.10690376569 	8.14820836856e-19 	0.143534599185 	0.000795084951827 	180.527374912 	-0.331113439933 	34.7696041592 	-0.531999967352 	-5.3519104702e-23
0.546 	0.108368200837 	-5.53180610991e-19 	0.140221384008 	0.000785598694913 	178.48983828 	-0.852217488601 	34.7866874398 	-0.528784601155 	-7.81847936464e-23
0.546 	0.109832635983 	-9.64283504307e-19 	0.136956494365 	0.000776026116541 	176.484388149 	-1.3763397965 	34.8038392069 	-0.525193278187 	-2.54639207275e-22
0.546 	0.11129707113 	3.87758617608e-19 	0.133749725993 	0.000766423746052 	174.511458814 	-1.90322465064 	34.8210632378 	-0.521218722225 	8.38866112549e-22
0.546 	0.112761506276 	-4.68334959652e-19 	0.133749725993 	0.000766423746052 	174.511458814 	-1.90322465064 	34.8210632378 	-0.521218722225 	8.38866112549e-22
0.546 	0.114225941423 	-2.5936500635e-19 	0.130609082043 	0.000756840300961 	172.571521201 	-2.43260451464 	34.8383592947 	-0.516853326201 	-6.53409986926e-22
0.546 	0.115690376569 	-4.99627587747e-19 	0.127540814438 	0.000747316520075 	170.665054246 	-2.96419972622 	34.8557239211 	-0.512089179453 	1.70267967677e-21
0.546 	0.117154811715 	-1.69791897234e-19 	0.124549529505 	0.000737885401771 	168.792510607 	-3.49771820702 	34.8731511191 	-0.50691813154 	-1.7947559603e-22
0.546 	0.118619246862 	6.24914368549e-21 	0.121638353497 	0.00072857280175 	166.954288171 	-4.03285517556 	34.8906328956 	-0.501331873439 	4.73218532835e-24
0.546 	0.120083682008 	6.38265595274e-19 	0.121638353497 	0.00072857280175 	166.954288171 	-4.03285517556 	34.8906328956 	-0.501331873439 	4.73218532835e-24
0.546 	0.121548117155 	7.94660881499e-19 	0.118809141799 	0.000719398296655 	165.150713243 	-4.56929286547 	34.9081597241 	-0.495322019672 	-1.40334173435e-21
0.546 	0.123012552301 	8.6027557498e-19 	0.116062708418 	0.000710376192975 	163.382035555 	-5.10670024265 	34.9257209493 	-0.488880177858 	8.32184503928e-21
0.546 	0.124476987448 	2.32947843907e-19 	0.113399050698 	0.000701516558099 	161.648430659 	-5.64473272179 	34.9433051178 	-0.481997997655 	-1.63449281732e-20
0.546 	0.125941422594 	-9.13414156035e-19 	0.11081754948 	0.00069282617285 	159.950004522 	-6.18303188351 	34.9609002084 	-0.474667198708 	1.68140164844e-20
0.546 	0.127405857741 	-2.95306499549e-19 	0.11081754948 	0.00069282617285 	159.950004522 	-6.18303188351 	34.9609002084 	-0.474667198708 	1.68140164844e-20
0.546 	0.128870292887 	3.51391599277e-19 	0.10831713505 	0.000684309345654 	158.286797832 	-6.72122518312 	34.9784937549 	-0.466879582309 	-6.96039009479e-21
0.546 	0.130334728033 	-5.46278800149e-19 	0.105896419369 	0.000675968572702 	156.658791023 	-7.25892565185 	34.9960728866 	-0.458627034368 	-1.11629520541e-20
0.546 	0.13179916318 	7.76753350512e-21 	0.103553800707 	0.000667805058822 	155.065912333 	-7.79573158778 	35.013624329 	-0.449901526374 	3.62857209178e-21
0.546 	0.133263598326 	-4.19088525743e-20 	0.103553800707 	0.000667805058822 	155.065912333 	-7.79573158778 	35.013624329 	-0.449901526374 	3.62857209178e-21
0.546 	0.134728033473 	3.62934562724e-19 	0.101287545824 	0.000659819120578 	153.508048896 	-8.33122623128 	35.0311343965 	-0.440695115782 	3.41746478655e-21
0.546 	0.136192468619 	-8.72300870415e-19 	0.0990958500744 	0.000652010481785 	151.985056748 	-8.86497742503 	35.0485889848 	-0.430999945733 	-5.84201824285e-21
0.546 	0.137656903766 	-1.26798167598e-18 	0.0990958500744 	0.000652010481785 	151.985056748 	-8.86497742503 	35.0485889848 	-0.430999945733 	-5.84201824285e-21
0.546 	0.139121338912 	-2.16481454691e-19 	0.0969768750728 	0.000644378467296 	150.49676548 	-9.39653725781 	35.0659735628 	-0.42080824444 	1.9339192717e-20
0.546 	0.140585774059 	-3.92133339677e-19 	0.094928769369 	0.000636922116897 	149.042978491 	-9.92544168816 	35.0832731628 	-0.410112323751 	-2.33951458699e-20
0.546 	0.142050209205 	-1.39491292908e-18 	0.0929496813076 	0.000629640254359 	147.623473347 	-10.4512101487 	35.1004723698 	-0.398904577616 	-4.58173057684e-22
0.546 	0.143514644351 	-1.01862776518e-18 	0.0929496813076 	0.000629640254359 	147.623473347 	-10.4512101487 	35.1004723698 	-0.398904577616 	-4.58173057684e-22
0.546 	0.144979079498 	4.49257474113e-19 	0.091037768995 	0.000622531535104 	146.238003798 	-10.9733451273 	35.1175553086 	-0.387177480893 	1.33704961874e-21
0.546 	0.146443514644 	1.13756287924e-18 	0.0891912086237 	0.000615594482274 	144.886302902 	-11.4913317245 	35.1345056328 	-0.37492358833 	-2.357711232e-21
0.546 	0.147907949791 	-7.07833517416e-19 	0.0891912086237 	0.000615594482274 	144.886302902 	-11.4913317245 	35.1345056328 	-0.37492358833 	-2.357711232e-21
0.546 	0.149372384937 	-6.63386521427e-19 	0.0874082012973 	0.000608827514868 	143.568086466 	-12.0046371813 	35.1513065181 	-0.362135534078 	1.26201716641e-20
0.546 	0.150836820084 	-2.50436818378e-19 	0.0856869778379 	0.000602228967691 	142.283055839 	-12.5127103778 	35.1679406605 	-0.348806031064 	-4.45603986305e-21
0.546 	0.15230125523 	9.84198652746e-19 	0.0856869778379 	0.000602228967691 	142.283055839 	-12.5127103778 	35.1679406605 	-0.348806031064 	-4.45603986305e-21
0.546 	0.153765690377 	8.67526458019e-19 	0.0840258007143 	0.00059579710031 	141.03089906 	-13.0149812979 	35.1843902719 	-0.33492786949 	6.83176970888e-21
0.546 	0.155230125523 	-1.9236502823e-19 	0.0840258007143 	0.00059579710031 	141.03089906 	-13.0149812979 	35.1843902719 	-0.33492786949 	6.83176970888e-21
0.546 	0.156694560669 	1.15991850278e-18 	0.0824229630978 	0.000589530094405 	139.811290178 	-13.5108604548 	35.2006370615 	-0.32049391363 	1.53704521285e-20
0.546 	0.158158995816 	-9.76941848955e-19 	0.0808767875689 	0.000583426048233 	138.62388869 	-13.9997382792 	35.2166622045 	-0.305497098015 	-2.27274897321e-21
0.546 	0.159623430962 	6.14498618379e-19 	0.0808767875689 	0.000583426048233 	138.62388869 	-13.9997382792 	35.2166622045 	-0.305497098015 	-2.27274897321e-21
0.546 	0.161087866109 	-7.02911440246e-19 	0.0793856289196 	0.000577482985584 	137.46834262 	-14.4809844546 	35.2324463096 	-0.289930423304 	-6.16629869206e-21
0.546 	0.162552301255 	-4.24497476447e-19 	0.0779478826518 	0.000571698888184 	136.344296382 	-14.9539472127 	35.2479693966 	-0.273786953458 	-1.624758889e-20
0.546 	0.164016736402 	9.62384185727e-19 	0.0779478826518 	0.000571698888184 	136.344296382 	-14.9539472127 	35.2479693966 	-0.273786953458 	-1.624758889e-20
0.546 	0.165481171548 	-9.97687722676e-20 	0.0765619935475 	0.000566071733402 	135.251398418 	-15.4179525565 	35.263210879 	-0.257059810321 	2.84539910127e-20
0.546 	0.166945606695 	-7.09062990334e-19 	0.0765619935475 	0.000566071733402 	135.251398418 	-15.4179525565 	35.263210879 	-0.257059810321 	2.84539910127e-20
0.546 	0.168410041841 	-1.98681245545e-18 	0.0752264573336 	0.000560599510636 	134.189302535 	-15.872303459 	35.2781495429 	-0.239742170838 	-6.70069586345e-21
0.546 	0.169874476987 	5.46579663629e-19 	0.0739398180279 	0.000555280223018 	133.157665198 	-16.3162789316 	35.2927635203 	-0.221827256798 	-1.00185902575e-21
0.546 	0.171338912134 	-8.27797516148e-19 	0.0739398180279 	0.000555280223018 	133.157665198 	-16.3162789316 	35.2927635203 	-0.221827256798 	-1.00185902575e-21
0.546 	0.17280334728 	6.22839718364e-19 	0.0727006673798 	0.000550111896656 	132.156144635 	-16.7491331474 	35.3070302601 	-0.203308336661 	-1.7246027471e-20
0.546 	0.174267782427 	-3.08329663897e-19 	0.0727006673798 	0.000550111896656 	132.156144635 	-16.7491331474 	35.3070302601 	-0.203308336661 	-1.7246027471e-20
0.546 	0.175732217573 	-1.26484294204e-18 	0.0715076449454 	0.000545092589614 	131.18440116 	-17.1700942519 	35.3209264962 	-0.184178703445 	-3.93712096969e-21
0.546 	0.17719665272 	-8.39170929754e-19 	0.0715076449454 	0.000545092589614 	131.18440116 	-17.1700942519 	35.3209264962 	-0.184178703445 	-3.93712096969e-21
0.546 	0.178661087866 	8.251962196e-19 	0.0703594414287 	0.000540220447889 	130.242092286 	-17.5783635255 	35.3344282147 	-0.16443169452 	2.93481266765e-20
0.546 	0.180125523013 	-1.12456010548e-18 	0.0703594414287 	0.000540220447889 	130.242092286 	-17.5783635255 	35.3344282147 	-0.16443169452 	2.93481266765e-20
0.546 	0.181589958159 	3.72833480624e-19 	0.0692547958875 	0.0005354936243 	129.328889729 	-17.9731136649 	35.3475106127 	-0.14406063296 	-3.31524299657e-20
0.546 	0.183054393305 	3.11250168489e-19 	0.0681924967076 	0.000530910323458 	128.444473001 	-18.3534883829 	35.3601480633 	-0.123058907765 	2.00462702541e-20
0.546 	0.184518828452 	1.47650753234e-19 	0.0681924967076 	0.000530910323458 	128.444473001 	-18.3534883829 	35.3601480633 	-0.123058907765 	2.00462702541e-20
0.546 	0.185983263598 	1.09183202525e-18 	0.0671713824934 	0.000526468812897 	127.588531073 	-18.7185993882 	35.3723140574 	-0.101419803794 	-2.05769846467e-20
0.546 	0.187447698745 	3.39849016251e-19 	0.0671713824934 	0.000526468812897 	127.588531073 	-18.7185993882 	35.3723140574 	-0.101419803794 	-2.05769846467e-20
0.546 	0.188912133891 	-1.26191615868e-18 	0.066190343423 	0.000522167434964 	126.760764826 	-19.0675276506 	35.3839811739 	-0.0791367696637 	1.47691923835e-20
0.546 	0.190376569038 	-3.72767347162e-20 	0.066190343423 	0.000522167434964 	126.760764826 	-19.0675276506 	35.3839811739 	-0.0791367696637 	1.47691923835e-20
0.546 	0.191841004184 	2.23673700399e-19 	0.0652483206994 	0.000518004610099 	125.960888045 	-19.3993169366 	35.3951209935 	-0.0562029204536 	-1.22475108611e-20
0.546 	0.193305439331 	-3.24611034317e-19 	0.0652483206994 	0.000518004610099 	125.960888045 	-19.3993169366 	35.3951209935 	-0.0562029204536 	-1.22475108611e-20
0.546 	0.194769874477 	4.09327285771e-20 	0.0643443093198 	0.000513978854674 	125.188631273 	-19.712980196 	35.4057040974 	-0.032611852578 	-4.44656326257e-22
0.546 	0.196234309623 	7.09421874683e-19 	0.0643443093198 	0.000513978854674 	125.188631273 	-19.712980196 	35.4057040974 	-0.032611852578 	-4.44656326257e-22
0.546 	0.19769874477 	-3.18200243784e-19 	0.0634773551914 	0.000510088774455 	124.443740718 	-20.0074838568 	35.4156999201 	-0.00835622223071 	6.78720377991e-23
0.546 	0.199163179916 	-5.43479230758e-19 	0.0634773551914 	0.000510088774455 	124.443740718 	-20.0074838568 	35.4156999201 	-0.00835622223071 	6.78720377991e-23
0.546 	0.200627615063 	-1.4241344508e-19 	0.0626465622098 	0.000506333102491 	123.725985723 	-20.2817686824 	35.4250768257 	0.0165699100882 	-5.08292117595e-21
0.546 	0.202092050209 	-3.71081013712e-19 	0.0626465622098 	0.000506333102491 	123.725985723 	-20.2817686824 	35.4250768257 	0.0165699100882 	-5.08292117595e-21
0.546 	0.203556485356 	1.3255290327e-20 	0.0618510825356 	0.000502710662804 	123.035151454 	-20.5347095278 	35.433801817 	0.0421750373102 	1.40249163419e-20
0.546 	0.205020920502 	6.36737107761e-19 	0.0618510825356 	0.000502710662804 	123.035151454 	-20.5347095278 	35.433801817 	0.0421750373102 	1.40249163419e-20
0.546 	0.206485355649 	-1.63372028452e-19 	0.0610901357534 	0.000499220463091 	122.371057018 	-20.7651752554 	35.441840801 	0.0684637057289 	-2.116903973e-21
0.546 	0.207949790795 	-2.26265485054e-19 	0.0610901357534 	0.000499220463091 	122.371057018 	-20.7651752554 	35.441840801 	0.0684637057289 	-2.116903973e-21
0.546 	0.209414225941 	-2.2119648083e-19 	0.0603629797998 	0.000495861570734 	121.733530813 	-20.9719244637 	35.4491579718 	0.0954472603885 	4.08607074486e-21
0.546 	0.210878661088 	-4.27463098913e-19 	0.0603629797998 	0.000495861570734 	121.733530813 	-20.9719244637 	35.4491579718 	0.0954472603885 	4.08607074486e-21
0.546 	0.212343096234 	-1.25454173349e-19 	0.0596689631449 	0.000492633355256 	121.122458535 	-21.1537670597 	35.4557165224 	0.123126367137 	9.37367658671e-21
0.546 	0.213807531381 	6.05533821786e-19 	0.0596689631449 	0.000492633355256 	121.122458535 	-21.1537670597 	35.4557165224 	0.123126367137 	9.37367658671e-21
0.546 	0.215271966527 	7.74444252457e-19 	0.0590074427171 	0.000489535121125 	120.537710515 	-21.3092973231 	35.461477336 	0.151519397156 	-2.05557206304e-20
0.546 	0.216736401674 	-3.71275448987e-19 	0.0590074427171 	0.000489535121125 	120.537710515 	-21.3092973231 	35.461477336 	0.151519397156 	-2.05557206304e-20
0.546 	0.21820083682 	7.95883735338e-19 	0.0583779233928 	0.000486566750558 	119.979269701 	-21.4373104859 	35.4664006642 	0.180616899992 	2.56420671471e-20
0.546 	0.219665271967 	-5.3309173507e-20 	0.0583779233928 	0.000486566750558 	119.979269701 	-21.4373104859 	35.4664006642 	0.180616899992 	2.56420671471e-20
0.546 	0.221129707113 	2.33832655265e-19 	0.0577798364409 	0.000483727691162 	119.447030833 	-21.5361370515 	35.4704434398 	0.210454198928 	-2.27616670838e-20
0.546 	0.222594142259 	1.08231852651e-18 	0.0577798364409 	0.000483727691162 	119.447030833 	-21.5361370515 	35.4704434398 	0.210454198928 	-2.27616670838e-20
0.546 	0.224058577406 	-7.39837633145e-19 	0.0572129021656 	0.000481018632385 	118.941135153 	-21.6046734266 	35.4735628125 	0.240996923661 	1.67265488747e-20
0.546 	0.225523012552 	1.88388566113e-19 	0.0572129021656 	0.000481018632385 	118.941135153 	-21.6046734266 	35.4735628125 	0.240996923661 	1.67265488747e-20
0.546 	0.226987447699 	2.96123080962e-19 	0.0572129021656 	0.000481018632385 	118.941135153 	-21.6046734266 	35.4735628125 	0.240996923661 	1.67265488747e-20
0.546 	0.228451882845 	-9.31905961734e-20 	0.0566765574241 	0.000478438856767 	118.461443134 	-21.6407777653 	35.4757109708 	0.272320043924 	-2.27467991789e-20
0.546 	0.229916317992 	3.87967576111e-19 	0.0566765574241 	0.000478438856767 	118.461443134 	-21.6407777653 	35.4757109708 	0.272320043924 	-2.27467991789e-20
0.546 	0.231380753138 	8.54730334624e-19 	0.056170867534 	0.000475990482403 	118.008383803 	-21.6437155581 	35.4768417769 	0.304330832421 	2.60666962437e-20
0.546 	0.232845188285 	-5.76231829607e-19 	0.056170867534 	0.000475990482403 	118.008383803 	-21.6437155581 	35.4768417769 	0.304330832421 	2.60666962437e-20
0.546 	0.234309623431 	6.12272229854e-19 	0.0556951061186 	0.000473671832061 	117.581630042 	-21.6104427669 	35.4769020262 	0.337193725792 	-1.40693234337e-21
0.546 	0.235774058577 	1.21336049291e-21 	0.0556951061186 	0.000473671832061 	117.581630042 	-21.6104427669 	35.4769020262 	0.337193725792 	-1.40693234337e-21
0.546 	0.237238493724 	4.17607794195e-19 	0.0556951061186 	0.000473671832061 	117.581630042 	-21.6104427669 	35.4769020262 	0.337193725792 	-1.40693234337e-21
0.546 	0.23870292887 	6.30313632053e-19 	0.0552499671981 	0.000471487795368 	117.182178926 	-21.5411678404 	35.4758417023 	0.370685303949 	-5.31546089071e-21
0.546 	0.240167364017 	-4.88576659923e-19 	0.0552499671981 	0.000471487795368 	117.182178926 	-21.5411678404 	35.4758417023 	0.370685303949 	-5.31546089071e-21
0.546 	0.241631799163 	-2.67845828562e-19 	0.0548341732377 	0.000469433874791 	116.809152859 	-21.4310849102 	35.4736018661 	0.405164728925 	-8.46472881951e-21
0.546 	0.24309623431 	-4.04237501003e-20 	0.0548341732377 	0.000469433874791 	116.809152859 	-21.4310849102 	35.4736018661 	0.405164728925 	-8.46472881951e-21
0.546 	0.244560669456 	2.89257507549e-19 	0.0544496579079 	0.000467520618739 	116.464719898 	-21.2825002106 	35.4701239633 	0.440127852946 	-3.62620690231e-20
0.546 	0.246025104603 	3.38061414579e-19 	0.0544496579079 	0.000467520618739 	116.464719898 	-21.2825002106 	35.4701239633 	0.440127852946 	-3.62620690231e-20
0.546 	0.247489539749 	-4.39395332938e-19 	0.0544496579079 	0.000467520618739 	116.464719898 	-21.2825002106 	35.4701239633 	0.440127852946 	-3.62620690231e-20
0.546 	0.248953974895 	-6.83180324757e-19 	0.0540937489603 	0.000465736629 	116.146649398 	-21.0872054589 	35.4653455588 	0.476341531637 	5.02948234838e-20
0.546 	0.250418410042 	-4.73179978079e-19 	0.0540937489603 	0.000465736629 	116.146649398 	-21.0872054589 	35.4653455588 	0.476341531637 	5.02948234838e-20
0.546 	0.251882845188 	7.79884200378e-19 	0.0537708969421 	0.000464104150621 	115.859547625 	-20.8517758489 	35.4591932568 	0.512724069058 	-2.60889145266e-20
0.546 	0.253347280335 	6.40004810863e-20 	0.0537708969421 	0.000464104150621 	115.859547625 	-20.8517758489 	35.4591932568 	0.512724069058 	-2.60889145266e-20
0.546 	0.254811715481 	3.06567408099e-19 	0.0537708969421 	0.000464104150621 	115.859547625 	-20.8517758489 	35.4591932568 	0.512724069058 	-2.60889145266e-20
0.546 	0.256276150628 	-6.9382856453e-19 	0.0534752635298 	0.000462596266804 	115.598130308 	-20.5616611396 	35.4516262375 	0.550859840902 	4.15861524607e-20
0.546 	0.257740585774 	8.40374941224e-19 	0.0534752635298 	0.000462596266804 	115.598130308 	-20.5616611396 	35.4516262375 	0.550859840902 	4.15861524607e-20
0.546 	0.259205020921 	-7.8783964181e-19 	0.0532163467422 	0.000461258862824 	115.37197663 	-20.2314751215 	35.4425305542 	0.588534417727 	-5.104804383e-20
0.546 	0.260669456067 	-1.57542860438e-19 	0.0532163467422 	0.000461258862824 	115.37197663 	-20.2314751215 	35.4425305542 	0.588534417727 	-5.104804383e-20
0.546 	0.262133891213 	-5.96957382819e-19 	0.0532163467422 	0.000461258862824 	115.37197663 	-20.2314751215 	35.4425305542 	0.588534417727 	-5.104804383e-20
0.546 	0.26359832636 	-1.77765764095e-19 	0.0529815862847 	0.000460032119398 	115.169319816 	-19.8354958694 	35.4319210557 	0.628891974052 	1.70825520882e-20
0.546 	0.265062761506 	4.30201470386e-19 	0.0529815862847 	0.000460032119398 	115.169319816 	-19.8354958694 	35.4319210557 	0.628891974052 	1.70825520882e-20
0.546 	0.266527196653 	6.39051385659e-19 	0.0527903856134 	0.000459008335307 	115.009644821 	-19.4022440451 	35.4195458544 	0.667614560001 	6.09737556599e-22
0.546 	0.267991631799 	9.78568954253e-20 	0.0527903856134 	0.000459008335307 	115.009644821 	-19.4022440451 	35.4195458544 	0.667614560001 	6.09737556599e-22
0.546 	0.269456066946 	-7.13098999745e-19 	0.0527903856134 	0.000459008335307 	115.009644821 	-19.4022440451 	35.4195458544 	0.667614560001 	6.09737556599e-22
0.546 	0.270920502092 	3.79856592263e-19 	0.0526167300262 	0.00045806156665 	114.868248849 	-18.8878889079 	35.4056053808 	0.710650540423 	-1.29042826129e-21
0.546 	0.272384937238 	1.86578623661e-19 	0.0526167300262 	0.00045806156665 	114.868248849 	-18.8878889079 	35.4056053808 	0.710650540423 	-1.29042826129e-21
0.546 	0.273849372385 	4.88258062621e-19 	0.0524984458708 	0.00045736946734 	114.78345106 	-18.3424923213 	35.3895263082 	0.750024867668 	1.0610316311e-20
0.546 	0.275313807531 	-4.42314216059e-19 	0.0524984458708 	0.00045736946734 	114.78345106 	-18.3424923213 	35.3895263082 	0.750024867668 	1.0610316311e-20
0.546 	0.276778242678 	-8.33092700657e-20 	0.0524984458708 	0.00045736946734 	114.78345106 	-18.3424923213 	35.3895263082 	0.750024867668 	1.0610316311e-20
0.546 	0.278242677824 	-1.56656536641e-19 	0.0523831686988 	0.00045667469744 	114.705651512 	-17.6963320878 	35.3720163308 	0.796377673623 	1.78616311864e-20
0.546 	0.279707112971 	-1.13570505371e-18 	0.0523831686988 	0.00045667469744 	114.705651512 	-17.6963320878 	35.3720163308 	0.796377673623 	1.78616311864e-20
0.546 	0.281171548117 	-1.24256101263e-19 	0.0523831686988 	0.00045667469744 	114.705651512 	-17.6963320878 	35.3720163308 	0.796377673623 	1.78616311864e-20
0.546 	0.282635983264 	-2.30007704487e-19 	0.0523394255885 	0.000456290416626 	114.70638804 	-17.0276942073 	35.3516973202 	0.835870827537 	-3.63926514284e-20
0.546 	0.28410041841 	4.7800324652e-19 	0.0523394255885 	0.000456290416626 	114.70638804 	-17.0276942073 	35.3516973202 	0.835870827537 	-3.63926514284e-20
0.546 	0.285564853556 	-8.81705535237e-19 	0.0522612265822 	0.000455679601025 	114.688536561 	-16.2373754 	35.3304750571 	0.886292117952 	3.40844596779e-20
0.546 	0.287029288703 	-1.76539338331e-19 	0.0522612265822 	0.000455679601025 	114.688536561 	-16.2373754 	35.3304750571 	0.886292117952 	3.40844596779e-20
0.546 	0.288493723849 	-1.38473456954e-19 	0.0522612265822 	0.000455679601025 	114.688536561 	-16.2373754 	35.3304750571 	0.886292117952 	3.40844596779e-20
0.546 	0.289958158996 	9.0342067434e-19 	0.0522530513423 	0.000455270142534 	114.773727641 	-15.4291317203 	35.3050547857 	0.925399474901 	-1.35976635958e-20
0.546 	0.291422594142 	-1.02832960296e-18 	0.0522530513423 	0.000455270142534 	114.773727641 	-15.4291317203 	35.3050547857 	0.925399474901 	-1.35976635958e-20
0.546 	0.292887029289 	5.92649875262e-19 	0.0522530513423 	0.000455270142534 	114.773727641 	-15.4291317203 	35.3050547857 	0.925399474901 	-1.35976635958e-20
0.546 	0.294351464435 	8.53958241517e-19 	0.052085614327 	0.00045382856263 	114.76936142 	-14.4882254949 	35.2800207571 	0.980432173569 	1.28097566243e-20
0.546 	0.295815899582 	-4.14946660431e-19 	0.052085614327 	0.00045382856263 	114.76936142 	-14.4882254949 	35.2800207571 	0.980432173569 	1.28097566243e-20
0.546 	0.297280334728 	5.11561977137e-19 	0.052085614327 	0.00045382856263 	114.76936142 	-14.4882254949 	35.2800207571 	0.980432173569 	1.28097566243e-20
0.546 	0.298744769874 	8.7299784467e-19 	0.0518765644338 	0.000451691123665 	114.849643298 	-13.5118911103 	35.2480146176 	1.01918568672 	-9.82160442785e-21
0.546 	0.300209205021 	-6.52257041887e-19 	0.0518765644338 	0.000451691123665 	114.849643298 	-13.5118911103 	35.2480146176 	1.01918568672 	-9.82160442785e-21
0.546 	0.301673640167 	-3.99163360901e-19 	0.0518765644338 	0.000451691123665 	114.849643298 	-13.5118911103 	35.2480146176 	1.01918568672 	-9.82160442785e-21
0.546 	0.303138075314 	-7.67601006864e-19 	0.0512159675124 	0.000446781076056 	114.633251624 	-12.429721434 	35.2199080338 	1.07838439786 	6.43253961162e-21
0.546 	0.30460251046 	1.19289730478e-18 	0.0512159675124 	0.000446781076056 	114.633251624 	-12.429721434 	35.2199080338 	1.07838439786 	6.43253961162e-21
0.546 	0.306066945607 	2.43528317242e-19 	0.0512159675124 	0.000446781076056 	114.633251624 	-12.429721434 	35.2199080338 	1.07838439786 	6.43253961162e-21
0.546 	0.307531380753 	3.55782808821e-19 	0.0503804090845 	0.000440600343067 	114.344915698 	-11.2321876827 	35.1799350697 	1.1186499157 	-2.17179960491e-20
0.546 	0.3089958159 	5.81969992182e-19 	0.0503804090845 	0.000440600343067 	114.344915698 	-11.2321876827 	35.1799350697 	1.1186499157 	-2.17179960491e-20
0.546 	0.310460251046 	4.38492867185e-19 	0.0503804090845 	0.000440600343067 	114.344915698 	-11.2321876827 	35.1799350697 	1.1186499157 	-2.17179960491e-20
0.546 	0.311924686192 	-6.84845420754e-21 	0.0491838517843 	0.000433300318113 	113.509844624 	-10.0493391877 	35.1509280441 	1.17900251154 	1.26207066881e-20
0.546 	0.313389121339 	4.33558660995e-19 	0.0491838517843 	0.000433300318113 	113.509844624 	-10.0493391877 	35.1509280441 	1.17900251154 	1.26207066881e-20
0.546 	0.314853556485 	1.52522477441e-19 	0.0491838517843 	0.000433300318113 	113.509844624 	-10.0493391877 	35.1509280441 	1.17900251154 	1.26207066881e-20
0.546 	0.316317991632 	-4.763163241e-19 	0.0481218187591 	0.000424882954702 	113.259000453 	-8.53515229788 	35.099607295 	1.22652750834 	-1.79697962991e-21
0.546 	0.317782426778 	-5.70799678408e-19 	0.0481218187591 	0.000424882954702 	113.259000453 	-8.53515229788 	35.099607295 	1.22652750834 	-1.79697962991e-21
0.546 	0.319246861925 	1.05319307065e-18 	0.0481218187591 	0.000424882954702 	113.259000453 	-8.53515229788 	35.099607295 	1.22652750834 	-1.79697962991e-21
0.546 	0.320711297071 	-7.24301650787e-20 	0.0470632195443 	0.000415884416162 	113.164181478 	-7.34198949741 	35.0730359439 	1.27942486417 	9.32764291693e-21
0.546 	0.322175732218 	-4.18897507432e-19 	0.0470632195443 	0.000415884416162 	113.164181478 	-7.34198949741 	35.0730359439 	1.27942486417 	9.32764291693e-21
0.546 	0.323640167364 	5.13084709364e-20 	0.0470632195443 	0.000415884416162 	113.164181478 	-7.34198949741 	35.0730359439 	1.27942486417 	9.32764291693e-21
0.546 	0.32510460251 	-3.13002558042e-19 	0.0462898755987 	0.000406257110083 	113.942314977 	-5.35521953383 	35.0058888006 	1.34768332844 	-1.16312440996e-20
0.546 	0.326569037657 	2.18331317233e-20 	0.0462898755987 	0.000406257110083 	113.942314977 	-5.35521953383 	35.0058888006 	1.34768332844 	-1.16312440996e-20
0.546 	0.328033472803 	2.50063621267e-19 	0.0462898755987 	0.000406257110083 	113.942314977 	-5.35521953383 	35.0058888006 	1.34768332844 	-1.16312440996e-20
0.546 	0.32949790795 	-4.26012482448e-19 	0.0455787143865 	0.00039691344736 	114.832880291 	-4.32431440531 	34.9855081496 	1.37504011195 	3.92133407851e-21
0.546 	0.330962343096 	6.50492517431e-19 	0.0455787143865 	0.00039691344736 	114.832880291 	-4.32431440531 	34.9855081496 	1.37504011195 	3.92133407851e-21
0.546 	0.332426778243 	9.37059905916e-19 	0.0455787143865 	0.00039691344736 	114.832880291 	-4.32431440531 	34.9855081496 	1.37504011195 	3.92133407851e-21
0.546 	0.333891213389 	-2.10794447791e-20 	0.0444043395809 	0.000388314914565 	114.351362555 	-1.7626307917 	34.9180387607 	1.48771527012 	-6.90129758108e-22
0.546 	0.335355648536 	2.69296642855e-19 	0.0444043395809 	0.000388314914565 	114.351362555 	-1.7626307917 	34.9180387607 	1.48771527012 	-6.90129758108e-22
0.546 	0.336820083682 	-2.64341244025e-19 	0.0444043395809 	0.000388314914565 	114.351362555 	-1.7626307917 	34.9180387607 	1.48771527012 	-6.90129758108e-22
0.546 	0.338284518828 	-5.72103900419e-19 	0.0436149282952 	0.000381537181292 	114.313703706 	-0.873589164924 	35.0564645055 	1.46923233632 	1.31335886849e-21
0.546 	0.339748953975 	1.01791525663e-18 	0.0436149282952 	0.000381537181292 	114.313703706 	-0.873589164924 	35.0564645055 	1.46923233632 	1.31335886849e-21
0.546 	0.341213389121 	2.71366164057e-19 	0.0436149282952 	0.000381537181292 	114.313703706 	-0.873589164924 	35.0564645055 	1.46923233632 	1.31335886849e-21
0.546 	0.342677824268 	-5.37630836328e-19 	0.0427333523794 	0.000376324123484 	113.554645351 	3.32823414664 	34.4425808889 	1.62881858013 	-1.77635169165e-21
0.546 	0.344142259414 	-1.26646205848e-19 	0.0427333523794 	0.000376324123484 	113.554645351 	3.32823414664 	34.4425808889 	1.62881858013 	-1.77635169165e-21
0.546 	0.345606694561 	2.19587911358e-19 	0.0427333523794 	0.000376324123484 	113.554645351 	3.32823414664 	34.4425808889 	1.62881858013 	-1.77635169165e-21
0.546 	0.347071129707 	5.03288669269e-19 	0.0427333523794 	0.000376324123484 	113.554645351 	3.32823414664 	34.4425808889 	1.62881858013 	-1.77635169165e-21
