0.462 	0 	0 	2.89298774714 	1.74582319265e-05 	160072.086426 	31.683981808 	10.2041913485 	0.000447980914388 	-4.03630580702e-22
0.462 	0.00146443514644 	1.37547184225e-18 	3.49551919715 	0.000513850072734 	6802.60523959 	31.5981226919 	20.847549793 	-0.045022378346 	-1.79519622705e-21
0.462 	0.00292887029289 	3.6656858868e-18 	3.5760687919 	0.000702582855233 	5089.8890647 	31.4288860389 	23.2738937468 	-0.120234678325 	-6.98644636677e-21
0.462 	0.00439330543933 	4.53379520664e-18 	2.93096073725 	0.00053706687803 	4683.97004547 	31.2067358076 	25.602261642 	-0.173066729315 	1.48728957378e-20
0.462 	0.00585774058577 	6.32811915139e-20 	1.5461475691 	0.000414026510856 	3659.26018359 	30.8475370147 	27.8324238106 	-0.209207611698 	-4.45088728637e-21
0.462 	0.00732217573222 	1.77706191828e-18 	0.581394294536 	0.000262873073399 	2211.69208021 	30.4407877668 	29.1099765152 	-0.220304893888 	-4.52949640126e-21
0.462 	0.00878661087866 	-1.6500830732e-18 	0.321256802624 	0.000342547624486 	937.845658997 	29.8323995779 	29.4927702953 	-0.215788977276 	-5.44091489976e-21
0.462 	0.0102510460251 	8.38784449937e-19 	0.318918280587 	0.000391695807776 	814.198861094 	29.3592468675 	29.622155843 	-0.216305319015 	3.26682717916e-21
0.462 	0.0117154811715 	1.8313474895e-19 	0.321654437039 	0.000423852867584 	758.88229534 	28.6835853992 	29.8088171211 	-0.22279678811 	1.53725675324e-20
0.462 	0.013179916318 	-1.88923001472e-18 	0.322085996711 	0.000443611546171 	726.054133377 	28.069012557 	29.9568087766 	-0.232174152353 	-1.81470647993e-20
0.462 	0.0146443514644 	-9.95011241321e-19 	0.3222980579 	0.000465262269171 	692.723393355 	27.1995220839 	30.1326118104 	-0.248697174184 	5.42330154652e-21
0.462 	0.0161087866109 	-4.48029806631e-19 	0.322648096319 	0.000477333593327 	675.938381102 	26.6196043739 	30.2342008059 	-0.261043596388 	2.36723335471e-20
0.462 	0.0175732217573 	-1.85581806291e-18 	0.323316262337 	0.000493223677654 	655.516506983 	25.7732057505 	30.3669014243 	-0.280297569236 	1.16797978233e-20
0.462 	0.0190376569038 	-9.85699153922e-19 	0.324048296091 	0.000509661252745 	635.811128168 	24.8375419346 	30.4978102292 	-0.30276444274 	-6.9080762249e-21
0.462 	0.0205020920502 	-4.27592612811e-19 	0.324600085719 	0.000522671319814 	621.040553429 	24.0735513141 	30.5955609667 	-0.321723333015 	-3.00809353362e-21
0.462 	0.0219665271967 	3.54353489976e-19 	0.325347494289 	0.000541039999914 	601.337228931 	22.9671302151 	30.7264015874 	-0.349754499557 	2.07977513462e-20
0.462 	0.0234309623431 	9.89376908799e-20 	0.325902747538 	0.000555488511679 	586.695747411 	22.068165307 	30.825719844 	-0.372763625248 	-1.85756920999e-20
0.462 	0.0248953974895 	1.71011267124e-18 	0.326426474124 	0.000570376842383 	572.299662028 	21.1069695622 	30.926713242 	-0.397382782178 	-4.01095757766e-21
0.462 	0.026359832636 	-9.16690782872e-19 	0.326920069229 	0.000585617757423 	558.248217519 	20.0807841707 	31.0298670695 	-0.423513911801 	-7.95202259143e-21
0.462 	0.0278242677824 	4.25340212977e-19 	0.327426766874 	0.000601189616385 	544.631440648 	18.9868176905 	31.135582046 	-0.451048440815 	-7.34018976516e-22
0.462 	0.0292887029289 	-2.56373276987e-18 	0.327801512953 	0.00061176742864 	535.827011389 	18.2185046078 	31.2076650945 	-0.470124824735 	1.10753340904e-20
0.462 	0.0307531380753 	-1.5081053973e-18 	0.328457078013 	0.00062797380368 	523.042643003 	17.0056139732 	31.318462066 	-0.499718905736 	5.36607949872e-21
0.462 	0.0322175732218 	1.31949980025e-18 	0.329261597452 	0.000644676650415 	510.739139133 	15.7180468985 	31.4327352772 	-0.530355551704 	-9.1552577729e-21
0.462 	0.0336820083682 	-1.80989185642e-18 	0.329901023481 	0.000656155006664 	502.77909965 	14.8170345131 	31.5109589986 	-0.551279734852 	3.48347406448e-21
0.462 	0.0351464435146 	-1.68900423735e-18 	0.331044731607 	0.000673998101465 	491.165673742 	13.3999277367 	31.6314526971 	-0.583286138231 	-1.91951557281e-20
0.462 	0.0366108786611 	-2.2670689955e-18 	0.33194156222 	0.000686363764013 	483.623378192 	12.4105662716 	31.7139123373 	-0.604956277143 	1.50159014298e-21
0.462 	0.0380753138075 	-2.89570790812e-18 	0.332946586271 	0.000699132834485 	476.227935305 	11.384834014 	31.7980762184 	-0.626823833075 	-4.83161227329e-21
0.462 	0.039539748954 	-9.65256487243e-19 	0.33464334223 	0.000719064954503 	465.386805648 	9.77689219777 	31.9274693985 	-0.659859372535 	8.74642737183e-21
0.462 	0.0410041841004 	-1.03864658534e-18 	0.335888786645 	0.000732877979695 	458.31474809 	8.65801528821 	32.0157722563 	-0.68194488621 	4.08961161021e-21
0.462 	0.0424686192469 	-1.01080239899e-18 	0.337218336533 	0.000747115578626 	451.360333235 	7.50112741277 	32.1056566492 	-0.704001885415 	1.59675172509e-21
0.462 	0.0439330543933 	-6.11598902794e-19 	0.338629394559 	0.000761785286607 	444.520786253 	6.30588474617 	32.1970987455 	-0.725961685191 	1.71600546943e-21
0.462 	0.0453974895397 	2.7974375746e-19 	0.340121220109 	0.000776895702959 	437.795213455 	5.07200466574 	32.290120399 	-0.747754198786 	-2.18831445e-21
0.462 	0.0468619246862 	2.31337151454e-19 	0.341689412925 	0.000792445315393 	431.183586158 	3.79926541077 	32.384813285 	-0.769308340094 	-9.78563115189e-22
0.462 	0.0483263598326 	-3.19562065948e-20 	0.343315848819 	0.000808399938968 	424.685644159 	2.48750376735 	32.481350981 	-0.790552947664 	-2.31469282216e-21
0.462 	0.0497907949791 	-2.63511858782e-19 	0.344955547026 	0.000824660506933 	418.30006909 	1.13661158362 	32.5799771177 	-0.811418551769 	-6.14343510801e-22
0.462 	0.0512552301255 	-1.7342874732e-18 	0.346524520626 	0.000841029668258 	412.024133874 	-0.253467334256 	32.6809622002 	-0.831839968589 	-1.32792471054e-22
0.462 	0.052719665272 	-1.34413261178e-18 	0.347894636361 	0.000857191955654 	405.8538278 	-1.68273750427 	32.7845336408 	-0.851759073266 	4.54526820653e-22
0.462 	0.0541841004184 	-7.6501113797e-19 	0.348454516364 	0.0008650660631 	402.806827395 	-2.41205547474 	32.8373293458 	-0.861514490689 	4.84578377097e-22
0.462 	0.0556485355649 	1.86498235167e-20 	0.349210730218 	0.000880097434787 	396.786442517 	-3.89999380744 	32.9449294883 	-0.880590240642 	3.88816132697e-22
0.462 	0.0571129707113 	-1.15762139572e-18 	0.349332180866 	0.000893747364565 	390.862333939 	-5.42685906298 	33.0550596812 	-0.899054540581 	-3.9854156629e-21
0.462 	0.0585774058577 	1.71125570925e-18 	0.349103164591 	0.00089989728512 	387.936679401 	-6.20481325999 	33.1109808895 	-0.90804609871 	-9.67094409525e-22
0.462 	0.0600418410042 	7.03381894786e-19 	0.347977192759 	0.0009105497927 	382.161629763 	-7.78955208687 	33.2242940981 	-0.925523600783 	4.59895849989e-21
0.462 	0.0615062761506 	1.92939058214e-19 	0.345858017851 	0.00091862411563 	376.495687372 	-9.41235710449 	33.3392232328 	-0.942287182588 	3.25440121295e-21
0.462 	0.0629707112971 	1.80284914748e-18 	0.344389104356 	0.000921549633545 	373.70651761 	-10.2378627755 	33.3971664794 	-0.950382580682 	-4.48655592813e-21
0.462 	0.0644351464435 	1.24069027981e-18 	0.340558439129 	0.000924877795082 	368.219932341 	-11.916659849 	33.5137570598 	-0.965950707073 	-1.17471893783e-20
0.462 	0.06589958159 	1.42596361159e-18 	0.338169617547 	0.000925165033083 	365.523561153 	-12.7697545764 	33.5722944945 	-0.973397801141 	5.58221425907e-21
0.462 	0.0673640167364 	1.84890258576e-18 	0.332407466465 	0.000922769731583 	360.227969219 	-14.5027662023 	33.6895332783 	-0.987536926203 	-1.08766918805e-20
0.462 	0.0688284518828 	-3.92301244125e-21 	0.329043295885 	0.000920062374138 	357.631509705 	-15.3824204231 	33.7480901731 	-0.994189406115 	-9.84246671449e-21
0.462 	0.0702928870293 	9.4364959686e-19 	0.321461549821 	0.000911809455507 	352.553428657 	-17.1672758475 	33.8647378947 	-1.00654615327 	8.61061240604e-21
0.462 	0.0717573221757 	1.18923403247e-18 	0.317326836132 	0.000906445898278 	350.078076071 	-18.0721402272 	33.9227390909 	-1.01220082817 	-1.89660507006e-20
0.462 	0.0732217573222 	1.05480896122e-18 	0.308640503621 	0.000893913684048 	345.268798463 	-19.9058200708 	34.0381000442 	-1.02233624428 	1.11658652822e-21
0.462 	0.0746861924686 	1.29150149508e-18 	0.304202295403 	0.000887047444768 	342.938021181 	-20.8342420129 	34.095568246 	-1.02676742066 	-1.88721832523e-20
0.462 	0.0761506276151 	1.96141392665e-19 	0.299767336978 	0.000879968905559 	340.656738079 	-21.7701138847 	34.153016158 	-1.03074231054 	8.54955497269e-21
0.462 	0.0776150627615 	-1.30534892638e-18 	0.291048243268 	0.000865602275942 	336.237844282 	-23.6633725829 	34.268288125 	-1.03723087811 	2.03786400858e-20
0.462 	0.0790794979079 	4.70682726429e-19 	0.286808286669 	0.000858459273586 	334.096555881 	-24.6203350983 	34.3263129989 	-1.03969919403 	-4.98357085733e-21
0.462 	0.0805439330544 	2.40492423882e-19 	0.282663105159 	0.000851399964935 	331.998023021 	-25.5838979356 	34.3846996282 	-1.04162025152 	-1.68242879157e-20
0.462 	0.0820083682008 	-1.05506861318e-18 	0.278616744118 	0.000844445700056 	329.940390601 	-26.5538390552 	34.4434958241 	-1.04297181317 	3.55951484889e-21
0.462 	0.0834728033473 	3.58448988021e-19 	0.270822602936 	0.000830892727546 	325.941717815 	-28.5119378003 	34.5624079444 	-1.04387925759 	-1.23578048535e-20
0.462 	0.0849372384937 	9.33770162037e-20 	0.267072801297 	0.000824303164908 	323.998272319 	-29.499618935 	34.6225343977 	-1.04339294684 	1.59183745803e-20
0.462 	0.0864016736402 	6.72145752213e-19 	0.26341903798 	0.00081784089819 	322.090810771 	-30.4927246386 	34.6831008799 	-1.04225307164 	-5.88952633922e-21
0.462 	0.0878661087866 	-3.35120497534e-19 	0.259859421661 	0.000811506550067 	320.21851412 	-31.4909981287 	34.7440965011 	-1.04044059707 	3.17926098644e-20
0.462 	0.0893305439331 	-1.6370132416e-19 	0.256391879478 	0.000805299944143 	318.380600101 	-32.4941752451 	34.8055076596 	-1.03793748806 	-4.2742594739e-21
0.462 	0.0907949790795 	-1.26227579877e-18 	0.249723963718 	0.000793266122519 	314.804775634 	-34.5141476185 	34.9295114574 	-1.03079257785 	4.64292521159e-21
0.462 	0.0922594142259 	-1.19781876743e-18 	0.246518815158 	0.000787435876562 	313.065257116 	-35.5303788848 	34.9920666521 	-1.02612019662 	2.71300378229e-20
0.462 	0.0937238493724 	6.04469140189e-20 	0.243396288356 	0.000781727581623 	311.356915219 	-36.5503861252 	35.0549627187 	-1.02069609482 	-2.32704227512e-20
0.462 	0.0951882845188 	-1.4153511244e-19 	0.240353951943 	0.000776139158009 	309.678940256 	-37.5738705075 	35.1181765657 	-1.01450794985 	3.06033591319e-20
0.462 	0.0966527196653 	1.05136139776e-18 	0.237389410121 	0.000770668428605 	308.030537271 	-38.6005268631 	35.1816835429 	-1.00754466636 	-4.40044187301e-20
0.462 	0.0981171548117 	-5.31836682328e-19 	0.234500317013 	0.000765313154636 	306.410932038 	-39.6300439554 	35.2454575249 	-0.999796387187 	3.46089324375e-20
0.462 	0.0995815899582 	2.60075205955e-19 	0.231684383556 	0.000760071057258 	304.819373588 	-40.662104779 	35.3094710128 	-0.99125449899 	6.26688459277e-21
0.462 	0.101046025105 	-2.89613736311e-19 	0.228939376925 	0.000754939825233 	303.255132757 	-41.6963868712 	35.3736952835 	-0.981911633781 	-4.3898597137e-20
0.462 	0.102510460251 	-1.37432168889e-18 	0.226263114614 	0.000749917112739 	301.717497534 	-42.7325626328 	35.438100582 	-0.971761667468 	-6.26468442601e-21
0.462 	0.103974895397 	-1.18999969594e-18 	0.223653458405 	0.000745000537035 	300.205768032 	-43.7702996349 	35.5026563324 	-0.960799714212 	2.47697849659e-20
0.462 	0.105439330544 	7.8370694583e-19 	0.221108312773 	0.000740187683504 	298.719254184 	-44.8092609407 	35.5673313421 	-0.949022114643 	-1.14511704444e-20
0.462 	0.10690376569 	-3.97224908311e-19 	0.218625628372 	0.000735476118188 	297.257277245 	-45.8491054555 	35.6320939837 	-0.936426417113 	-1.72869175904e-20
0.462 	0.108368200837 	-2.57268843875e-19 	0.216203409126 	0.000730863405338 	295.819174346 	-46.8894883175 	35.6969123388 	-0.923011352687 	5.69230736562e-20
0.462 	0.109832635983 	-2.88346136633e-19 	0.213839721552 	0.000726347128888 	294.404304839 	-47.9300613256 	35.7617542901 	-0.908776804906 	-5.36981718002e-20
0.462 	0.11129707113 	1.24420865314e-18 	0.211532705229 	0.000721924917296 	293.012057295 	-48.9704733534 	35.8265875583 	-0.89372377505 	1.44362609029e-20
0.462 	0.112761506276 	7.29187723318e-20 	0.209280584558 	0.000717594472838 	291.641856897 	-50.0103707721 	35.8913796871 	-0.877854344186 	5.19259408322e-20
0.462 	0.114225941423 	-7.66505680924e-19 	0.20708168278 	0.000713353607231 	290.293173933 	-51.049397849 	35.9560979824 	-0.861171633218 	-3.14698758452e-22
0.462 	0.115690376569 	-1.03125840375e-18 	0.204934437801 	0.00070920028112 	288.965533794 	-52.087197177 	36.0207093922 	-0.843679759862 	-4.38327674339e-20
0.462 	0.117154811715 	-2.07447770566e-18 	0.202837417642 	0.000705132641058 	287.6585281 	-53.1234100937 	36.0851803 	-0.82538379103 	2.02779652213e-20
0.462 	0.118619246862 	-5.65547541291e-19 	0.20078933187 	0.000701149046364 	286.371824808 	-54.1576770966 	36.1494762126 	-0.806289692607 	4.1940205509e-20
0.462 	0.120083682008 	1.0295809068e-18 	0.19878903105 	0.000697248072306 	285.105171237 	-55.1896382158 	36.2135613657 	-0.786404282547 	-5.4117526075e-20
0.462 	0.121548117155 	-1.07324319498e-18 	0.196835483041 	0.00069342846958 	283.858381472 	-56.2189333577 	36.2773983155 	-0.76573519714 	2.34805933632e-20
0.462 	0.123012552301 	-1.47799082764e-18 	0.194927721217 	0.000689689071342 	282.631303462 	-57.2452026482 	36.3409476273 	-0.744290883566 	-5.42465086598e-20
0.462 	0.124476987448 	2.92436265933e-19 	0.193064772017 	0.000686028662401 	281.423769295 	-58.2680867938 	36.4041678098 	-0.722080631715 	-6.1938077348e-20
0.462 	0.125941422594 	4.46588986238e-19 	0.193064772017 	0.000686028662401 	281.423769295 	-58.2680867938 	36.4041678098 	-0.722080631715 	-6.1938077348e-20
0.462 	0.127405857741 	-2.24289941973e-20 	0.191245578899 	0.000682445840741 	280.23554029 	-59.2872274591 	36.4670156045 	-0.699114643582 	1.9782543356e-20
0.462 	0.128870292887 	-6.68202983858e-19 	0.189468948226 	0.000678938915838 	279.066266207 	-60.3022676419 	36.5294466317 	-0.675404123396 	5.15185216988e-20
0.462 	0.130334728033 	8.42108513153e-20 	0.187733542314 	0.000675505891212 	277.915477506 	-61.312852035 	36.5914162789 	-0.650961362351 	1.0001211424e-19
0.462 	0.13179916318 	1.22318837883e-18 	0.186037925489 	0.000672144543217 	276.782616725 	-62.3186273777 	36.6528806217 	-0.625799781783 	-1.26380532129e-19
0.462 	0.133263598326 	3.54651020231e-19 	0.184380647665 	0.000668852569924 	275.667099083 	-63.3192428381 	36.7137971336 	-0.599933915172 	6.5911332538e-20
0.462 	0.134728033473 	2.18517133316e-19 	0.182760333091 	0.000665627756078 	274.568377629 	-64.3143504363 	36.7741250681 	-0.573379330909 	2.92424554101e-20
0.462 	0.136192468619 	6.90757035263e-19 	0.182760333091 	0.000665627756078 	274.568377629 	-64.3143504363 	36.7741250681 	-0.573379330909 	2.92424554101e-20
0.462 	0.137656903766 	5.52159183536e-20 	0.181175735866 	0.000662468082336 	273.485984755 	-65.3036054779 	36.8338255476 	-0.546152513342 	-1.1241239121e-19
0.462 	0.139121338912 	-3.26197951711e-19 	0.179625746248 	0.0006593717471 	272.419537292 	-66.2866669846 	36.8928615245 	-0.51827074115 	8.05265342219e-20
0.462 	0.140585774059 	1.06964663013e-18 	0.178109359705 	0.000656337121396 	271.368712661 	-67.2631980674 	36.9511978562 	-0.489751978917 	-9.16409251089e-20
0.462 	0.142050209205 	-7.15884523563e-19 	0.17662564257 	0.000653362695565 	270.333221913 	-68.2328662923 	37.0088015717 	-0.460614788028 	8.87851716824e-22
0.462 	0.143514644351 	3.73027797883e-19 	0.17662564257 	0.000653362695565 	270.333221913 	-68.2328662923 	37.0088015717 	-0.460614788028 	8.87851716824e-22
0.462 	0.144979079498 	-1.01382026891e-18 	0.175173729643 	0.000650447085097 	269.312806002 	-69.1953440379 	37.0656422224 	-0.430878221041 	1.14178414693e-19
0.462 	0.146443514644 	3.75274711861e-19 	0.173752864412 	0.000647589116419 	268.307264601 	-70.1503088552 	37.1216920346 	-0.400561681405 	-2.92775899715e-21
0.462 	0.147907949791 	-7.21144289387e-19 	0.17236246258 	0.000644787959112 	267.316503269 	-71.0974438185 	37.1769255847 	-0.36968472455 	-3.0660972617e-20
0.462 	0.149372384937 	5.06336926773e-19 	0.17236246258 	0.000644787959112 	267.316503269 	-71.0974438185 	37.1769255847 	-0.36968472455 	-3.0660972617e-20
0.462 	0.150836820084 	-3.45762871732e-19 	0.171002156528 	0.000642043222043 	266.340568138 	-72.0364378145 	37.2313189026 	-0.338266840338 	3.3800803658e-20
0.462 	0.15230125523 	5.42908737775e-19 	0.169671786921 	0.000639354944317 	265.379643075 	-72.9669857989 	37.2848481987 	-0.306327261787 	5.21798898262e-21
0.462 	0.153765690377 	1.33723076755e-18 	0.168371332966 	0.000636723461024 	264.434002001 	-73.888788983 	37.3374886465 	-0.273884858768 	5.83343252887e-20
0.462 	0.155230125523 	-6.0466651604e-19 	0.168371332966 	0.000636723461024 	264.434002001 	-73.888788983 	37.3374886465 	-0.273884858768 	5.83343252887e-20
0.462 	0.156694560669 	8.19379013073e-19 	0.167100806744 	0.000634149189824 	263.503934761 	-74.8015549783 	37.3892136865 	-0.240958140844 	-8.44515861259e-20
0.462 	0.158158995816 	-5.42238012733e-19 	0.165860154936 	0.000631632426741 	262.589677025 	-75.7049979195 	37.4399951416 	-0.207565344911 	-1.90954999608e-20
0.462 	0.159623430962 	-1.39418116072e-18 	0.165860154936 	0.000631632426741 	262.589677025 	-75.7049979195 	37.4399951416 	-0.207565344911 	-1.90954999608e-20
0.462 	0.161087866109 	2.34702251513e-19 	0.164649207373 	0.000629173233532 	261.691373057 	-76.5988385316 	37.4898041181 	-0.173724545782 	3.16057544037e-20
0.462 	0.162552301255 	-4.36878518348e-19 	0.16346768723 	0.00062677145037 	260.809083014 	-77.4828042006 	37.5386123145 	-0.139453716652 	4.23877702741e-21
0.462 	0.164016736402 	-6.11475622121e-19 	0.16346768723 	0.00062677145037 	260.809083014 	-77.4828042006 	37.5386123145 	-0.139453716652 	4.23877702741e-21
0.462 	0.165481171548 	-1.0223537821e-19 	0.162315269101 	0.000624426808292 	259.942825878 	-78.356628988 	37.5863932163 	-0.104770680912 	3.11006790165e-20
0.462 	0.166945606695 	-1.17473388143e-18 	0.1611916517 	0.000622139078873 	259.092632458 	-79.2200537201 	37.6331226795 	-0.0696929627286 	-1.32923712848e-19
0.462 	0.168410041841 	-3.04026446724e-19 	0.1611916517 	0.000622139078873 	259.092632458 	-79.2200537201 	37.6331226795 	-0.0696929627286 	-1.32923712848e-19
0.462 	0.169874476987 	-4.93963504262e-19 	0.160096611983 	0.000619908200424 	258.258580664 	-80.0728259937 	37.6787787649 	-0.0342375633333 	1.53993356924e-19
0.462 	0.171338912134 	2.63101891719e-19 	0.159030022082 	0.000617734341685 	257.440798335 	-80.9147003315 	37.7233410125 	0.00157923440805 	-9.13732094111e-20
0.462 	0.17280334728 	4.29737346584e-19 	0.159030022082 	0.000617734341685 	257.440798335 	-80.9147003315 	37.7233410125 	0.00157923440805 	-9.13732094111e-20
0.462 	0.174267782427 	4.51155889512e-19 	0.157991831934 	0.000615617808654 	256.63947617 	-81.7454378801 	37.7667896301 	0.0377420483265 	2.48331774236e-20
0.462 	0.175732217573 	4.42346352053e-19 	0.156982034551 	0.000613558998975 	255.854831912 	-82.5648068119 	37.8091050478 	0.0742364109957 	-2.36465233011e-20
0.462 	0.17719665272 	4.96471808507e-19 	0.156982034551 	0.000613558998975 	255.854831912 	-82.5648068119 	37.8091050478 	0.0742364109957 	-2.36465233011e-20
0.462 	0.178661087866 	5.50818362614e-19 	0.156000635838 	0.000611558340091 	255.087087545 	-83.3725812326 	37.8502680183 	0.111048911163 	1.01428153942e-19
0.462 	0.180125523013 	-6.01852573805e-19 	0.155047639775 	0.000609616262601 	254.336456041 	-84.1685425533 	37.8902600748 	0.148167055602 	-1.11376236006e-19
0.462 	0.181589958159 	-3.12441505652e-19 	0.155047639775 	0.000609616262601 	254.336456041 	-84.1685425533 	37.8902600748 	0.148167055602 	-1.11376236006e-19
0.462 	0.183054393305 	-1.69735916639e-19 	0.154123043387 	0.000607733184387 	253.603139249 	-84.952476752 	37.9290640228 	0.185579621398 	1.08882760288e-20
0.462 	0.184518828452 	4.14447511199e-19 	0.154123043387 	0.000607733184387 	253.603139249 	-84.952476752 	37.9290640228 	0.185579621398 	1.08882760288e-20
0.462 	0.185983263598 	-6.57364326004e-19 	0.153226835673 	0.000605909505673 	252.887327627 	-85.7241781468 	37.9666641324 	0.223276337703 	1.38615490615e-20
0.462 	0.187447698745 	1.24746486004e-19 	0.152358981657 	0.00060414557465 	252.189187589 	-86.4834427295 	38.0030461539 	0.261248702052 	1.56597693376e-20
0.462 	0.188912133891 	-4.58391702452e-20 	0.152358981657 	0.00060414557465 	252.189187589 	-86.4834427295 	38.0030461539 	0.261248702052 	1.56597693376e-20
0.462 	0.190376569038 	6.8643377235e-19 	0.15151942048 	0.000602441680786 	251.508860214 	-87.2300779131 	38.0381973068 	0.299488987264 	-5.13553590442e-20
0.462 	0.191841004184 	1.83860654904e-18 	0.15151942048 	0.000602441680786 	251.508860214 	-87.2300779131 	38.0381973068 	0.299488987264 	-5.13553590442e-20
0.462 	0.193305439331 	3.48673399079e-20 	0.150708078334 	0.000600798085409 	250.846469045 	-87.9638863658 	38.0721064992 	0.337992061998 	-1.07509099868e-20
0.462 	0.194769874477 	3.95093056248e-19 	0.149924935479 	0.000599215167563 	250.20217043 	-88.6846901495 	38.1047641701 	0.376752835603 	7.49730122409e-20
0.462 	0.196234309623 	3.64604839261e-19 	0.149924935479 	0.000599215167563 	250.20217043 	-88.6846901495 	38.1047641701 	0.376752835603 	7.49730122409e-20
0.462 	0.19769874477 	1.50326972996e-18 	0.149170065132 	0.000597693504451 	249.576185823 	-89.392292697 	38.1361614114 	0.415770577014 	1.42475563511e-20
0.462 	0.199163179916 	5.76189004404e-19 	0.149170065132 	0.000597693504451 	249.576185823 	-89.392292697 	38.1361614114 	0.415770577014 	1.42475563511e-20
0.462 	0.200627615063 	9.6023767985e-19 	0.148443660384 	0.00059623393093 	248.968823617 	-90.0865347361 	38.1662876084 	0.455042938352 	-4.67815930501e-21
0.462 	0.202092050209 	-8.57183508302e-19 	0.147745907894 	0.00059483726665 	248.380382631 	-90.7672090764 	38.1951279935 	0.494575460635 	-5.61406635556e-20
0.462 	0.203556485356 	2.97164032696e-19 	0.147745907894 	0.00059483726665 	248.380382631 	-90.7672090764 	38.1951279935 	0.494575460635 	-5.61406635556e-20
0.462 	0.205020920502 	-4.41205175758e-19 	0.147076919658 	0.000593504167732 	247.811098311 	-91.4341863874 	38.2226619196 	0.5343676037 	-4.98065247623e-20
0.462 	0.206485355649 	-7.98931098231e-21 	0.147076919658 	0.000593504167732 	247.811098311 	-91.4341863874 	38.2226619196 	0.5343676037 	-4.98065247623e-20
0.462 	0.207949790795 	2.39545021503e-19 	0.146436568084 	0.000592234756745 	247.26101671 	-92.0872246175 	38.2488642194 	0.574433642016 	6.0948479863e-21
0.462 	0.209414225941 	-3.57837890391e-19 	0.146436568084 	0.000592234756745 	247.26101671 	-92.0872246175 	38.2488642194 	0.574433642016 	6.0948479863e-21
0.462 	0.210878661088 	-1.32045580601e-18 	0.14582465009 	0.000591028971857 	246.73012159 	-92.7262528467 	38.2737080795 	0.614771028457 	9.85306658188e-20
0.462 	0.212343096234 	1.74121515451e-18 	0.14582465009 	0.000591028971857 	246.73012159 	-92.7262528467 	38.2737080795 	0.614771028457 	9.85306658188e-20
0.462 	0.213807531381 	-4.02692667621e-19 	0.145240808796 	0.000589886379251 	246.218278477 	-93.3509446343 	38.2971690216 	0.655407580336 	4.56319730893e-20
0.462 	0.215271966527 	8.42071165621e-19 	0.145240808796 	0.000589886379251 	246.218278477 	-93.3509446343 	38.2971690216 	0.655407580336 	4.56319730893e-20
0.462 	0.216736401674 	2.65232520537e-20 	0.144684914033 	0.000588807018109 	245.725525654 	-93.961350172 	38.3192267543 	0.696331599079 	-7.86470839854e-20
0.462 	0.21820083682 	-6.98556353734e-19 	0.144156675508 	0.000587790545488 	245.25177653 	-94.5569589586 	38.3398658496 	0.737595899868 	1.65739792563e-20
0.462 	0.219665271967 	-3.86120150252e-19 	0.144156675508 	0.000587790545488 	245.25177653 	-94.5569589586 	38.3398658496 	0.737595899868 	1.65739792563e-20
0.462 	0.221129707113 	-3.16850707481e-19 	0.143656212488 	0.00058683751711 	244.797253584 	-95.1380757687 	38.359075199 	0.779165509148 	-1.07348821688e-20
0.462 	0.222594142259 	3.28469544939e-19 	0.143656212488 	0.00058683751711 	244.797253584 	-95.1380757687 	38.359075199 	0.779165509148 	-1.07348821688e-20
0.462 	0.224058577406 	-1.69839423002e-19 	0.143183160789 	0.000585947387166 	244.361804361 	-95.7038044442 	38.3768462035 	0.821141482788 	3.7649320606e-20
0.462 	0.225523012552 	-8.90692197619e-19 	0.143183160789 	0.000585947387166 	244.361804361 	-95.7038044442 	38.3768462035 	0.821141482788 	3.7649320606e-20
0.462 	0.226987447699 	-5.08969612114e-19 	0.142737916061 	0.000585121294057 	243.945857912 	-96.2549809433 	38.3931709708 	0.863435196526 	-1.09795924692e-19
0.462 	0.228451882845 	-1.18354148159e-18 	0.142737916061 	0.000585121294057 	243.945857912 	-96.2549809433 	38.3931709708 	0.863435196526 	-1.09795924692e-19
0.462 	0.229916317992 	1.38282989599e-18 	0.142319794446 	0.00058435792693 	243.549009754 	-96.7899184931 	38.4080353586 	0.906242085812 	5.69511444433e-20
0.462 	0.231380753138 	-7.92999941279e-19 	0.142319794446 	0.00058435792693 	243.549009754 	-96.7899184931 	38.4080353586 	0.906242085812 	5.69511444433e-20
0.462 	0.232845188285 	-8.00101279084e-19 	0.141929577876 	0.000583659265679 	243.171977593 	-97.3105414986 	38.4214196572 	0.949356732955 	-2.82516346389e-20
0.462 	0.234309623431 	-3.52300923188e-19 	0.141929577876 	0.000583659265679 	243.171977593 	-97.3105414986 	38.4214196572 	0.949356732955 	-2.82516346389e-20
0.462 	0.235774058577 	-1.31821259888e-19 	0.141565768501 	0.000583022127473 	242.813714661 	-97.813576268 	38.4332933235 	0.993159383502 	1.13559055438e-19
0.462 	0.237238493724 	9.45143764177e-19 	0.141565768501 	0.000583022127473 	242.813714661 	-97.813576268 	38.4332933235 	0.993159383502 	1.13559055438e-19
0.462 	0.23870292887 	-4.57937790793e-19 	0.141229965077 	0.000582450304564 	242.475562242 	-98.3031237914 	38.4436293564 	1.03720227653 	-5.5830383553e-20
0.462 	0.240167364017 	7.40053004981e-19 	0.141229965077 	0.000582450304564 	242.475562242 	-98.3031237914 	38.4436293564 	1.03720227653 	-5.5830383553e-20
0.462 	0.241631799163 	-7.68446948573e-19 	0.140919375587 	0.000581937595825 	242.155476116 	-98.7728185486 	38.4523968522 	1.0822244032 	-1.87591956503e-20
0.462 	0.24309623431 	8.5834618583e-19 	0.140919375587 	0.000581937595825 	242.155476116 	-98.7728185486 	38.4523968522 	1.0822244032 	-1.87591956503e-20
0.462 	0.244560669456 	-1.27445094319e-18 	0.140919375587 	0.000581937595825 	242.155476116 	-98.7728185486 	38.4523968522 	1.0822244032 	-1.87591956503e-20
0.462 	0.246025104603 	3.95335668956e-19 	0.140637528618 	0.000581492073566 	241.856312427 	-99.2309581803 	38.459576586 	1.12730006545 	7.5714796699e-20
0.462 	0.247489539749 	3.34584766888e-19 	0.140637528618 	0.000581492073566 	241.856312427 	-99.2309581803 	38.459576586 	1.12730006545 	7.5714796699e-20
0.462 	0.248953974895 	-8.50472072887e-19 	0.140379117896 	0.00058110168139 	241.574103795 	-99.6653664433 	38.4651392389 	1.17384930104 	-1.3578882816e-19
0.462 	0.250418410042 	2.4574924374e-19 	0.140379117896 	0.00058110168139 	241.574103795 	-99.6653664433 	38.4651392389 	1.17384930104 	-1.3578882816e-19
0.462 	0.251882845188 	-8.61190387137e-20 	0.140151004863 	0.000580781949037 	241.314326479 	-100.092113946 	38.4690575579 	1.22004046442 	-9.17276509573e-21
0.462 	0.253347280335 	3.49838036247e-19 	0.140151004863 	0.000580781949037 	241.314326479 	-100.092113946 	38.4690575579 	1.22004046442 	-9.17276509573e-21
0.462 	0.254811715481 	8.29924906076e-21 	0.139942837211 	0.000580509119896 	241.069145022 	-100.488515102 	38.471296051 	1.26854710358 	-9.94197559072e-21
0.462 	0.256276150628 	4.83194598933e-20 	0.139942837211 	0.000580509119896 	241.069145022 	-100.488515102 	38.471296051 	1.26854710358 	-9.94197559072e-21
0.462 	0.257740585774 	-1.29148225362e-19 	0.139767720383 	0.000580312726272 	240.848966523 	-100.884457094 	38.4717989486 	1.31588063594 	-2.76092743155e-20
0.462 	0.259205020921 	-5.95973904886e-19 	0.139767720383 	0.000580312726272 	240.848966523 	-100.884457094 	38.4717989486 	1.31588063594 	-2.76092743155e-20
0.462 	0.260669456067 	1.17370690813e-18 	0.139767720383 	0.000580312726272 	240.848966523 	-100.884457094 	38.4717989486 	1.31588063594 	-2.76092743155e-20
0.462 	0.262133891213 	-1.06146320916e-18 	0.139606266051 	0.0005801480261 	240.639043435 	-101.239017932 	38.4705501884 	1.36694889774 	-7.05885260008e-20
0.462 	0.26359832636 	7.03809975939e-19 	0.139606266051 	0.0005801480261 	240.639043435 	-101.239017932 	38.4705501884 	1.36694889774 	-7.05885260008e-20
0.462 	0.265062761506 	-1.65924470247e-18 	0.139483199663 	0.000580070719113 	240.458956239 	-101.605588531 	38.4674279387 	1.41534708216 	1.60750813874e-19
0.462 	0.266527196653 	-5.0149414061e-19 	0.139483199663 	0.000580070719113 	240.458956239 	-101.605588531 	38.4674279387 	1.41534708216 	1.60750813874e-19
0.462 	0.267991631799 	3.86573547869e-19 	0.13936303413 	0.000579998753475 	240.281609735 	-101.912986344 	38.4624974166 	1.46982457174 	1.53247469022e-20
0.462 	0.269456066946 	-7.94227803344e-19 	0.13936303413 	0.000579998753475 	240.281609735 	-101.912986344 	38.4624974166 	1.46982457174 	1.53247469022e-20
0.462 	0.270920502092 	1.19608845033e-19 	0.139291366652 	0.000580034930993 	240.14306589 	-102.252724521 	38.4554401606 	1.5190504851 	-1.39369276481e-19
0.462 	0.272384937238 	-5.33951525421e-19 	0.139291366652 	0.000580034930993 	240.14306589 	-102.252724521 	38.4554401606 	1.5190504851 	-1.39369276481e-19
0.462 	0.273849372385 	1.96655983476e-19 	0.139291366652 	0.000580034930993 	240.14306589 	-102.252724521 	38.4554401606 	1.5190504851 	-1.39369276481e-19
0.462 	0.275313807531 	2.14881145932e-19 	0.139206149388 	0.000580035590132 	239.995875694 	-102.505944219 	38.4465394331 	1.57810535092 	2.00105505609e-19
0.462 	0.276778242678 	6.11076519161e-19 	0.139206149388 	0.000580035590132 	239.995875694 	-102.505944219 	38.4465394331 	1.57810535092 	2.00105505609e-19
0.462 	0.278242677824 	7.88540400306e-19 	0.139191740405 	0.000580190274101 	239.9070557 	-102.822474897 	38.4351319733 	1.62770267579 	-1.13063950373e-19
0.462 	0.279707112971 	-3.9962440852e-19 	0.139191740405 	0.000580190274101 	239.9070557 	-102.822474897 	38.4351319733 	1.62770267579 	-1.13063950373e-19
0.462 	0.281171548117 	-5.096461833e-19 	0.139191740405 	0.000580190274101 	239.9070557 	-102.822474897 	38.4351319733 	1.62770267579 	-1.13063950373e-19
0.462 	0.282635983264 	-1.11646608676e-20 	0.139138629286 	0.000580242069625 	239.794107615 	-103.012689839 	38.4222189317 	1.69292416875 	6.29559865308e-20
0.462 	0.28410041841 	-8.08956622147e-19 	0.139138629286 	0.000580242069625 	239.794107615 	-103.012689839 	38.4222189317 	1.69292416875 	6.29559865308e-20
0.462 	0.285564853556 	7.40357836324e-19 	0.139172518078 	0.000580465884584 	239.760030303 	-103.310717562 	38.4061745226 	1.74217117975 	-2.49472100134e-20
0.462 	0.287029288703 	-1.12584675194e-18 	0.139172518078 	0.000580465884584 	239.760030303 	-103.310717562 	38.4061745226 	1.74217117975 	-2.49472100134e-20
0.462 	0.288493723849 	-4.22505639161e-19 	0.139065880755 	0.00058032950397 	239.632622163 	-103.427969792 	38.3878607488 	1.81556882371 	1.66517059305e-19
0.462 	0.289958158996 	-6.11985063011e-19 	0.139065880755 	0.00058032950397 	239.632622163 	-103.427969792 	38.3878607488 	1.81556882371 	1.66517059305e-19
0.462 	0.291422594142 	-1.3688764904e-19 	0.139065880755 	0.00058032950397 	239.632622163 	-103.427969792 	38.3878607488 	1.81556882371 	1.66517059305e-19
0.462 	0.292887029289 	-1.59427653579e-19 	0.139033406303 	0.000580305408017 	239.586611432 	-103.711236652 	38.3613878571 	1.86319155183 	-2.74717630875e-19
0.462 	0.294351464435 	-6.23211957967e-19 	0.139033406303 	0.000580305408017 	239.586611432 	-103.711236652 	38.3613878571 	1.86319155183 	-2.74717630875e-19
0.462 	0.295815899582 	-2.49190197268e-19 	0.138804408572 	0.000579705382215 	239.439571945 	-103.747333802 	38.3299539419 	1.94671657065 	1.95228307844e-19
0.462 	0.297280334728 	7.02739979761e-19 	0.138804408572 	0.000579705382215 	239.439571945 	-103.747333802 	38.3299539419 	1.94671657065 	1.95228307844e-19
0.462 	0.298744769874 	-2.00799731068e-19 	0.138804408572 	0.000579705382215 	239.439571945 	-103.747333802 	38.3299539419 	1.94671657065 	1.95228307844e-19
0.462 	0.300209205021 	4.14190415516e-19 	0.138871509974 	0.000579567917119 	239.612141859 	-104.015044236 	38.291972099 	1.99147108846 	-7.70544063639e-20
0.462 	0.301673640167 	2.88147238659e-19 	0.138871509974 	0.000579567917119 	239.612141859 	-104.015044236 	38.291972099 	1.99147108846 	-7.70544063639e-20
0.462 	0.303138075314 	5.97921339483e-19 	0.138871509974 	0.000579567917119 	239.612141859 	-104.015044236 	38.291972099 	1.99147108846 	-7.70544063639e-20
0.462 	0.30460251046 	3.77295344321e-19 	0.138622064656 	0.000578324407839 	239.696030077 	-103.965258798 	38.265554965 	2.08934480156 	7.15650842376e-20
0.462 	0.306066945607 	7.43688056993e-20 	0.138622064656 	0.000578324407839 	239.696030077 	-103.965258798 	38.265554965 	2.08934480156 	7.15650842376e-20
0.462 	0.307531380753 	-2.66180388917e-19 	0.138382166254 	0.000576432967836 	240.066363263 	-104.211798796 	38.2402473831 	2.13223812879 	-1.55733059583e-19
0.462 	0.3089958159 	-7.0365291424e-19 	0.138382166254 	0.000576432967836 	240.066363263 	-104.211798796 	38.2402473831 	2.13223812879 	-1.55733059583e-19
0.462 	0.310460251046 	1.8472197809e-19 	0.138382166254 	0.000576432967836 	240.066363263 	-104.211798796 	38.2402473831 	2.13223812879 	-1.55733059583e-19
0.462 	0.311924686192 	3.7237004587e-19 	0.137125537884 	0.000570764869748 	240.248734903 	-104.083693367 	38.2275100402 	2.24817779672 	1.20896082751e-19
0.462 	0.313389121339 	-5.95527803356e-19 	0.137125537884 	0.000570764869748 	240.248734903 	-104.083693367 	38.2275100402 	2.24817779672 	1.20896082751e-19
0.462 	0.314853556485 	-1.51613066724e-19 	0.137125537884 	0.000570764869748 	240.248734903 	-104.083693367 	38.2275100402 	2.24817779672 	1.20896082751e-19
0.462 	0.316317991632 	-7.20327171996e-20 	0.136106931461 	0.000564421655849 	241.14406322 	-104.284882128 	38.1911563071 	2.2866196916 	2.21820248777e-20
0.462 	0.317782426778 	-2.37033430466e-19 	0.136106931461 	0.000564421655849 	241.14406322 	-104.284882128 	38.1911563071 	2.2866196916 	2.21820248777e-20
0.462 	0.319246861925 	4.23854245225e-19 	0.135045898512 	0.000558999336643 	241.585078299 	-104.113891262 	38.1492610052 	2.41881673647 	-7.22973066926e-20
0.462 	0.320711297071 	-1.89856410525e-19 	0.135045898512 	0.000558999336643 	241.585078299 	-104.113891262 	38.1492610052 	2.41881673647 	-7.22973066926e-20
0.462 	0.322175732218 	5.58149261252e-19 	0.135045898512 	0.000558999336643 	241.585078299 	-104.113891262 	38.1492610052 	2.41881673647 	-7.22973066926e-20
0.462 	0.323640167364 	1.34844992158e-19 	0.143327743107 	0.000569833269433 	251.525754629 	-104.211771469 	37.9446784162 	2.44319188465 	-1.02535775422e-20
0.462 	0.32510460251 	-4.16236079692e-19 	0.143327743107 	0.000569833269433 	251.525754629 	-104.211771469 	37.9446784162 	2.44319188465 	-1.02535775422e-20
0.462 	0.326569037657 	-8.35491826796e-20 	0.143327743107 	0.000569833269433 	251.525754629 	-104.211771469 	37.9446784162 	2.44319188465 	-1.02535775422e-20
0.462 	0.328033472803 	1.20774745308e-20 	0.151962270638 	0.000415975278635 	266.125146901 	-104.068305937 	37.6643406481 	2.57774314037 	5.78709171619e-20
0.462 	0.32949790795 	3.83868942362e-19 	0.151962270638 	0.000415975278635 	266.125146901 	-104.068305937 	37.6643406481 	2.57774314037 	5.78709171619e-20
0.462 	0.330962343096 	-9.01183422357e-19 	0.151962270638 	0.000415975278635 	266.125146901 	-104.068305937 	37.6643406481 	2.57774314037 	5.78709171619e-20
0.462 	0.332426778243 	1.46508050395e-18 	0.133548354933 	0.00055436554529 	240.90305768 	-103.949139187 	37.028406025 	2.56942025882 	-8.58074741496e-20
0.462 	0.333891213389 	-4.52522460794e-19 	0.133548354933 	0.00055436554529 	240.90305768 	-103.949139187 	37.028406025 	2.56942025882 	-8.58074741496e-20
