0.273 	0.0424686192469 	1.21346611385e-18 	9.94700936714 	0.000144871517276 	66969.2935357 	-333.448066461 	8.8660722707 	-2.61410655124 	-2.90250773598e-17
0.273 	0.0439330543933 	1.96159205297e-18 	12.8446542612 	0.000491348682917 	23206.3673942 	-336.848943618 	24.7123182425 	-6.35127903599 	1.28105729534e-17
0.273 	0.0453974895397 	2.68130075687e-18 	7.67222947728 	0.000635730629712 	10276.5766933 	-341.655030371 	33.214207061 	-7.9692670405 	-4.6318789402e-18
0.273 	0.0468619246862 	-1.27677849606e-18 	4.54563257503 	0.000992782180778 	4244.56504067 	-346.797224351 	36.8694466254 	-8.4158041365 	1.1753260039e-17
0.273 	0.0483263598326 	-4.44987329493e-19 	3.64713630043 	0.001230091484 	2390.70508733 	-350.987522423 	38.4126350222 	-8.44182003134 	8.88277498969e-18
0.273 	0.0497907949791 	2.12735650628e-18 	3.2825847689 	0.00133069546866 	1845.2158529 	-354.181758672 	39.3629873986 	-8.39409731846 	3.21049639958e-19
0.273 	0.0512552301255 	1.95114955324e-19 	2.90425811408 	0.00136612105663 	1529.64026739 	-357.893710632 	40.4145738965 	-8.29599072747 	-6.84582557314e-18
0.273 	0.052719665272 	-1.84131055688e-18 	2.56123106662 	0.00132586248816 	1374.71670855 	-360.593061984 	41.1987510124 	-8.19782837018 	-7.85066416317e-18
0.273 	0.0541841004184 	-1.98366696152e-18 	2.15353912562 	0.00122910245806 	1246.1376728 	-363.01317792 	41.943773698 	-8.08500049228 	-1.09831226896e-17
0.273 	0.0556485355649 	-1.48465622457e-18 	1.81165254146 	0.00112651060589 	1155.46134984 	-364.621888376 	42.4714332887 	-7.99014227801 	3.53691919557e-18
0.273 	0.0571129707113 	6.83138890886e-19 	1.34493776457 	0.000972648455597 	1039.72831368 	-366.457145188 	43.1120706864 	-7.84684529573 	-4.56110768118e-18
0.273 	0.0585774058577 	-5.57999082302e-19 	1.01684550811 	0.000865165248122 	952.859722225 	-367.57793185 	43.5197607544 	-7.72277341786 	-1.03982104209e-18
0.273 	0.0600418410042 	1.97875334733e-18 	0.632144754436 	0.00072858636983 	814.519242401 	-368.713658869 	43.899321996 	-7.52407921997 	-9.25143287718e-18
0.273 	0.0615062761506 	2.78330990589e-18 	0.405689894202 	0.000544748638366 	683.129029166 	-369.317422515 	44.0024791934 	-7.34203713713 	-1.00814281691e-17
0.273 	0.0629707112971 	1.34380137472e-18 	0.256011269785 	0.000378906532267 	547.545063167 	-369.683338742 	44.0019078147 	-7.14277202822 	-2.65948217244e-18
0.273 	0.0644351464435 	3.44505314752e-19 	0.181268657244 	0.000291812262208 	447.916380817 	-369.789061261 	44.0043601268 	-6.94234871612 	-9.60663278378e-18
0.273 	0.06589958159 	-6.98340825377e-19 	0.152576447341 	0.000262238670493 	392.7919895 	-369.638306816 	44.0183114598 	-6.74221658895 	-3.92085977715e-19
0.273 	0.0673640167364 	1.05017497063e-18 	0.145552623145 	0.000260375428815 	371.833730957 	-369.397404127 	44.0274437002 	-6.60816402785 	-1.10625386807e-17
0.273 	0.0688284518828 	1.60115458123e-19 	0.142109757394 	0.000270261337011 	351.317848826 	-368.827109869 	44.0374058725 	-6.40581725375 	1.3826368494e-18
0.273 	0.0702928870293 	-1.66382499792e-19 	0.141704539921 	0.000281004453302 	340.898685316 	-368.307847983 	44.0409204936 	-6.27010623776 	-2.81641907035e-18
0.273 	0.0717573221757 	-2.11664168232e-18 	0.142053705012 	0.000300152167484 	327.229260412 	-367.32021791 	44.0411176982 	-6.06548977093 	4.20051719718e-18
0.273 	0.0732217573222 	-2.05632852985e-18 	0.142554809341 	0.000314265912178 	318.811155328 	-366.522589732 	44.0377762424 	-5.92850156369 	7.69652370042e-18
0.273 	0.0746861924686 	-1.63091222304e-18 	0.143160918321 	0.000329275785711 	310.76329003 	-365.613747842 	44.0316043203 	-5.79115433384 	-1.01851585697e-18
0.273 	0.0761506276151 	-1.84936652819e-18 	0.144190459254 	0.000353425148314 	299.262213517 	-364.042665705 	44.0169820516 	-5.58466264282 	-2.97555830127e-18
0.273 	0.0776150627615 	1.09233622909e-18 	0.144926248102 	0.000370616911602 	291.936730439 	-362.857409614 	44.0036233875 	-5.44682936462 	-1.17501876515e-19
0.273 	0.0790794979079 	3.15899853355e-19 	0.145680544899 	0.000388766135123 	284.867006906 	-361.562935437 	43.987373333 	-5.30896787502 	-4.63904635128e-18
0.273 	0.0805439330544 	5.22003033785e-19 	0.146432851705 	0.000404767226403 	278.041574258 	-360.160427535 	43.9682342675 	-5.17117174767 	-1.04575788673e-18
0.273 	0.0820083682008 	2.22623697443e-18 	0.147170852225 	0.000424713529555 	271.451138044 	-358.650827353 	43.9462015988 	-5.03354626887 	9.44257018304e-19
0.273 	0.0834728033473 	1.12922794526e-18 	0.147873358791 	0.000445771278053 	265.088687614 	-357.035945086 	43.9213305147 	-4.89619262221 	-1.27063298133e-18
0.273 	0.0849372384937 	1.00769799921e-18 	0.148523357507 	0.000468013951149 	258.948940265 	-355.317489401 	43.8936588605 	-4.75921259325 	-1.63297701417e-18
0.273 	0.0864016736402 	2.67215133796e-18 	0.149106740219 	0.000491509265538 	253.027087526 	-353.497412568 	43.8632179126 	-4.62270400361 	-2.77313602132e-18
0.273 	0.0878661087866 	-4.76170938142e-19 	0.149372210817 	0.00050783239333 	250.146744806 	-352.549835268 	43.8469747058 	-4.55465902234 	7.70204802482e-19
0.273 	0.0893305439331 	-5.8235782699e-19 	0.14983313869 	0.000533723091403 	244.54607214 	-350.581599981 	43.8125158283 	-4.4190584867 	1.2459954828e-18
0.273 	0.0907949790795 	3.26773227665e-19 	0.1502002506 	0.000561195797158 	239.156719009 	-348.517655347 	43.7754423449 	-4.28418127912 	-5.22254144906e-19
0.273 	0.0922594142259 	4.40906024611e-19 	0.150347555227 	0.000575563379487 	236.540783183 	-347.450596665 	43.7559435169 	-4.21704499126 	-2.30961871005e-18
0.273 	0.0937238493724 	6.99755754845e-19 	0.150565704976 	0.000605696478226 	231.464778758 	-345.248515162 	43.7150470435 	-4.08342778691 	-6.69967649464e-19
0.273 	0.0951882845188 	-1.78013115357e-19 	0.150677410661 	0.000637852998567 	226.594113214 	-342.958266956 	43.6716938192 	-3.95077165159 	-3.48073874701e-18
0.273 	0.0966527196653 	-2.95527480349e-19 	0.150692189691 	0.000654774913116 	224.234596658 	-341.781187928 	43.6491103354 	-3.884831736 	-1.28115768226e-18
0.273 	0.0981171548117 	7.50956146263e-19 	0.150631430887 	0.000685732164871 	219.665109212 	-339.365156492 	43.6022072557 	-3.75381129281 	1.36114271354e-18
0.273 	0.0995815899582 	-4.16035157616e-19 	0.150546934376 	0.000692315456428 	217.454244273 	-338.126869198 	43.5779304527 	-3.68876814546 	-3.85812094223e-18
0.273 	0.101046025105 	3.38926565487e-19 	0.150251613348 	0.000704820590555 	213.177105439 	-335.592921928 	43.5277486596 	-3.55963038093 	2.78292780958e-18
0.273 	0.102510460251 	4.04838958867e-19 	0.150035531207 	0.000710699685529 	211.109606859 	-334.298415356 	43.5018646882 	-3.49555104426 	-2.18024061263e-18
0.273 	0.103974895397 	7.0147044324e-19 	0.14944590332 	0.000721563442976 	207.114017173 	-331.656807995 	43.448602168 	-3.36842708315 	3.53515736539e-18
0.273 	0.105439330544 	2.45710182131e-18 	0.149061507179 	0.000726474653701 	205.184732075 	-330.310841083 	43.4212596223 	-3.30540175494 	-7.82605034735e-19
0.273 	0.10690376569 	-1.25785794472e-19 	0.148609288931 	0.000730984504237 	203.300190454 	-328.948851182 	43.393464974 	-3.24274732025 	-1.56327628981e-19
0.273 	0.108368200837 	9.67749138914e-19 	0.147471886566 	0.000738608873783 	199.661677243 	-326.179151032 	43.3365954133 	-3.11858920695 	7.8831547496e-19
0.273 	0.109832635983 	7.69689356573e-19 	0.146767549329 	0.000741605753155 	197.905084615 	-324.772651295 	43.307565385 	-3.05710450097 	4.21743707233e-19
0.273 	0.11129707113 	-9.41847670247e-20 	0.145954950452 	0.000743954327734 	196.188052158 	-323.352545346 	43.2781806196 	-2.99602939802 	-1.52007037127e-18
0.273 	0.112761506276 	-1.2292906596e-18 	0.143934214359 	0.000746272071152 	192.87096479 	-320.474061972 	43.2185951619 	-2.87515649112 	2.22949360601e-18
0.273 	0.114225941423 	-6.63063759508e-19 	0.142694431165 	0.000746008228497 	191.277288526 	-319.016973373 	43.1885920677 	-2.81538470719 	-2.28310427447e-18
0.273 	0.115690376569 	-7.05059348637e-19 	0.14129261727 	0.000744680672119 	189.735845928 	-317.548849076 	43.1585568704 	-2.75606504989 	-1.75651104524e-18
0.273 	0.117154811715 	-1.46278042637e-18 	0.139734411915 	0.000742272451761 	188.252186355 	-316.070344772 	43.1284209772 	-2.6971916994 	9.55023612677e-20
0.273 	0.118619246862 	-1.45828682193e-18 	0.136212033546 	0.000734494567924 	185.450021681 	-313.084935826 	43.0668260872 	-2.58074750584 	-5.63195129777e-19
0.273 	0.120083682008 	-4.26984914408e-19 	0.134295406236 	0.000729414020738 	184.114100385 	-311.579466421 	43.0348904328 	-2.52317631811 	2.35763575633e-19
0.273 	0.121548117155 	6.06414882171e-19 	0.132316088878 	0.000723793141273 	182.809260454 	-310.066468429 	43.0021777987 	-2.46605102446 	-3.5137287828e-21
0.273 	0.123012552301 	8.13596271713e-19 	0.130308549355 	0.000717830971694 	181.530965496 	-308.546682245 	42.9688808211 	-2.40938229201 	-7.30435294006e-19
0.273 	0.124476987448 	1.04758935149e-18 	0.128305139669 	0.000711703526597 	180.278915129 	-307.020850252 	42.9352053219 	-2.35317896653 	-1.76393685037e-19
0.273 	0.125941422594 	-2.16521706766e-19 	0.126331937184 	0.000705547903766 	179.055081179 	-305.489720648 	42.9012809294 	-2.29744844121 	1.40553801011e-18
0.273 	0.127405857741 	5.41330841376e-19 	0.124406904025 	0.000699458408027 	177.861760752 	-303.954050789 	42.8671588945 	-2.24219693326 	-1.22799553513e-18
0.273 	0.128870292887 	3.82660494285e-20 	0.122540511466 	0.000693492431665 	176.700575047 	-302.414608761 	42.8328529309 	-2.18742926595 	1.4019177715e-18
0.273 	0.130334728033 	1.48055775788e-19 	0.118999908497 	0.000682037616623 	174.477045835 	-299.327534672 	42.7637324564 	-2.07935854443 	-1.01458303057e-18
0.273 	0.13179916318 	1.4395596544e-18 	0.117326708431 	0.000676567756782 	173.41457268 	-297.781491035 	42.7289530653 	-2.02606029317 	-7.12622403195e-19
0.273 	0.133263598326 	-1.84738749494e-20 	0.115716693673 	0.000671271225421 	172.384409298 	-296.234850644 	42.694054908 	-1.97325605121 	1.96002670788e-18
0.273 	0.134728033473 	-4.53021229218e-19 	0.114168048661 	0.000666145758055 	171.385987647 	-294.688429964 	42.659058675 	-1.92094734926 	-2.46724121854e-18
0.273 	0.136192468619 	-1.27788201923e-18 	0.112678808117 	0.000661188079379 	170.4186927 	-293.143053743 	42.6239850607 	-1.8691353137 	1.85720677192e-18
0.273 	0.137656903766 	7.85571146759e-19 	0.111246982996 	0.000656394510364 	169.48189121 	-291.599554839 	42.5888549811 	-1.81782064459 	-6.46725026664e-19
0.273 	0.139121338912 	3.33674662526e-19 	0.109870615481 	0.000651761239172 	168.574945667 	-290.058774143 	42.5536896412 	-1.76700361287 	-3.21702861336e-20
0.273 	0.140585774059 	7.14444857888e-19 	0.108547800678 	0.000647284434892 	167.697220614 	-288.521560495 	42.5185105265 	-1.71668405951 	6.56745848153e-19
0.273 	0.142050209205 	6.22502338169e-19 	0.107276693903 	0.000642960293268 	166.848085374 	-286.988770636 	42.4833393904 	-1.66686139175 	1.04130315878e-18
0.273 	0.143514644351 	-5.36295666513e-19 	0.106055512204 	0.000638785055072 	166.026915255 	-285.4612692 	42.4481982503 	-1.61753457814 	-6.29679546649e-19
0.273 	0.144979079498 	8.52681077676e-19 	0.106055512204 	0.000638785055072 	166.026915255 	-285.4612692 	42.4481982503 	-1.61753457814 	-6.29679546649e-19
0.273 	0.146443514644 	-5.68073746119e-19 	0.104882533784 	0.000634755014306 	165.23309217 	-283.939928715 	42.4131093864 	-1.56870214375 	-1.9021232684e-18
0.273 	0.147907949791 	2.98708745096e-19 	0.103756096705 	0.000630866522672 	164.466005052 	-282.425629644 	42.3780953416 	-1.52036216543 	9.7812679371e-19
0.273 	0.149372384937 	-3.24268755508e-19 	0.102674597391 	0.000627115992717 	163.725050204 	-280.919260447 	42.3431789214 	-1.47251226703 	-1.25799968703e-18
0.273 	0.150836820084 	7.74452507906e-19 	0.101636489082 	0.000623499900332 	163.009631642 	-279.421717685 	42.308383195 	-1.42514961444 	2.00212734593e-18
0.273 	0.15230125523 	8.73672728505e-20 	0.100640280304 	0.000620014786922 	162.319161456 	-277.933906152 	42.273731496 	-1.37827091054 	-8.09003691455e-19
0.273 	0.153765690377 	-8.89288207041e-19 	0.0996845333642 	0.000616657261286 	161.653060172 	-276.456739042 	42.239247425 	-1.33187238989 	8.11830378934e-19
0.273 	0.155230125523 	-2.17956787099e-19 	0.098767862893 	0.000613424001303 	161.010757132 	-274.991138159 	42.2049548527 	-1.28594981328 	3.06504763431e-19
0.273 	0.156694560669 	1.23776788171e-19 	0.097888934409 	0.00061031175541 	160.391690872 	-273.538034166 	42.1708779231 	-1.24049846184 	-1.2763254334e-18
0.273 	0.158158995816 	9.56428908846e-21 	0.097888934409 	0.00061031175541 	160.391690872 	-273.538034166 	42.1708779231 	-1.24049846184 	-1.2763254334e-18
0.273 	0.159623430962 	1.78774614414e-18 	0.0970464629434 	0.000607317343956 	159.795309502 	-272.098366869 	42.1370410589 	-1.19551313113 	-2.64648189695e-19
0.273 	0.161087866109 	-1.03117341057e-18 	0.0962392117055 	0.00060443766041 	159.221071103 	-270.673085565 	42.1034689671 	-1.15098812473 	-7.14468668043e-19
0.273 	0.162552301255 	1.02889347177e-18 	0.095465990801 	0.000601669672438 	158.668444122 	-269.263149415 	42.0701866454 	-1.10691724733 	8.10318367781e-19
0.273 	0.164016736402 	7.85155996691e-19 	0.0947256560003 	0.000599010422847 	158.136907785 	-267.869527884 	42.0372193911 	-1.06329379771 	1.44267476004e-18
0.273 	0.165481171548 	-2.67839958168e-19 	0.0947256560003 	0.000599010422847 	158.136907785 	-267.869527884 	42.0372193911 	-1.06329379771 	1.44267476004e-18
0.273 	0.166945606695 	-2.68122847254e-19 	0.0940171075638 	0.000596457030432 	157.625952528 	-266.493201231 	42.0045928091 	-1.02011056068 	3.78928044822e-19
0.273 	0.168410041841 	6.85003377596e-19 	0.0933392891179 	0.000594006690689 	157.135080431 	-265.135161053 	41.9723328233 	-0.977359799032 	-1.74071354392e-18
0.273 	0.169874476987 	6.79789074027e-19 	0.0926911865911 	0.000591656676495 	156.663805672 	-263.796410894 	41.9404656876 	-0.935033244278 	-9.65659973011e-20
0.273 	0.171338912134 	4.53759680161e-21 	0.092071827209 	0.000589404338825 	156.211654961 	-262.477966911 	41.9090179992 	-0.893122087143 	1.5419458773e-18
0.273 	0.17280334728 	1.400207392e-19 	0.092071827209 	0.000589404338825 	156.211654961 	-262.477966911 	41.9090179992 	-0.893122087143 	1.5419458773e-18
0.273 	0.174267782427 	-5.09048631317e-19 	0.0914802785623 	0.000587247107645 	155.778167949 	-261.180858618 	41.8780167136 	-0.851616966843 	-1.24490665685e-18
0.273 	0.175732217573 	1.73021222712e-19 	0.0909156477531 	0.000585182493159 	155.362897585 	-259.90612969 	41.84748916 	-0.810507959958 	4.26897142761e-19
0.273 	0.17719665272 	-5.79238142322e-19 	0.0909156477531 	0.000585182493159 	155.362897585 	-259.90612969 	41.84748916 	-0.810507959958 	4.26897142761e-19
0.273 	0.178661087866 	-1.16040585493e-18 	0.0903770806238 	0.000583208087482 	154.965410398 	-258.654838848 	41.81746306 	-0.769784567507 	-6.0342027798e-19
0.273 	0.180125523013 	3.43812517304e-19 	0.0898637610754 	0.000581321566796 	154.585286713 	-257.428060835 	41.7879665469 	-0.729435702542 	8.92522819489e-19
0.273 	0.181589958159 	2.12591548906e-19 	0.0893749104594 	0.00057952069375 	154.222120838 	-256.226887438 	41.759028187 	-0.689449673615 	-9.79306501447e-19
0.273 	0.183054393305 	2.69768678092e-19 	0.0893749104594 	0.00057952069375 	154.222120838 	-256.226887438 	41.759028187 	-0.689449673615 	-9.79306501447e-19
0.273 	0.184518828452 	-8.55395375285e-19 	0.0889097870526 	0.000577803319777 	153.875521323 	-255.052428681 	41.7306770034 	-0.649814172465 	5.27140498622e-19
0.273 	0.185983263598 	5.90996162648e-19 	0.0884676856471 	0.000576167385715 	153.545111786 	-253.905813966 	41.7029425015 	-0.610516250035 	-1.25038081161e-19
0.273 	0.187447698745 	6.49897792937e-19 	0.0884676856471 	0.000576167385715 	153.545111786 	-253.905813966 	41.7029425015 	-0.610516250035 	-1.25038081161e-19
0.273 	0.188912133891 	1.071891783e-18 	0.088047936878 	0.000574610886774 	153.23054071 	-252.78819357 	41.6758546964 	-0.571542309932 	3.66582463183e-19
0.273 	0.190376569038 	5.99504380905e-19 	0.087649906943 	0.000573131957944 	152.931459724 	-251.700739801 	41.6494441432 	-0.532878065642 	3.16977547652e-19
0.273 	0.191841004184 	4.8467747645e-19 	0.087649906943 	0.000573131957944 	152.931459724 	-251.700739801 	41.6494441432 	-0.532878065642 	3.16977547652e-19
0.273 	0.193305439331 	-6.91441040932e-19 	0.0872729976212 	0.000571728846043 	152.647532524 	-250.644649066 	41.6237419682 	-0.494508557814 	-5.64278030283e-19
0.273 	0.194769874477 	-7.68621073694e-19 	0.086916645776 	0.000570399900523 	152.378437823 	-249.621142634 	41.5987799078 	-0.456418060466 	3.02453540459e-19
0.273 	0.196234309623 	2.23899092977e-20 	0.086916645776 	0.000570399900523 	152.378437823 	-249.621142634 	41.5987799078 	-0.456418060466 	3.02453540459e-19
0.273 	0.19769874477 	-8.06782462823e-19 	0.0865803233276 	0.00056914356319 	152.123873355 	-248.631470021 	41.5745903404 	-0.418590174157 	3.30073623224e-19
0.273 	0.199163179916 	1.81006310166e-19 	0.0862635367229 	0.000567958363398 	151.883557461 	-247.676908283 	41.551206338 	-0.381007596032 	-1.6660551138e-19
0.273 	0.200627615063 	5.966036551e-19 	0.0862635367229 	0.000567958363398 	151.883557461 	-247.676908283 	41.551206338 	-0.381007596032 	-1.6660551138e-19
0.273 	0.202092050209 	8.95757452544e-19 	0.0859658277291 	0.000566842924342 	151.657229962 	-246.758768368 	41.5286616877 	-0.343652417662 	2.75522256229e-19
0.273 	0.203556485356 	1.57433305324e-18 	0.0856867733109 	0.000565795967683 	151.444651792 	-245.878390628 	41.5069909789 	-0.306505562294 	-6.66183921635e-19
0.273 	0.205020920502 	1.08303206407e-19 	0.0856867733109 	0.000565795967683 	151.444651792 	-245.878390628 	41.5069909789 	-0.306505562294 	-6.66183921635e-19
0.273 	0.206485355649 	-9.89546452524e-19 	0.0854259873457 	0.000564816324034 	151.245606245 	-245.037157588 	41.4862295808 	-0.269547582468 	2.29140671793e-19
0.273 	0.207949790795 	-1.75325208571e-19 	0.0854259873457 	0.000564816324034 	151.245606245 	-245.037157588 	41.4862295808 	-0.269547582468 	2.29140671793e-19
0.273 	0.209414225941 	-3.31240123925e-19 	0.0851831184017 	0.000563902927804 	151.059897372 	-244.236480859 	41.4664138283 	-0.232757322862 	-2.14443993404e-19
0.273 	0.210878661088 	5.51852821974e-20 	0.0849578535109 	0.000563054832993 	150.887353296 	-243.477826793 	41.4475808462 	-0.196113851819 	-1.25626140605e-19
0.273 	0.212343096234 	4.37930030257e-19 	0.0849578535109 	0.000563054832993 	150.887353296 	-243.477826793 	41.4475808462 	-0.196113851819 	-1.25626140605e-19
0.273 	0.213807531381 	1.46775355233e-19 	0.0847499145554 	0.000562271201429 	150.727823762 	-242.762686988 	41.4297690204 	-0.159593456452 	2.58846159644e-19
0.273 	0.215271966527 	-3.01059383929e-19 	0.0847499145554 	0.000562271201429 	150.727823762 	-242.762686988 	41.4297690204 	-0.159593456452 	2.58846159644e-19
0.273 	0.216736401674 	-6.95562871265e-19 	0.0845590664126 	0.000561551333589 	150.58118707 	-242.092625827 	41.4130173467 	-0.123173943111 	-2.84775950646e-19
0.273 	0.21820083682 	-1.21112275025e-19 	0.0843851083911 	0.000560894637874 	150.447343749 	-241.469225787 	41.3973667468 	-0.0868283040652 	5.7247178601e-19
0.273 	0.219665271967 	2.25465748107e-19 	0.0843851083911 	0.000560894637874 	150.447343749 	-241.469225787 	41.3973667468 	-0.0868283040652 	5.7247178601e-19
0.273 	0.221129707113 	-3.23786790925e-19 	0.0842278890826 	0.000560300685171 	150.326228955 	-240.894160799 	41.3828579844 	-0.0505333810003 	-1.57066466393e-19
0.273 	0.222594142259 	-3.6470917006e-20 	0.0842278890826 	0.000560300685171 	150.326228955 	-240.894160799 	41.3828579844 	-0.0505333810003 	-1.57066466393e-19
0.273 	0.224058577406 	2.40285198553e-19 	0.0840872909486 	0.000559769152117 	150.217800732 	-240.369130242 	41.3695354537 	-0.0142584143654 	-2.78030528753e-19
0.273 	0.225523012552 	1.43948320595e-19 	0.0840872909486 	0.000559769152117 	150.217800732 	-240.369130242 	41.3695354537 	-0.0142584143654 	-2.78030528753e-19
0.273 	0.226987447699 	-3.26319947489e-19 	0.0839632513169 	0.00055929989691 	150.122057559 	-239.89590196 	41.3574410034 	0.022021662212 	9.83359295455e-20
0.273 	0.228451882845 	-1.0456817818e-19 	0.0838557481526 	0.000558892905996 	150.039027608 	-239.476372452 	41.3466243106 	0.0583392044559 	-5.79645879168e-20
0.273 	0.229916317992 	4.48422672447e-19 	0.0838557481526 	0.000558892905996 	150.039027608 	-239.476372452 	41.3466243106 	0.0583392044559 	-5.79645879168e-20
0.273 	0.231380753138 	-1.56582355505e-19 	0.0837648063467 	0.000558548313145 	149.968775083 	-239.112302698 	41.3371265887 	0.0947272367289 	3.55993119773e-19
0.273 	0.232845188285 	-2.87116437858e-19 	0.0837648063467 	0.000558548313145 	149.968775083 	-239.112302698 	41.3371265887 	0.0947272367289 	3.55993119773e-19
0.273 	0.234309623431 	-1.53400980131e-19 	0.0836905289298 	0.000558266512505 	149.911425914 	-238.806011774 	41.3290059943 	0.131208562224 	6.10560706868e-20
0.273 	0.235774058577 	-5.03901526034e-19 	0.0836905289298 	0.000558266512505 	149.911425914 	-238.806011774 	41.3290059943 	0.131208562224 	6.10560706868e-20
0.273 	0.237238493724 	-1.08389612743e-18 	0.0836330058791 	0.000558047813186 	149.867097232 	-238.55893027 	41.322299834 	0.16784545039 	-6.86049551801e-19
0.273 	0.23870292887 	2.34687830353e-20 	0.0836330058791 	0.000558047813186 	149.867097232 	-238.55893027 	41.322299834 	0.16784545039 	-6.86049551801e-19
0.273 	0.240167364017 	2.43745251842e-19 	0.0835925348528 	0.000557893249239 	149.836075211 	-238.374365234 	41.317079826 	0.204616094665 	-5.19176069065e-20
0.273 	0.241631799163 	5.68187672253e-19 	0.0835925348528 	0.000557893249239 	149.836075211 	-238.374365234 	41.317079826 	0.204616094665 	-5.19176069065e-20
0.273 	0.24309623431 	3.94694049266e-19 	0.083569196553 	0.000557802994915 	149.81847949 	-238.252598863 	41.313373992 	0.241669957011 	3.89298635347e-19
0.273 	0.244560669456 	9.82803635938e-19 	0.083569196553 	0.000557802994915 	149.81847949 	-238.252598863 	41.313373992 	0.241669957011 	3.89298635347e-19
0.273 	0.246025104603 	2.36236871085e-19 	0.0835636369764 	0.000557779241 	149.814892405 	-238.199224095 	41.3112745855 	0.278850492956 	-1.79980424342e-19
0.273 	0.247489539749 	3.5658683911e-19 	0.0835636369764 	0.000557779241 	149.814892405 	-238.199224095 	41.3112745855 	0.278850492956 	-1.79980424342e-19
0.273 	0.248953974895 	2.71369861759e-19 	0.0835757347306 	0.00055782124492 	149.82529886 	-238.21149811 	41.3107941494 	0.31653448205 	-1.15385034628e-20
0.273 	0.250418410042 	1.46704992504e-19 	0.0835757347306 	0.00055782124492 	149.82529886 	-238.21149811 	41.3107941494 	0.31653448205 	-1.15385034628e-20
0.273 	0.251882845188 	8.29618260779e-19 	0.0836068471205 	0.000557933585986 	149.850894839 	-238.300124966 	41.3120487245 	0.354219230388 	6.55205516701e-20
0.273 	0.253347280335 	2.6642191337e-19 	0.0836068471205 	0.000557933585986 	149.850894839 	-238.300124966 	41.3120487245 	0.354219230388 	6.55205516701e-20
0.273 	0.254811715481 	6.09868657644e-19 	0.0836562105816 	0.000558112837418 	149.891213699 	-238.455296398 	41.315035033 	0.392823317519 	8.74961768425e-20
0.273 	0.256276150628 	-7.38891749996e-20 	0.0836562105816 	0.000558112837418 	149.891213699 	-238.455296398 	41.315035033 	0.392823317519 	8.74961768425e-20
0.273 	0.257740585774 	-6.30919384649e-21 	0.0837264204561 	0.000558367685986 	149.948542076 	-238.698706861 	41.319932341 	0.431045165667 	-8.37592249022e-20
0.273 	0.259205020921 	1.3599267145e-19 	0.0837264204561 	0.000558367685986 	149.948542076 	-238.698706861 	41.319932341 	0.431045165667 	-8.37592249022e-20
0.273 	0.260669456067 	-4.81219058592e-19 	0.0838153961293 	0.000558689211577 	150.021504608 	-239.005192066 	41.3266174399 	0.471002557566 	6.78229531486e-20
0.273 	0.262133891213 	-5.90876571177e-19 	0.0838153961293 	0.000558689211577 	150.021504608 	-239.005192066 	41.3266174399 	0.471002557566 	6.78229531486e-20
0.273 	0.26359832636 	-5.02677409162e-19 	0.0839281185237 	0.000559093917646 	150.114526155 	-239.419200079 	41.3354572845 	0.509641807898 	-3.36797759709e-19
0.273 	0.265062761506 	-6.06509609428e-19 	0.0839281185237 	0.000559093917646 	150.114526155 	-239.419200079 	41.3354572845 	0.509641807898 	-3.36797759709e-19
0.273 	0.266527196653 	-2.44221970418e-19 	0.0840596958694 	0.000559561147596 	150.224325314 	-239.883881233 	41.34608536 	0.551637214274 	4.51407388058e-20
0.273 	0.267991631799 	-2.43847065936e-19 	0.0840596958694 	0.000559561147596 	150.224325314 	-239.883881233 	41.34608536 	0.551637214274 	4.51407388058e-20
0.273 	0.269456066946 	4.13112321353e-19 	0.0840596958694 	0.000559561147596 	150.224325314 	-239.883881233 	41.34608536 	0.551637214274 	4.51407388058e-20
0.273 	0.270920502092 	7.0178444754e-20 	0.0842193987855 	0.000560120917649 	150.359317304 	-240.489046888 	41.35924154 	0.59028860096 	-1.27348499038e-20
0.273 	0.272384937238 	1.03590721533e-18 	0.0842193987855 	0.000560120917649 	150.359317304 	-240.489046888 	41.35924154 	0.59028860096 	-1.27348499038e-20
0.273 	0.273849372385 	-5.24312777232e-19 	0.0843969471544 	0.000560729432896 	150.512782463 	-241.115472016 	41.3740334085 	0.635449640477 	-2.51443401361e-20
0.273 	0.275313807531 	-1.19032304881e-18 	0.0843969471544 	0.000560729432896 	150.512782463 	-241.115472016 	41.3740334085 	0.635449640477 	-2.51443401361e-20
0.273 	0.276778242678 	8.89899639666e-20 	0.0846088209187 	0.000561437267608 	150.700400205 	-241.939640756 	41.3919665905 	0.673180320606 	5.82551467594e-20
0.273 	0.278242677824 	1.64473545581e-19 	0.0846088209187 	0.000561437267608 	150.700400205 	-241.939640756 	41.3919665905 	0.673180320606 	5.82551467594e-20
0.273 	0.279707112971 	-1.45620979188e-19 	0.0848342631977 	0.000562153003646 	150.909561361 	-242.725575763 	41.4110961229 	0.723377816108 	-1.22962085375e-20
0.273 	0.281171548117 	-4.52595716548e-19 	0.0848342631977 	0.000562153003646 	150.909561361 	-242.725575763 	41.4110961229 	0.723377816108 	-1.22962085375e-20
0.273 	0.282635983264 	8.73789417501e-19 	0.0848342631977 	0.000562153003646 	150.909561361 	-242.725575763 	41.4110961229 	0.723377816108 	-1.22962085375e-20
0.273 	0.28410041841 	-3.89106426455e-19 	0.0850982933895 	0.000562940817213 	151.167388804 	-243.806727541 	41.4343792506 	0.758364054054 	4.6464415159e-20
0.273 	0.285564853556 	-1.60848620919e-19 	0.0850982933895 	0.000562940817213 	151.167388804 	-243.806727541 	41.4343792506 	0.758364054054 	4.6464415159e-20
0.273 	0.287029288703 	-7.21216507872e-20 	0.0853514403316 	0.000563575146396 	151.446423565 	-244.742388049 	41.4579381669 	0.816614233551 	7.11182313538e-20
0.273 	0.288493723849 	-5.75471552899e-19 	0.0853514403316 	0.000563575146396 	151.446423565 	-244.742388049 	41.4579381669 	0.816614233551 	7.11182313538e-20
0.273 	0.289958158996 	2.9949061949e-20 	0.0855964130961 	0.000563983395239 	151.771158191 	-246.12999189 	41.4871470086 	0.845711695453 	-8.77716186976e-20
0.273 	0.291422594142 	-3.90614477564e-19 	0.0855964130961 	0.000563983395239 	151.771158191 	-246.12999189 	41.4871470086 	0.845711695453 	-8.77716186976e-20
0.273 	0.292887029289 	1.11067202422e-18 	0.0855964130961 	0.000563983395239 	151.771158191 	-246.12999189 	41.4871470086 	0.845711695453 	-8.77716186976e-20
0.273 	0.294351464435 	3.60601980057e-19 	0.0856796534142 	0.000563474705135 	152.055899996 	-247.198645498 	41.5152954098 	0.916622727189 	5.81855366288e-20
0.273 	0.295815899582 	6.25759241883e-19 	0.0856796534142 	0.000563474705135 	152.055899996 	-247.198645498 	41.5152954098 	0.916622727189 	5.81855366288e-20
0.273 	0.297280334728 	-1.91770716007e-19 	0.0855720888042 	0.000561711570372 	152.341688008 	-248.988896231 	41.5523456506 	0.934674893873 	3.84644073616e-20
0.273 	0.298744769874 	-4.23578949556e-19 	0.0855720888042 	0.000561711570372 	152.341688008 	-248.988896231 	41.5523456506 	0.934674893873 	3.84644073616e-20
0.273 	0.300209205021 	4.82188888667e-20 	0.0855720888042 	0.000561711570372 	152.341688008 	-248.988896231 	41.5523456506 	0.934674893873 	3.84644073616e-20
0.273 	0.301673640167 	6.98990941443e-21 	0.0852346814296 	0.000558166970259 	152.704631358 	-250.153697139 	41.5849980734 	1.02504910528 	-2.21109279617e-20
0.273 	0.303138075314 	3.17777920808e-19 	0.0852346814296 	0.000558166970259 	152.704631358 	-250.153697139 	41.5849980734 	1.02504910528 	-2.21109279617e-20
0.273 	0.30460251046 	7.42801730815e-19 	0.084730210276 	0.000552470891398 	153.365926776 	-252.389276019 	41.6294532574 	1.0242408391 	-3.66481492499e-20
0.273 	0.306066945607 	5.57108601197e-19 	0.084730210276 	0.000552470891398 	153.365926776 	-252.389276019 	41.6294532574 	1.0242408391 	-3.66481492499e-20
0.273 	0.307531380753 	2.21235817174e-18 	0.084730210276 	0.000552470891398 	153.365926776 	-252.389276019 	41.6294532574 	1.0242408391 	-3.66481492499e-20
0.273 	0.3089958159 	8.78726978344e-19 	0.0843393743374 	0.000544994307067 	154.752762082 	-253.622492065 	41.6674386002 	1.14347821511 	-9.24123173162e-20
0.273 	0.310460251046 	-4.22479057779e-20 	0.0843393743374 	0.000544994307067 	154.752762082 	-253.622492065 	41.6674386002 	1.14347821511 	-9.24123173162e-20
0.273 	0.311924686192 	9.22201557598e-20 	0.083865918711 	0.0005354337674 	156.631732657 	-256.482156395 	41.7233560378 	1.11300223634 	6.95914118849e-20
0.273 	0.313389121339 	-1.81500118137e-20 	0.083865918711 	0.0005354337674 	156.631732657 	-256.482156395 	41.7233560378 	1.11300223634 	6.95914118849e-20
0.273 	0.314853556485 	-5.42760282579e-19 	0.083865918711 	0.0005354337674 	156.631732657 	-256.482156395 	41.7233560378 	1.11300223634 	6.95914118849e-20
0.273 	0.316317991632 	4.77240887426e-19 	0.0832219906493 	0.000525203805176 	158.456564536 	-257.831726176 	41.7685905255 	1.27370864823 	2.29159141496e-21
0.273 	0.317782426778 	7.42640847011e-19 	0.0832219906493 	0.000525203805176 	158.456564536 	-257.831726176 	41.7685905255 	1.27370864823 	2.29159141496e-21
0.273 	0.319246861925 	-5.3532939005e-19 	0.0832219906493 	0.000525203805176 	158.456564536 	-257.831726176 	41.7685905255 	1.27370864823 	2.29159141496e-21
0.273 	0.320711297071 	1.28537541333e-19 	0.082353953573 	0.000516901420312 	159.322358842 	-261.448325739 	41.770096411 	1.20033443372 	1.37365233607e-19
0.273 	0.322175732218 	1.40439153627e-18 	0.082353953573 	0.000516901420312 	159.322358842 	-261.448325739 	41.770096411 	1.20033443372 	1.37365233607e-19
0.273 	0.323640167364 	1.55067681949e-19 	0.0823303675749 	0.000513281552896 	160.400012645 	-263.164340824 	41.729283824 	1.41508356283 	-2.02966145504e-20
0.273 	0.32510460251 	-8.69418431298e-19 	0.0823303675749 	0.000513281552896 	160.400012645 	-263.164340824 	41.729283824 	1.41508356283 	-2.02966145504e-20
0.273 	0.326569037657 	1.40694636693e-18 	0.0823303675749 	0.000513281552896 	160.400012645 	-263.164340824 	41.729283824 	1.41508356283 	-2.02966145504e-20
0.273 	0.328033472803 	6.01442853298e-19 	0.0826802888037 	0.000513169019344 	161.117069985 	-287.537264844 	41.6469054892 	1.00207985392 	2.81939682575e-20
0.273 	0.32949790795 	6.10677166589e-19 	0.0826802888037 	0.000513169019344 	161.117069985 	-287.537264844 	41.6469054892 	1.00207985392 	2.81939682575e-20
0.273 	0.330962343096 	6.46221911791e-19 	0.0826802888037 	0.000513169019344 	161.117069985 	-287.537264844 	41.6469054892 	1.00207985392 	2.81939682575e-20
