0.42 	0 	0 	2.34759270154 	2.62643391095e-05 	89383.2771406 	116.60833986 	2.1218870356 	-0.0838419946822 	-2.25307357772e-19
0.42 	0.00146443514644 	-4.19434242394e-20 	17.5024059935 	0.00232482776261 	7528.47427022 	114.538528019 	5.42644611692 	-0.599324877451 	6.92068839738e-20
0.42 	0.00292887029289 	-8.82273611754e-20 	23.3948421548 	0.00390082942389 	5997.40199136 	112.61233459 	7.61590399926 	-1.17819514012 	-2.86863906373e-21
0.42 	0.00439330543933 	-1.90935690334e-19 	26.8876443165 	0.00446034111816 	6028.15874485 	110.964758301 	10.0831871386 	-1.78663930976 	5.73430107301e-21
0.42 	0.00585774058577 	0 	28.0287900246 	0.00415885698107 	6234.09281917 	109.755170195 	12.4579409004 	-2.29327212374 	-1.00434229751e-20
0.42 	0.00732217573222 	6.93889390391e-19 	27.159131992 	0.00379208885721 	6282.83403125 	108.153107612 	15.2465333768 	-2.81105025207 	2.08783600335e-20
0.42 	0.00878661087866 	0 	24.0781907241 	0.00333352218672 	6055.22029478 	106.055569169 	18.3144754811 	-3.32390888764 	-2.46752087569e-20
0.42 	0.0102510460251 	0 	19.2742043793 	0.00283586337249 	5616.28252238 	103.316408083 	21.4832421993 	-3.81202797348 	2.84230085288e-20
0.42 	0.0117154811715 	-9.23936709259e-19 	13.6971503292 	0.00236274177336 	5043.05350882 	99.821902078 	24.5320868276 	-4.25744068957 	2.27169495964e-20
0.42 	0.013179916318 	1.56125112838e-18 	9.59609047058 	0.00206209251666 	4513.56556588 	96.6937283801 	26.619002844 	-4.55253185639 	1.80425609916e-21
0.42 	0.0146443514644 	9.83389526697e-19 	4.68328348738 	0.00134326645048 	3486.48883898 	92.0028616036 	29.0558527892 	-4.86606648636 	1.22434710179e-20
0.42 	0.0161087866109 	2.36384424502e-18 	1.9600272202 	0.000859451527217 	2280.55586397 	90.1002880453 	30.4571298546 	-4.87338022619 	-1.07345211388e-20
0.42 	0.0175732217573 	2.64903144091e-18 	0.998610090756 	0.000659394082851 	1514.43592948 	85.8762006875 	31.1707135174 	-4.93052601249 	7.97656452362e-21
0.42 	0.0190376569038 	2.01668718891e-18 	0.672624143472 	0.000582845503351 	1154.03505664 	79.668711678 	31.6229960324 	-5.08790173322 	9.90971828859e-21
0.42 	0.0205020920502 	1.76086057608e-18 	0.466558931455 	0.000515561317208 	904.95333122 	75.3265547401 	31.9615279 	-5.0791846383 	1.34671400881e-21
0.42 	0.0219665271967 	1.11022302463e-18 	0.376033300106 	0.00047415023658 	793.067831873 	72.4064617149 	32.1264398541 	-5.06169282736 	1.42814550248e-21
0.42 	0.0234309623431 	-1.02197906774e-18 	0.279099701974 	0.000417811170821 	668.004403581 	68.005613309 	32.3106533597 	-5.02289341548 	-4.63341681727e-22
0.42 	0.0248953974895 	-1.52655665886e-18 	0.232759703775 	0.000385622363266 	603.594931071 	65.0641956153 	32.4105170769 	-4.99211062616 	-7.06854818968e-22
0.42 	0.026359832636 	-8.95927837786e-19 	0.182651843788 	0.000346364347227 	527.340198986 	60.6447260133 	32.553591519 	-4.94327780992 	-2.47447859835e-22
0.42 	0.0278242677824 	-1.52655665886e-18 	0.15886868497 	0.000325817452459 	487.600292038 	57.693179977 	32.6527717592 	-4.91016363996 	-2.29246650534e-22
0.42 	0.0292887029289 	-1.53024973564e-18 	0.133265353646 	0.00030180993025 	441.553906246 	53.2561605346 	32.809824469 	-4.8597563672 	-5.07891289136e-22
0.42 	0.0307531380753 	-1.5435510916e-18 	0.120916256921 	0.000289239675367 	418.04865383 	50.2908775567 	32.9185517428 	-4.82534808999 	3.05221152715e-21
0.42 	0.0322175732218 	-1.07967732192e-18 	0.111122735996 	0.000278665646789 	398.767258457 	47.3195428775 	33.028830467 	-4.79008555948 	-1.87416483126e-21
0.42 	0.0336820083682 	-1.4224732503e-18 	0.103160634261 	0.000269676570372 	382.534656677 	44.3422796855 	33.1392358737 	-4.75386501452 	4.60239099709e-21
0.42 	0.0351464435146 	-1.97758476261e-18 	0.0965561734291 	0.000262081833164 	368.419940686 	41.3594365214 	33.2485306854 	-4.71664216102 	-2.02946358774e-21
0.42 	0.0366108786611 	-8.67361737988e-19 	0.091022224817 	0.000255857120674 	355.754120023 	38.3715131802 	33.3558231134 	-4.67841630854 	3.64160189444e-22
0.42 	0.0380753138075 	-1.21430643318e-18 	0.086387774948 	0.000251063934258 	344.086757039 	35.3790853445 	33.4606606515 	-4.63921203116 	3.25075847075e-22
0.42 	0.039539748954 	6.99210532023e-19 	0.0825367221168 	0.000247770444079 	333.117706688 	32.3827438791 	33.5630157521 	-4.5990607428 	-1.15186023757e-20
0.42 	0.0410041841004 	1.21171455672e-18 	0.0793659928239 	0.000245995261056 	322.632202275 	29.3830616757 	33.6631682316 	-4.55798528434 	3.15038207859e-21
0.42 	0.0424686192469 	1.4802863372e-18 	0.077258015714 	0.000248323947639 	311.117862166 	27.9338982379 	33.7239404699 	-4.42557926661 	2.62100471587e-21
0.42 	0.0439330543933 	1.56206810969e-19 	0.076126284291 	0.000248675101999 	306.127487951 	26.4268906297 	33.7726446956 	-4.40548068494 	-1.80553517018e-20
0.42 	0.0453974895397 	0 	0.0736851030218 	0.000247701667199 	297.475200127 	21.8728686138 	33.9066794079 	-4.45123722434 	-5.8417609818e-21
0.42 	0.0468619246862 	1.09452213041e-18 	0.0720065717177 	0.00025044511591 	287.514377975 	18.8658974759 	34.0023141028 	-4.40684507454 	8.92680643452e-22
0.42 	0.0483263598326 	8.67361737988e-19 	0.0712399401945 	0.000252163425164 	282.514960876 	17.3621046314 	34.0498757448 	-4.38426494872 	-1.10959460511e-21
0.42 	0.0497907949791 	2.06736125547e-19 	0.0701549161514 	0.000258584739416 	271.303389017 	15.8713423487 	34.1072944145 	-4.25748963075 	1.60120296474e-20
0.42 	0.0512552301255 	8.49564964491e-19 	0.0684170361749 	0.000260797367694 	262.337909235 	11.3470091487 	34.23865749 	-4.29123241936 	-1.95811642874e-22
0.42 	0.052719665272 	-2.56739074445e-18 	0.0677365452601 	0.000263291656897 	257.268103586 	9.84375863667 	34.2855034973 	-4.2672648652 	1.30541413822e-21
0.42 	0.0541841004184 	4.19843321373e-19 	0.066377517884 	0.000268560766797 	247.160144334 	6.83865847495 	34.3787961269 	-4.21843849636 	1.1070917668e-21
0.42 	0.0556485355649 	0 	0.0656960518435 	0.000271308108453 	242.14555259 	5.33704763595 	34.425251543 	-4.19356888669 	-1.36545419213e-21
0.42 	0.0571129707113 	-1.93365610013e-19 	0.0643289610048 	0.000276973460946 	232.256768519 	2.3363350182 	34.5178051676 	-4.14288958985 	8.46939967115e-22
0.42 	0.0585774058577 	0 	0.0636452556741 	0.000279874040224 	227.406784935 	0.837499367066 	34.5639127495 	-4.1170687597 	-2.12326793143e-22
0.42 	0.0600418410042 	8.67361737988e-19 	0.0629633895451 	0.000282810335565 	222.634683486 	-0.660136988145 	34.6099120494 	-4.09091948455 	-4.50861771637e-22
0.42 	0.0615062761506 	-7.85735002735e-19 	0.0617989632023 	0.000290647743457 	212.624954411 	-2.1766734726 	34.6645022022 	-3.96981163468 	2.93151680199e-21
0.42 	0.0629707112971 	-5.36978632439e-19 	0.0611241472963 	0.000293615079624 	208.177820344 	-3.67274891483 	34.710186454 	-3.94366259987 	-6.12004411327e-22
0.42 	0.0644351464435 	8.67361737988e-19 	0.06028956601 	0.000294803456105 	204.507663535 	-6.63569657926 	34.7928493215 	-3.98292130116 	1.46297513423e-21
0.42 	0.06589958159 	9.29977019307e-19 	0.0591615650979 	0.000302602261945 	195.509328706 	-8.1489258392 	34.8465945293 	-3.86303075827 	-5.73867467135e-21
0.42 	0.0673640167364 	2.42861286637e-19 	0.0583858620377 	0.000303946069017 	192.092834846 	-11.0970888125 	34.9289309886 	-3.89819194914 	1.34692940831e-22
0.42 	0.0688284518828 	2.77555756156e-19 	0.057777485146 	0.000307004425795 	188.197564242 	-12.5794229513 	34.9740690553 	-3.86920833192 	4.62877774457e-21
0.42 	0.0702928870293 	-1.58297205558e-19 	0.0566048786845 	0.000313117578012 	180.778348644 	-15.5357565393 	35.0639903479 	-3.8100965819 	5.222948858e-21
0.42 	0.0717573221757 	1.22993306394e-20 	0.0560415867968 	0.000316164517891 	177.254510312 	-17.0093546347 	35.1087667771 	-3.77995746694 	2.2620666285e-22
0.42 	0.0732217573222 	0 	0.0554938650657 	0.000319199308218 	173.853337514 	-18.4796290114 	35.153416073 	-3.74942228516 	-2.61234183855e-21
0.42 	0.0746861924686 	6.86050334991e-19 	0.0550735972621 	0.000323643778328 	170.167328866 	-18.5000476593 	35.1608331953 	-3.6614499781 	2.83016478305e-20
0.42 	0.0761506276151 	7.20642133916e-19 	0.0545519630118 	0.0003266000712 	167.029856459 	-19.9652320778 	35.2052125182 	-3.63103795753 	-1.76917733366e-20
0.42 	0.0776150627615 	2.11200734369e-18 	0.0534548209188 	0.000331115005284 	161.438835648 	-24.3230688406 	35.3306497658 	-3.62321090844 	-3.65232013815e-21
0.42 	0.0790794979079 	-5.520340582e-19 	0.0529810146448 	0.0003340077411 	158.622115974 	-25.7733528067 	35.3745878999 	-3.59061274248 	-1.32237166503e-20
0.42 	0.0805439330544 	-4.89150420238e-19 	0.0525204943611 	0.000336852079188 	155.91560096 	-27.2189187365 	35.4183641675 	-3.55758542025 	1.34327590006e-20
0.42 	0.0820083682008 	3.57683253109e-19 	0.0520726505546 	0.000339639943217 	153.317216054 	-28.659511249 	35.4619714286 	-3.52412356678 	-1.30181964077e-21
0.42 	0.0834728033473 	3.88101479188e-19 	0.051636846091 	0.000342362661213 	150.824993321 	-30.0948683797 	35.505402819 	-3.49022192455 	-1.74122809397e-20
0.42 	0.0849372384937 	-1.97758476261e-18 	0.0512123771059 	0.000345011517155 	148.436717499 	-31.524721715 	35.5486515592 	-3.4558753272 	1.41212146167e-20
0.42 	0.0864016736402 	1.11022302463e-18 	0.050798559616 	0.000347577094441 	146.150481227 	-32.94879654 	35.5917109885 	-3.42107873352 	-5.28491289106e-21
0.42 	0.0878661087866 	-5.20417042793e-19 	0.0503947288995 	0.000350049192018 	143.964705672 	-34.3668119265 	35.6345746677 	-3.38582723384 	-8.90323270132e-22
0.42 	0.0893305439331 	1.11022302463e-18 	0.0500002292134 	0.000352416771673 	141.878120545 	-35.7784809543 	35.6772362728 	-3.35011603923 	5.41771848451e-21
0.42 	0.0907949790795 	-7.6327832943e-19 	0.0496144141554 	0.000354667807193 	139.889815622 	-37.1835109003 	35.7196896512 	-3.31394049961 	2.33304245574e-21
0.42 	0.0922594142259 	-5.55111512313e-19 	0.0492366454522 	0.000356789048508 	137.999318247 	-38.5816034879 	35.7619290904 	-3.27729613783 	1.94774454196e-21
0.42 	0.0937238493724 	-5.55111512313e-19 	0.0488662909554 	0.000358765647302 	136.2067169 	-39.9724551079 	35.8039497156 	-3.24017869674 	2.60458818872e-21
0.42 	0.0951882845188 	-5.55111512313e-19 	0.0485027251217 	0.000360580641743 	134.512837093 	-41.3557572119 	35.8457478371 	-3.20258418415 	-6.52200240956e-21
0.42 	0.0966527196653 	-5.55111512313e-19 	0.0481453039293 	0.000362214693984 	132.919245765 	-42.7311966268 	35.8873209503 	-3.164508813 	1.96841743962e-21
0.42 	0.0981171548117 	-8.67361737988e-19 	0.0477932931789 	0.000363646734927 	131.427807783 	-44.0984560597 	35.9286681867 	-3.12594900119 	8.99285120805e-21
0.42 	0.0995815899582 	-4.3865587269e-19 	0.0474459564304 	0.000364853880973 	130.040980526 	-45.4572146885 	35.9697935784 	-3.08690177333 	-5.8141201238e-21
0.42 	0.101046025105 	9.9083184038e-19 	0.0471024873121 	0.000365812637751 	128.761235811 	-46.8071488557 	36.0107115728 	-3.04736541653 	-6.67577939686e-21
0.42 	0.102510460251 	-3.52940066569e-19 	0.0467618431057 	0.000366500421997 	127.590148057 	-48.1479328632 	36.0514488549 	-3.00733973214 	-1.11020944419e-20
0.42 	0.103974895397 	-6.62316518886e-19 	0.0464225112438 	0.000366897344316 	126.527247916 	-49.4792391983 	36.0920338503 	-2.96682491749 	1.54427077208e-20
0.42 	0.105439330544 	-1.22972820534e-18 	0.0460823660799 	0.000366988462267 	125.568977823 	-50.8007379217 	36.1324707424 	-2.92581885108 	-6.76156532137e-21
0.42 	0.10690376569 	-1.56125112838e-18 	0.0460823660799 	0.000366988462267 	125.568977823 	-50.8007379217 	36.1324707424 	-2.92581885108 	-6.76156532137e-21
0.42 	0.108368200837 	7.08140757982e-20 	0.0457827178944 	0.00036721203433 	124.676518236 	-50.7158733328 	36.1358703939 	-2.84707898896 	2.44170036473e-20
0.42 	0.109832635983 	0 	0.0453892492375 	0.000366235515968 	123.934591973 	-53.4129703031 	36.2126433516 	-2.84229904088 	-6.18315879273e-21
0.42 	0.11129707113 	0 	0.0450314527383 	0.000365410313358 	123.235308617 	-54.7030158965 	36.2521304065 	-2.79975889376 	1.47748274575e-20
0.42 	0.112761506276 	3.10908910968e-19 	0.0446635504667 	0.000364315388962 	122.595838166 	-55.9818764794 	36.2910598854 	-2.75668362857 	-9.84758767676e-21
0.42 	0.114225941423 	3.36895657599e-19 	0.0442833058006 	0.000362977663527 	122.000084993 	-57.2491919063 	36.3293929272 	-2.71306999149 	-1.11388028514e-20
0.42 	0.115690376569 	-7.76737602133e-20 	0.0438874551413 	0.000361419417671 	121.430816927 	-58.5046013789 	36.3671670372 	-2.66892088428 	6.31236472441e-22
0.42 	0.117154811715 	0 	0.0438874551413 	0.000361419417671 	121.430816927 	-58.5046013789 	36.3671670372 	-2.66892088428 	6.31236472441e-22
0.42 	0.118619246862 	1.73472347598e-19 	0.043471341669 	0.000359653354339 	120.870113248 	-59.7477474938 	36.4044586591 	-2.62424139021 	2.33453631834e-21
0.42 	0.120083682008 	5.18326443624e-19 	0.0430292490678 	0.000357681762389 	120.300371985 	-60.9782787019 	36.4413350104 	-2.57903491774 	1.73705880143e-20
0.42 	0.121548117155 	-1.77615413625e-20 	0.0425668877857 	0.000355669109611 	119.681149235 	-60.8228070574 	36.4412640886 	-2.50219285652 	-9.09027014615e-20
0.42 	0.123012552301 	5.14058129865e-19 	0.0420440014797 	0.000353096330365 	119.072326343 	-63.4001194819 	36.5139318321 	-2.4870401841 	-8.16267353969e-21
0.42 	0.124476987448 	0 	0.0420440014797 	0.000353096330365 	119.072326343 	-63.4001194819 	36.5139318321 	-2.4870401841 	-8.16267353969e-21
0.42 	0.125941422594 	1.73472347598e-19 	0.0414917477945 	0.000350464763863 	118.390640295 	-64.5907517335 	36.5496305562 	-2.44024762027 	-7.87052870711e-21
0.42 	0.127405857741 	3.48354558308e-19 	0.0408965913501 	0.000347599979875 	117.654182157 	-65.7674126407 	36.5849035145 	-2.39292197546 	8.64462020012e-21
0.42 	0.128870292887 	4.00081558052e-19 	0.040258970358 	0.000344504656654 	116.860453351 	-66.9297719751 	36.6197351222 	-2.3450615343 	1.45338951643e-20
0.42 	0.130334728033 	0 	0.040258970358 	0.000344504656654 	116.860453351 	-66.9297719751 	36.6197351222 	-2.3450615343 	1.45338951643e-20
0.42 	0.13179916318 	-3.81639164715e-19 	0.0395818315853 	0.000341190923626 	116.010798777 	-68.0775035903 	36.6541121216 	-2.29666475846 	-7.45332975726e-21
0.42 	0.133263598326 	-6.66523355574e-19 	0.0388704851705 	0.000337680986945 	115.110079256 	-69.2102862058 	36.6880210776 	-2.24773011193 	-1.44626883364e-20
0.42 	0.134728033473 	-1.14667178547e-18 	0.0381321702573 	0.000334006218149 	114.166048969 	-70.3278041981 	36.7214480119 	-2.19825606387 	-8.1674952765e-21
0.42 	0.136192468619 	-6.93889390391e-20 	0.0381321702573 	0.000334006218149 	114.166048969 	-70.3278041981 	36.7214480119 	-2.19825606387 	-8.1674952765e-21
0.42 	0.137656903766 	5.00208760172e-19 	0.0373755578561 	0.000330205717204 	113.188706037 	-71.4297483061 	36.7543798079 	-2.14824118924 	2.933067415e-20
0.42 	0.139121338912 	-6.7695878289e-20 	0.036594096384 	0.00032632975076 	112.138400801 	-71.1754918517 	36.7508904432 	-2.07296079687 	4.9657963684e-21
0.42 	0.140585774059 	-5.10121725587e-20 	0.036594096384 	0.00032632975076 	112.138400801 	-71.1754918517 	36.7508904432 	-2.07296079687 	4.9657963684e-21
0.42 	0.142050209205 	1.35308431126e-18 	0.0358446031552 	0.000322403534627 	111.179311966 	-73.5857147059 	36.8187170691 	-2.04658398068 	-7.56965942092e-21
0.42 	0.143514644351 	-7.18228529698e-19 	0.0350878797495 	0.000318489579086 	110.169632081 	-74.6391580873 	36.8501080157 	-1.99493936259 	3.75030784044e-20
0.42 	0.144979079498 	3.55119298045e-19 	0.0350734362717 	0.000318496811499 	110.12178146 	-73.3069933796 	36.8143705323 	-1.97155165029 	1.36024134501e-19
0.42 	0.146443514644 	0 	0.0343469445067 	0.000314619405801 	109.169821929 	-75.6758714663 	36.8809732862 	-1.94274916352 	-3.59367381839e-20
0.42 	0.147907949791 	-1.48362015214e-19 	0.0336274086252 	0.000310824590783 	108.187735534 	-76.6955902169 	36.9113078365 	-1.89001202268 	-1.87797832629e-20
0.42 	0.149372384937 	0 	0.0336274086252 	0.000310824590783 	108.187735534 	-76.6955902169 	36.9113078365 	-1.89001202268 	-1.87797832629e-20
0.42 	0.150836820084 	2.42861286637e-19 	0.0329333001666 	0.000307129455904 	107.229376843 	-77.6980607759 	36.9411060472 	-1.83672634597 	1.83953917179e-20
0.42 	0.15230125523 	-6.60574506954e-19 	0.0322671916725 	0.000303551244057 	106.298993347 	-78.6830410776 	36.9703615274 	-1.78289026679 	3.2713562173e-20
0.42 	0.153765690377 	-3.12250225676e-19 	0.0322671916725 	0.000303551244057 	106.298993347 	-78.6830410776 	36.9703615274 	-1.78289026679 	3.2713562173e-20
0.42 	0.155230125523 	-1.81834343868e-20 	0.0316304389056 	0.000300100966761 	105.399323591 	-79.6503010179 	36.9990673273 	-1.72850162941 	-6.63803524872e-21
0.42 	0.156694560669 	-2.25800307588e-19 	0.031023463153 	0.000296784608109 	104.531914073 	-80.5996227264 	37.0272163199 	-1.67355795884 	-4.95979645716e-21
0.42 	0.158158995816 	0 	0.031023463153 	0.000296784608109 	104.531914073 	-80.5996227264 	37.0272163199 	-1.67355795884 	-4.95979645716e-21
0.42 	0.159623430962 	5.29475956667e-19 	0.0304460326012 	0.000293604450627 	103.697449191 	-81.5308010358 	37.054801544 	-1.61805644134 	-1.18394541032e-20
0.42 	0.161087866109 	-5.55111512313e-19 	0.0304460326012 	0.000293604450627 	103.697449191 	-81.5308010358 	37.054801544 	-1.61805644134 	-1.18394541032e-20
0.42 	0.162552301255 	-5.55111512313e-19 	0.0298975409456 	0.000290560492566 	102.896098095 	-82.4436435459 	37.0818164526 	-1.56199386898 	-4.01049320147e-20
0.42 	0.164016736402 	-5.89650322023e-19 	0.0293771010137 	0.000287650921933 	102.127609452 	-83.3379713008 	37.108254926 	-1.50536661439 	5.84992039363e-20
0.42 	0.165481171548 	-2.28983498829e-18 	0.0293771010137 	0.000287650921933 	102.127609452 	-83.3379713008 	37.108254926 	-1.50536661439 	5.84992039363e-20
0.42 	0.166945606695 	6.5287493268e-19 	0.0288836945496 	0.000284872936541 	101.391500717 	-84.2136183653 	37.1341111691 	-1.44817050101 	-4.7455482979e-20
0.42 	0.168410041841 	-5.55111512313e-19 	0.0288836945496 	0.000284872936541 	101.391500717 	-84.2136183653 	37.1341111691 	-1.44817050101 	-4.7455482979e-20
0.42 	0.169874476987 	0 	0.0284162823542 	0.000282223365137 	100.687206888 	-85.070433107 	37.1593797004 	-1.39040085276 	6.00033910707e-20
0.42 	0.171338912134 	-1.65269636576e-19 	0.0279738326036 	0.000279698839471 	100.014117529 	-85.9082763985 	37.184055359 	-1.33205224715 	-4.51961391085e-20
0.42 	0.17280334728 	-5.55111512313e-19 	0.0279738326036 	0.000279698839471 	100.014117529 	-85.9082763985 	37.184055359 	-1.33205224715 	-4.51961391085e-20
0.42 	0.174267782427 	-1.44912540229e-19 	0.0275553455733 	0.000277296007671 	99.3715914076 	-86.7270249763 	37.2081332957 	-1.27311875985 	1.23911281092e-20
0.42 	0.175732217573 	0 	0.0275553455733 	0.000277296007671 	99.3715914076 	-86.7270249763 	37.2081332957 	-1.27311875985 	1.23911281092e-20
0.42 	0.17719665272 	-8.27926292474e-19 	0.0271598637431 	0.000275011553206 	98.758991855 	-87.5265658942 	37.231608968 	-1.21359336 	-2.00312336289e-20
0.42 	0.178661087866 	3.12250225676e-19 	0.0271598637431 	0.000275011553206 	98.758991855 	-87.5265658942 	37.231608968 	-1.21359336 	-2.00312336289e-20
0.42 	0.180125523013 	-1.4224732503e-18 	0.0267864789031 	0.000272842264956 	98.1756946907 	-88.3068057734 	37.2544781369 	-1.15346873354 	1.84495266795e-20
0.42 	0.181589958159 	-3.6522240223e-19 	0.0264343297511 	0.00027078503831 	97.6210868819 	-89.0676551305 	37.2767368458 	-1.09273570274 	-2.53888934284e-21
0.42 	0.183054393305 	1.11022302463e-18 	0.0264343297511 	0.00027078503831 	97.6210868819 	-89.0676551305 	37.2767368458 	-1.09273570274 	-2.53888934284e-21
0.42 	0.184518828452 	5.34600094894e-19 	0.0261026079518 	0.000268836921944 	97.094579729 	-89.80905373 	37.2983814389 	-1.03138562937 	-3.1969936503e-20
0.42 	0.185983263598 	0 	0.0261026079518 	0.000268836921944 	97.094579729 	-89.80905373 	37.2983814389 	-1.03138562937 	-3.1969936503e-20
0.42 	0.187447698745 	8.30479541039e-19 	0.0257905474081 	0.000266995067135 	96.5955951353 	-90.5309284422 	37.319408481 	-0.969406244123 	4.02266348624e-20
0.42 	0.188912133891 	8.67361737988e-19 	0.0257905474081 	0.000266995067135 	96.5955951353 	-90.5309284422 	37.319408481 	-0.969406244123 	4.02266348624e-20
0.42 	0.190376569038 	-5.87887901428e-19 	0.0254974392096 	0.00026525682289 	96.1235942275 	-91.2332606375 	37.3398148646 	-0.906788205863 	-1.39369105012e-20
0.42 	0.191841004184 	-2.42861286637e-19 	0.0254974392096 	0.00026525682289 	96.1235942275 	-91.2332606375 	37.3398148646 	-0.906788205863 	-1.39369105012e-20
0.42 	0.193305439331 	4.16734011952e-19 	0.0252226055186 	0.000263619593658 	95.6780380719 	-91.9159766084 	37.3595975386 	-0.843514258033 	-4.25083636691e-21
0.42 	0.194769874477 	0 	0.0252226055186 	0.000263619593658 	95.6780380719 	-91.9159766084 	37.3595975386 	-0.843514258033 	-4.25083636691e-21
0.42 	0.196234309623 	-9.78915235954e-20 	0.0249654383575 	0.000262081072589 	95.2584561365 	-92.5791209835 	37.3787539212 	-0.779576360573 	-2.66121652156e-20
0.42 	0.19769874477 	0 	0.0249654383575 	0.000262081072589 	95.2584561365 	-92.5791209835 	37.3787539212 	-0.779576360573 	-2.66121652156e-20
0.42 	0.199163179916 	-2.62676155019e-19 	0.0247253370556 	0.000260638885291 	94.8643446969 	-93.2225804127 	37.3972810703 	-0.714948160826 	-1.20985328406e-20
0.42 	0.200627615063 	0 	0.0247253370556 	0.000260638885291 	94.8643446969 	-93.2225804127 	37.3972810703 	-0.714948160826 	-1.20985328406e-20
0.42 	0.202092050209 	-1.25399483232e-19 	0.0245018038123 	0.000259291157418 	94.4953312576 	-93.8465159721 	37.4151770324 	-0.649628202696 	8.20021104216e-20
0.42 	0.203556485356 	0 	0.0245018038123 	0.000259291157418 	94.4953312576 	-93.8465159721 	37.4151770324 	-0.649628202696 	8.20021104216e-20
0.42 	0.205020920502 	-2.23899030033e-19 	0.0242942953597 	0.000258035651074 	94.1509254966 	-94.450686307 	37.4324384332 	-0.583571902353 	-3.70976528983e-20
0.42 	0.206485355649 	-1.73472347598e-19 	0.0242942953597 	0.000258035651074 	94.1509254966 	-94.450686307 	37.4324384332 	-0.583571902353 	-3.70976528983e-20
0.42 	0.207949790795 	-1.13070535112e-18 	0.0241024493985 	0.000256871108089 	93.8309083408 	-95.0354922478 	37.449064423 	-0.516797024261 	-4.84295425312e-20
0.42 	0.209414225941 	7.49872779158e-19 	0.0241138219231 	0.000256991663937 	93.8311443794 	-93.8004535265 	37.4157213831 	-0.507016133234 	-2.8376061172e-19
0.42 	0.210878661088 	-4.60644065068e-19 	0.0239257405867 	0.000255795220574 	93.5347444452 	-95.6003720291 	37.4650500379 	-0.449220719296 	4.95059200323e-20
0.42 	0.212343096234 	-5.55111512313e-19 	0.0239257405867 	0.000255795220574 	93.5347444452 	-95.6003720291 	37.4650500379 	-0.449220719296 	4.95059200323e-20
0.42 	0.213807531381 	-5.03619172289e-19 	0.0237639999164 	0.00025480772198 	93.2624793778 	-96.1462377835 	37.4803968509 	-0.380908436857 	4.0027685835e-20
0.42 	0.215271966527 	9.1566850483e-20 	0.0237761325584 	0.000254932441319 	93.2644446326 	-94.9146691991 	37.4471494057 	-0.371953393207 	-1.5201932364e-19
0.42 	0.216736401674 	-6.30283272309e-20 	0.0236291277893 	0.000254032471712 	93.0161708467 	-95.4415352756 	37.4618846634 	-0.303141792081 	1.23789352551e-20
0.42 	0.21820083682 	-1.4224732503e-18 	0.0236166373795 	0.000253905761567 	93.0133969147 	-96.6717973939 	37.4950957546 	-0.311695814433 	-3.34838419068e-20
0.42 	0.219665271967 	7.57845292947e-21 	0.0234838012593 	0.000253090835623 	92.788034784 	-97.1790567383 	37.5091539573 	-0.241758015396 	-8.88166499746e-21
0.42 	0.221129707113 	0 	0.0234838012593 	0.000253090835623 	92.788034784 	-97.1790567383 	37.5091539573 	-0.241758015396 	-8.88166499746e-21
0.42 	0.222594142259 	-6.48356048315e-19 	0.023377838592 	0.000252489097567 	92.5894971991 	-96.4361720402 	37.4893815425 	-0.162976444472 	-9.87936013928e-20
0.42 	0.224058577406 	9.6548122325e-19 	0.023377838592 	0.000252489097567 	92.5894971991 	-96.4361720402 	37.4893815425 	-0.162976444472 	-9.87936013928e-20
0.42 	0.225523012552 	-9.6345908403e-21 	0.0232599478706 	0.000251713655794 	92.4063805647 	-98.1343445574 	37.5353122323 	-0.0991098711444 	5.0843900569e-20
0.42 	0.226987447699 	-2.05919320773e-20 	0.0232599478706 	0.000251713655794 	92.4063805647 	-98.1343445574 	37.5353122323 	-0.0991098711444 	5.0843900569e-20
0.42 	0.228451882845 	0 	0.0232599478706 	0.000251713655794 	92.4063805647 	-98.1343445574 	37.5353122323 	-0.0991098711444 	5.0843900569e-20
0.42 	0.229916317992 	2.13631678446e-19 	0.023168233531 	0.000251148104798 	92.2492867291 	-98.5804968903 	37.5473928389 	-0.0261165817135 	-8.91129574211e-20
0.42 	0.231380753138 	0 	0.023168233531 	0.000251148104798 	92.2492867291 	-98.5804968903 	37.5473928389 	-0.0261165817135 	-8.91129574211e-20
0.42 	0.232845188285 	-4.04090325444e-19 	0.0230913341615 	0.000250673183595 	92.1172892542 	-99.0125695409 	37.5588427915 	0.0473029050426 	9.7769939562e-20
0.42 	0.234309623431 	0 	0.0230913341615 	0.000250673183595 	92.1172892542 	-99.0125695409 	37.5588427915 	0.0473029050426 	9.7769939562e-20
0.42 	0.235774058577 	-8.98306795627e-19 	0.0230265322376 	0.000250272767345 	92.0057442999 	-99.4177808668 	37.5695793882 	0.122578859981 	-6.80385529125e-20
0.42 	0.237238493724 	1.11022302463e-18 	0.0230265322376 	0.000250272767345 	92.0057442999 	-99.4177808668 	37.5695793882 	0.122578859981 	-6.80385529125e-20
0.42 	0.23870292887 	5.52383361145e-19 	0.0229777365637 	0.000249970757541 	91.9216983207 	-99.8142650395 	37.5797085848 	0.197774847182 	-6.8700186451e-21
0.42 	0.240167364017 	-1.18875389833e-18 	0.0229777365637 	0.000249970757541 	91.9216983207 	-99.8142650395 	37.5797085848 	0.197774847182 	-6.8700186451e-21
0.42 	0.241631799163 	4.26798768209e-19 	0.0229925733793 	0.000250110999935 	91.9294768534 	-98.5793303402 	37.5464048069 	0.203781201198 	1.03522322433e-19
0.42 	0.24309623431 	2.52049247267e-19 	0.0229395715815 	0.000249734753662 	91.8557439248 	-100.176547591 	37.5890635855 	0.275759595981 	-4.74231841369e-20
0.42 	0.244560669456 	0 	0.0229395715815 	0.000249734753662 	91.8557439248 	-100.176547591 	37.5890635855 	0.275759595981 	-4.74231841369e-20
0.42 	0.246025104603 	-8.24945987213e-19 	0.0229199390594 	0.000249612753718 	91.8219871303 	-100.540025702 	37.5978633153 	0.352620867276 	5.78952020935e-20
0.42 	0.247489539749 	1.97758476261e-18 	0.0229199390594 	0.000249612753718 	91.8219871303 	-100.540025702 	37.5978633153 	0.352620867276 	5.78952020935e-20
0.42 	0.248953974895 	0 	0.0229199390594 	0.000249612753718 	91.8219871303 	-100.540025702 	37.5978633153 	0.352620867276 	5.78952020935e-20
0.42 	0.250418410042 	-1.54311952369e-18 	0.0229082377405 	0.000249540457171 	91.8016982104 	-100.855814349 	37.6057778207 	0.433958378266 	3.71801424616e-20
0.42 	0.251882845188 	0 	0.0229082377405 	0.000249540457171 	91.8016982104 	-100.855814349 	37.6057778207 	0.433958378266 	3.71801424616e-20
0.42 	0.253347280335 	7.23958593009e-19 	0.0229199003191 	0.000249611368632 	91.822341445 	-101.190500555 	37.6132317766 	0.512164138138 	-4.45056176222e-20
0.42 	0.254811715481 	0 	0.0229199003191 	0.000249611368632 	91.822341445 	-101.190500555 	37.6132317766 	0.512164138138 	-4.45056176222e-20
0.42 	0.256276150628 	0 	0.0229199003191 	0.000249611368632 	91.822341445 	-101.190500555 	37.6132317766 	0.512164138138 	-4.45056176222e-20
0.42 	0.257740585774 	3.86392864155e-20 	0.0229344675668 	0.000249701136459 	91.8476699467 	-101.453859982 	37.6196309238 	0.597837564663 	-6.24538577888e-21
0.42 	0.259205020921 	0 	0.0229344675668 	0.000249701136459 	91.8476699467 	-101.453859982 	37.6196309238 	0.597837564663 	-6.24538577888e-21
0.42 	0.260669456067 	-6.30177253095e-19 	0.0229810971464 	0.000249986077548 	91.9295081223 	-101.766345575 	37.625747846 	0.676720594197 	-3.60170491514e-20
0.42 	0.262133891213 	1.11022302463e-18 	0.0229810971464 	0.000249986077548 	91.9295081223 	-101.766345575 	37.625747846 	0.676720594197 	-3.60170491514e-20
0.42 	0.26359832636 	-1.14491749414e-18 	0.0229810971464 	0.000249986077548 	91.9295081223 	-101.766345575 	37.625747846 	0.676720594197 	-3.60170491514e-20
0.42 	0.265062761506 	3.04307760472e-19 	0.0230211874766 	0.000250231623949 	91.9995127443 	-101.968052988 	37.6305317702 	0.768224401262 	1.27314399938e-19
0.42 	0.266527196653 	2.77555756156e-19 	0.0230211874766 	0.000250231623949 	91.9995127443 	-101.968052988 	37.6305317702 	0.768224401262 	1.27314399938e-19
0.42 	0.267991631799 	-3.07079012407e-20 	0.0231085476039 	0.000250762208742 	92.1532304242 	-102.268040306 	37.6352882626 	0.846585617338 	-8.86888338372e-20
0.42 	0.269456066946 	0 	0.0231085476039 	0.000250762208742 	92.1532304242 	-102.268040306 	37.6352882626 	0.846585617338 	-8.86888338372e-20
0.42 	0.270920502092 	-8.67361737988e-19 	0.0231085476039 	0.000250762208742 	92.1532304242 	-102.268040306 	37.6352882626 	0.846585617338 	-8.86888338372e-20
0.42 	0.272384937238 	1.12006044183e-19 	0.0231721642375 	0.000251146773974 	92.2654265903 	-102.394811061 	37.6383193282 	0.946135958682 	5.72900650169e-20
0.42 	0.273849372385 	0 	0.0231721642375 	0.000251146773974 	92.2654265903 	-102.394811061 	37.6383193282 	0.946135958682 	5.72900650169e-20
0.42 	0.275313807531 	3.70751989263e-19 	0.0233081401983 	0.000251961183147 	92.5068691425 	-102.695464952 	37.6416824098 	1.02202665784 	-3.41533177143e-20
0.42 	0.276778242678 	4.05676890218e-19 	0.0233081401983 	0.000251961183147 	92.5068691425 	-102.695464952 	37.6416824098 	1.02202665784 	-3.41533177143e-20
0.42 	0.278242677824 	0 	0.0233081401983 	0.000251961183147 	92.5068691425 	-102.695464952 	37.6416824098 	1.02202665784 	-3.41533177143e-20
0.42 	0.279707112971 	1.07448114096e-18 	0.0233872401037 	0.000252419827931 	92.6521513599 	-102.729861813 	37.6428366957 	1.13279141685 	9.45835634198e-21
0.42 	0.281171548117 	-5.55111512313e-19 	0.0233872401037 	0.000252419827931 	92.6521513599 	-102.729861813 	37.6428366957 	1.13279141685 	9.45835634198e-21
0.42 	0.282635983264 	0 	0.0233872401037 	0.000252419827931 	92.6521513599 	-102.729861813 	37.6428366957 	1.13279141685 	9.45835634198e-21
0.42 	0.28410041841 	-1.26638343751e-19 	0.0235709013073 	0.000253472282726 	92.9920267961 	-103.0470579 	37.6447081217 	1.20331661437 	4.91020458645e-20
0.42 	0.285564853556 	0 	0.0235709013073 	0.000253472282726 	92.9920267961 	-103.0470579 	37.6447081217 	1.20331661437 	4.91020458645e-20
0.42 	0.287029288703 	-1.74154944897e-19 	0.0236153442506 	0.000253603041285 	93.1193259 	-102.968994499 	37.6438294913 	1.32957645477 	-1.89734594252e-20
0.42 	0.288493723849 	3.58187631017e-19 	0.0236153442506 	0.000253603041285 	93.1193259 	-102.968994499 	37.6438294913 	1.32957645477 	-1.89734594252e-20
0.42 	0.289958158996 	0 	0.0236153442506 	0.000253603041285 	93.1193259 	-102.968994499 	37.6438294913 	1.32957645477 	-1.89734594252e-20
0.42 	0.291422594142 	-2.59586781899e-19 	0.0237290869562 	0.000253805521157 	93.4931866257 	-103.318511733 	37.643779978 	1.39081651103 	-5.47895326926e-20
0.42 	0.292887029289 	-6.67350824542e-19 	0.0237290869562 	0.000253805521157 	93.4931866257 	-103.318511733 	37.643779978 	1.39081651103 	-5.47895326926e-20
0.42 	0.294351464435 	0 	0.0237290869562 	0.000253805521157 	93.4931866257 	-103.318511733 	37.643779978 	1.39081651103 	-5.47895326926e-20
0.42 	0.295815899582 	3.34637900556e-19 	0.0234099910193 	0.000246303838501 	93.3450765457 	-103.107601406 	37.6406128576 	1.53792516076 	-2.67461143692e-20
0.42 	0.297280334728 	2.16781743583e-19 	0.0234099910193 	0.000246303838501 	93.3450765457 	-103.107601406 	37.6406128576 	1.53792516076 	-2.67461143692e-20
0.42 	0.298744769874 	0 	0.0234099910193 	0.000246303838501 	93.3450765457 	-103.107601406 	37.6406128576 	1.53792516076 	-2.67461143692e-20
0.42 	0.300209205021 	-2.6506116058e-19 	0.0230136234529 	0.000210656830395 	93.3461752178 	-103.494255558 	37.6385718622 	1.58511399905 	4.49766164519e-20
0.42 	0.301673640167 	-5.55111512313e-19 	0.0230136234529 	0.000210656830395 	93.3461752178 	-103.494255558 	37.6385718622 	1.58511399905 	4.49766164519e-20
0.42 	0.303138075314 	0 	0.0230136234529 	0.000210656830395 	93.3461752178 	-103.494255558 	37.6385718622 	1.58511399905 	4.49766164519e-20
0.42 	0.30460251046 	-1.55569153253e-18 	0.0222885419233 	0.000214431096662 	92.075624049 	-103.138438128 	37.6339241367 	1.75926395496 	-2.61036860081e-20
0.42 	0.306066945607 	1.04083408559e-19 	0.0222885419233 	0.000214431096662 	92.075624049 	-103.138438128 	37.6339241367 	1.75926395496 	-2.61036860081e-20
0.42 	0.307531380753 	1.04083408559e-19 	0.0222885419233 	0.000214431096662 	92.075624049 	-103.138438128 	37.6339241367 	1.75926395496 	-2.61036860081e-20
0.42 	0.3089958159 	8.68868545685e-19 	0.0218952885053 	0.000185236113269 	91.9633313414 	-103.568642408 	37.6292817221 	1.78741418668 	3.42758797954e-20
0.42 	0.310460251046 	0 	0.0218952885053 	0.000185236113269 	91.9633313414 	-103.568642408 	37.6292817221 	1.78741418668 	3.42758797954e-20
0.42 	0.311924686192 	0 	0.0218952885053 	0.000185236113269 	91.9633313414 	-103.568642408 	37.6292817221 	1.78741418668 	3.42758797954e-20
0.42 	0.313389121339 	-1.55863268809e-19 	0.0215231987996 	0.000191218705619 	91.968961352 	-103.084255058 	37.622889494 	1.9947978526 	-6.29836562629e-20
0.42 	0.314853556485 	-1.38777878078e-19 	0.0215231987996 	0.000191218705619 	91.968961352 	-103.084255058 	37.622889494 	1.9947978526 	-6.29836562629e-20
0.42 	0.316317991632 	-8.67361737988e-19 	0.0215231987996 	0.000191218705619 	91.968961352 	-103.084255058 	37.622889494 	1.9947978526 	-6.29836562629e-20
0.42 	0.317782426778 	-7.9622102606e-19 	0.0214544600665 	0.000177386822052 	93.1781669941 	-103.52452823 	37.6174470032 	2.00000050668 	6.7440774606e-20
0.42 	0.319246861925 	0 	0.0214544600665 	0.000177386822052 	93.1781669941 	-103.52452823 	37.6174470032 	2.00000050668 	6.7440774606e-20
0.42 	0.320711297071 	0 	0.0214544600665 	0.000177386822052 	93.1781669941 	-103.52452823 	37.6174470032 	2.00000050668 	6.7440774606e-20
0.42 	0.322175732218 	-4.62470246389e-19 	0.0213840743475 	0.000176050431152 	94.6401808906 	-102.975140074 	37.6140146996 	2.24487887735 	1.93560237006e-20
0.42 	0.323640167364 	-5.55111512313e-19 	0.0213840743475 	0.000176050431152 	94.6401808906 	-102.975140074 	37.6140146996 	2.24487887735 	1.93560237006e-20
0.42 	0.32510460251 	0 	0.0213840743475 	0.000176050431152 	94.6401808906 	-102.975140074 	37.6140146996 	2.24487887735 	1.93560237006e-20
0.42 	0.326569037657 	-6.81237685983e-19 	0.0210973840518 	0.00016456487263 	94.9597547138 	-103.357706946 	37.5609719733 	2.22583706514 	-5.2216175596e-20
0.42 	0.328033472803 	8.67361737988e-19 	0.0210973840518 	0.00016456487263 	94.9597547138 	-103.357706946 	37.5609719733 	2.22583706514 	-5.2216175596e-20
0.42 	0.32949790795 	-5.55111512313e-19 	0.0210973840518 	0.00016456487263 	94.9597547138 	-103.357706946 	37.5609719733 	2.22583706514 	-5.2216175596e-20
0.42 	0.330962343096 	-1.34202220113e-19 	0.0209849681813 	0.000219339581493 	95.6734212698 	-102.845885264 	37.7914651993 	2.51382362626 	7.13787170385e-20
0.42 	0.332426778243 	-6.53220640089e-20 	0.0209849681813 	0.000219339581493 	95.6734212698 	-102.845885264 	37.7914651993 	2.51382362626 	7.13787170385e-20
0.42 	0.333891213389 	0 	0.0209849681813 	0.000219339581493 	95.6734212698 	-102.845885264 	37.7914651993 	2.51382362626 	7.13787170385e-20
0.42 	0.335355648536 	1.12652708605e-18 	0.0208040587488 	0.000217517489579 	95.6431539783 	-102.764378058 	37.2912480601 	2.45443873008 	-2.25433255018e-20
0.42 	0.336820083682 	-7.84270007512e-19 	0.0208028154887 	0.000217539153019 	95.6279143315 	-101.121116046 	37.2452201931 	2.45347516891 	-2.48234839225e-20
0.42 	0.338284518828 	-8.67361737988e-19 	0.0208040587488 	0.000217517489579 	95.6431539783 	-102.764378058 	37.2912480601 	2.45443873008 	-2.25433255018e-20
