0.378 	0.00585774058577 	3.03883950025e-18 	11.2961953871 	0.00105414667823 	10715.9616593 	2.99488525436 	-3.5800925414 	0.828265288006 	-3.38418801157e-20
0.378 	0.00732217573222 	3.59303236434e-18 	19.9193766389 	0.00293327870219 	6790.82305545 	1.90542623957 	-1.36871115299 	0.258412434895 	6.59990168677e-21
0.378 	0.00878661087866 	2.82369583202e-18 	26.3556210052 	0.0040075042313 	6576.5672309 	0.85580606636 	1.18372867337 	-0.410373466655 	9.42713385696e-22
0.378 	0.0102510460251 	-8.82815078865e-19 	31.4905708626 	0.00421802251158 	7161.74956706 	-0.0941923063989 	4.28733346738 	-1.22766105286 	-1.71523065453e-21
0.378 	0.0117154811715 	-1.36846668253e-18 	34.5232474899 	0.00393351535693 	7917.60698562 	-0.724391948206 	7.46354698127 	-2.05378025505 	-9.11105354219e-21
0.378 	0.013179916318 	-1.4683603708e-18 	35.570222129 	0.00354906339878 	8540.42975702 	-1.26685300886 	11.3204401439 	-3.02923807102 	-6.67442242798e-21
0.378 	0.0146443514644 	-5.38967491712e-18 	33.1912769787 	0.00308494224495 	8671.99865476 	-1.79902509707 	15.9180881809 	-4.13940764978 	1.89925099099e-20
0.378 	0.0161087866109 	-2.23161933194e-18 	26.5482751879 	0.00295648184498 	8106.59730296 	-2.46522175957 	20.7426249723 	-5.23193488851 	4.88109055729e-21
0.378 	0.0175732217573 	-2.98736323167e-18 	20.4857355472 	0.00274083940821 	7474.25605669 	-3.1401833199 	23.957311564 	-5.91445401912 	-5.14072660826e-21
0.378 	0.0190376569038 	-1.30134801265e-18 	11.7600691948 	0.00184511369633 	6373.62847514 	-4.30656811329 	28.0501939717 	-6.72483400157 	-8.04975976823e-20
0.378 	0.0205020920502 	9.38706998033e-19 	5.94243763165 	0.00118995941097 	4993.81539979 	-5.41129419348 	30.6928073212 	-7.20990894766 	7.14023769545e-20
0.378 	0.0219665271967 	1.8746178347e-18 	2.52270156357 	0.000765295567025 	3296.37550806 	-6.68276750302 	32.4944492601 	-7.50772106075 	-2.14658105156e-20
0.378 	0.0234309623431 	1.40540249949e-18 	1.19752425393 	0.000580548286413 	2062.74703062 	-8.0837690341 	33.4649821273 	-7.62497497142 	-5.64153403561e-20
0.378 	0.0248953974895 	1.05761764333e-18 	0.696130905909 	0.000497868171383 	1398.22335695 	-9.61507972101 	33.9971601473 	-7.64151540213 	-2.51990974319e-19
0.378 	0.026359832636 	2.06787494439e-18 	0.458316330904 	0.000443467034212 	1033.48455589 	-11.2807862437 	34.3046369294 	-7.60179932226 	-5.33742786776e-20
0.378 	0.0278242677824 	1.22630325185e-18 	0.327916065513 	0.000402309745831 	815.083574065 	-13.0788274139 	34.4634519731 	-7.52310667864 	-4.50531589793e-19
0.378 	0.0292887029289 	5.52027070629e-19 	0.273854331979 	0.0003829462668 	715.124694301 	-14.3488732346 	34.5216228051 	-7.45758778607 	-1.39257456805e-19
0.378 	0.0307531380753 	9.09598883791e-19 	0.22326157733 	0.000366854480452 	608.583482626 	-16.3582040972 	34.5893596551 	-7.35230819426 	8.41396444841e-20
0.378 	0.0322175732218 	-4.73140820722e-19 	0.203300241467 	0.000363742441868 	558.912620762 	-17.7666173989 	34.6370560868 	-7.28108877241 	5.03294229669e-19
0.378 	0.0336820083682 	-9.84850836922e-20 	0.19046824004 	0.000365016566193 	521.807111458 	-19.2301127775 	34.6887788714 	-7.20948002671 	2.51080766977e-19
0.378 	0.0351464435146 	2.71465294334e-19 	0.179175653845 	0.000371665652084 	482.088277031 	-21.5284783983 	34.7708937306 	-7.10066931534 	-2.6505741626e-19
0.378 	0.0366108786611 	3.04896055609e-19 	0.174450833581 	0.00037747557013 	462.15132153 	-23.1289431079 	34.8273727432 	-7.02693122101 	4.32895763806e-20
0.378 	0.0380753138075 	-4.93851106799e-19 	0.170716059825 	0.000383510831694 	445.140125694 	-24.7833106784 	34.8849994072 	-6.95218206803 	3.38408239437e-20
0.378 	0.039539748954 	2.1941293986e-18 	0.167377948358 	0.000389392503738 	429.8437868 	-26.4908898313 	34.9439003278 	-6.87642888336 	1.31374934956e-19
0.378 	0.0410041841004 	8.40204059086e-19 	0.164121519045 	0.000394943180437 	415.557293237 	-28.2508519945 	35.004332942 	-6.79968438463 	2.50280054119e-19
0.378 	0.0424686192469 	5.79154358631e-19 	0.160801018342 	0.000400097147342 	401.904935864 	-30.0622188744 	35.0666072242 	-6.72194917434 	2.69246940131e-19
0.378 	0.0439330543933 	1.15077177045e-18 	0.157364969342 	0.000404847198976 	388.702131915 	-31.9238922534 	35.1310214163 	-6.64320267002 	2.70182103033e-19
0.378 	0.0453974895397 	2.29484776776e-18 	0.153810571696 	0.000409217795267 	375.864816914 	-33.8346569847 	35.19780192 	-6.5633996115 	-1.35878871147e-19
0.378 	0.0468619246862 	1.2783570897e-18 	0.150158310953 	0.000413252562211 	363.35724127 	-35.793159819 	35.2670585291 	-6.48247238928 	-5.82585197035e-19
0.378 	0.0483263598326 	1.75873498325e-18 	0.146438500038 	0.000417008190057 	351.164565899 	-37.7978949774 	35.3387710415 	-6.40033881243 	8.12908711132e-20
0.378 	0.0497907949791 	-1.06580272476e-19 	0.14456356471 	0.00041880160164 	345.183886938 	-38.8170867973 	35.3755088284 	-6.35879246902 	-8.47520908881e-19
0.378 	0.0512552301255 	8.16966685538e-19 	0.14080365566 	0.000422263313248 	333.449890725 	-40.8880032979 	35.4506132538 	-6.27468801393 	-1.35196151369e-19
0.378 	0.052719665272 	2.10567141286e-19 	0.137054332851 	0.000425617937868 	322.012586072 	-43.0006760774 	35.5276552423 	-6.189170769 	2.08463044938e-19
0.378 	0.0541841004184 	8.66233768422e-19 	0.133339440927 	0.000428935112568 	310.861566283 	-45.1529919336 	35.6063149298 	-6.10217533253 	-7.90004966146e-20
0.378 	0.0556485355649 	1.38689965487e-18 	0.131500476421 	0.000430599628153 	305.389201066 	-46.2433024693 	35.6461480748 	-6.05810698957 	3.7096447604e-19
0.378 	0.0571129707113 	7.07899677048e-19 	0.12786625657 	0.000433973902966 	294.640428138 	-48.4506933195 	35.7266246248 	-5.96880508825 	-7.13007547472e-19
0.378 	0.0585774058577 	7.08673495396e-19 	0.126072072996 	0.000435693723784 	289.359396553 	-49.5671216647 	35.7671956474 	-5.92356451612 	3.97579989922e-19
0.378 	0.0600418410042 	9.05638634323e-19 	0.122528191559 	0.000439213677074 	278.971712299 	-51.8237196895 	35.8488375596 	-5.83189116151 	3.5350797313e-19
0.378 	0.0615062761506 	2.03919104907e-19 	0.120776456241 	0.000441015041735 	273.860174397 	-52.9631622933 	35.8898483073 	-5.78545451215 	-5.14086100818e-19
0.378 	0.0629707112971 	3.12532954847e-19 	0.117305200276 	0.000444690807336 	263.790477205 	-55.2624258716 	35.9721175499 	-5.69137438165 	3.26025258413e-19
0.378 	0.0644351464435 	1.31245693786e-18 	0.115581444152 	0.000446556091619 	258.828501774 	-56.4214474858 	36.0133309146 	-5.64372900961 	1.28991625846e-20
0.378 	0.06589958159 	-1.14666209036e-19 	0.113862451404 	0.000448430769153 	253.913110422 	-57.5861765128 	36.054569535 	-5.59567899659 	7.36372605428e-19
0.378 	0.0673640167364 	-8.12368799795e-19 	0.110429065933 	0.000452172768931 	244.218744517 	-59.9310308607 	36.137045814 	-5.4983614536 	2.60869884657e-19
0.378 	0.0688284518828 	-1.57013767116e-18 	0.108710123285 	0.000454019236934 	239.439465207 	-61.1102657357 	36.1782480435 	-5.44909220546 	1.38442358354e-19
0.378 	0.0702928870293 	1.31094320183e-18 	0.105258173206 	0.000457603515683 	230.020464437 	-63.4800464099 	36.2605076948 	-5.34932982651 	9.99002809591e-20
0.378 	0.0717573221757 	1.14418036801e-18 	0.103522384717 	0.00045931543795 	225.384074132 	-64.6696406994 	36.3015413127 	-5.29883595313 	1.00003973677e-19
0.378 	0.0732217573222 	-4.44670673842e-19 	0.101778968406 	0.000460956142803 	220.79967909 	-65.8617210197 	36.3424957117 	-5.24793307766 	2.91745774538e-19
0.378 	0.0746861924686 	-6.47369481328e-19 	0.100027801403 	0.00046251251573 	216.270474854 	-67.0557888523 	36.383359384 	-5.19662067964 	-1.12533344571e-19
0.378 	0.0761506276151 	1.10353505299e-18 	0.0965047605286 	0.000465322661133 	207.393210323 	-69.4478522404 	36.4647698868 	-5.09276524557 	3.42472872318e-19
0.378 	0.0776150627615 	1.22299231664e-18 	0.0947356625556 	0.000466553833753 	203.054086585 	-70.6448116883 	36.5052956345 	-5.0402212987 	4.1061867848e-19
0.378 	0.0790794979079 	1.41678370655e-18 	0.0929643067027 	0.000467655868401 	198.787854455 	-71.8416875813 	36.5456875507 	-4.9872659146 	-5.94645306565e-19
0.378 	0.0805439330544 	3.36128629428e-19 	0.0911934269761 	0.0004686204612 	194.599755082 	-73.0379457548 	36.5859340493 	-4.93389853878 	3.87628742695e-19
0.378 	0.0820083682008 	-5.39069782524e-19 	0.0894261859432 	0.00046944065222 	190.495189371 	-74.2330466927 	36.6260228395 	-4.88011857441 	-8.145238482e-19
0.378 	0.0834728033473 	1.31382830414e-18 	0.0859168014598 	0.00047062623035 	182.558463424 	-76.6175962656 	36.7056785441 	-4.77131883008 	9.68000995928e-20
0.378 	0.0849372384937 	1.75571440767e-18 	0.0841821606362 	0.000470983451578 	178.73698185 	-77.8059456763 	36.7452223934 	-4.71629835571 	-1.26478573378e-19
0.378 	0.0864016736402 	2.75444983577e-19 	0.0824659397907 	0.000471179575666 	175.020191981 	-78.9909410612 	36.7845620143 	-4.66086390998 	-4.28830108378e-20
0.378 	0.0878661087866 	1.12300976204e-18 	0.0807718241786 	0.000471212337727 	171.412795701 	-80.1720276474 	36.8236860547 	-4.60501548995 	-5.10254504906e-19
0.378 	0.0893305439331 	-2.59653330915e-19 	0.0791033182425 	0.000471079839154 	167.919133166 	-81.3486501457 	36.8625829294 	-4.54875327865 	-1.21715159576e-19
0.378 	0.0907949790795 	-2.31277328178e-18 	0.0774636693337 	0.000470780262594 	164.543154182 	-82.5202536315 	36.9012410699 	-4.49207770443 	2.26845683793e-19
0.378 	0.0922594142259 	1.33112639878e-18 	0.0758557951312 	0.000470311505869 	161.288410308 	-83.6862844478 	36.9396491972 	-4.4349894968 	-1.35121015553e-19
0.378 	0.0937238493724 	2.02711959886e-19 	0.0742822208683 	0.000469670769295 	158.158066723 	-84.8461911544 	36.9777964587 	-4.37748973159 	1.28624291991e-19
0.378 	0.0951882845188 	1.38147960531e-18 	0.0727450300242 	0.000468854088033 	155.154944536 	-85.9994255212 	37.015672474 	-4.31957986752 	2.71895265708e-19
0.378 	0.0966527196653 	1.83166324949e-18 	0.071245827203 	0.000467855794669 	152.281596198 	-87.1454435442 	37.0532674142 	-4.26126177525 	8.49470820176e-19
0.378 	0.0981171548117 	-5.71773368026e-19 	0.0697857085476 	0.000466667872383 	149.540417666 	-88.2837065354 	37.0905721983 	-4.20253776602 	-3.13037969125e-19
0.378 	0.0995815899582 	-7.72111317333e-19 	0.068365234375 	0.000465279169718 	146.933795503 	-89.4136822038 	37.1275788487 	-4.14341062906 	2.56803175645e-19
0.378 	0.101046025105 	-5.64789398667e-19 	0.0669844016008 	0.000463674538495 	144.464265427 	-90.5348457599 	37.1642809918 	-4.08388368974 	-4.21618650034e-19
0.378 	0.102510460251 	-4.00835718303e-19 	0.0656426221606 	0.000461834112783 	142.134633072 	-91.6466810716 	37.2006744619 	-4.02396088405 	-1.54057740664e-19
0.378 	0.103974895397 	6.60530328243e-19 	0.0643387244374 	0.000459733165392 	139.947972608 	-92.7486817191 	37.2367583022 	-3.9636468564 	-2.79233350239e-19
0.378 	0.105439330544 	5.59427146432e-19 	0.0630709879077 	0.000457343075414 	137.907385721 	-93.8403521521 	37.2725370548 	-3.90294709252 	4.32055638487e-19
0.378 	0.10690376569 	1.17408321587e-18 	0.061837186298 	0.000454633722175 	136.015397191 	-94.9212088494 	37.3080244149 	-3.84186802043 	-1.45892356052e-19
0.378 	0.108368200837 	-8.24796635352e-20 	0.0606345898132 	0.00045157714693 	134.272937028 	-95.9907813955 	37.3432442585 	-3.78041682268 	8.36264271429e-21
0.378 	0.109832635983 	-7.38343666299e-19 	0.0594599248575 	0.000448151927874 	132.67805215 	-97.0486130273 	37.37822049 	-3.71860059706 	-1.35063586738e-19
0.378 	0.11129707113 	3.4267370338e-19 	0.0583093947682 	0.000444347605253 	131.224730546 	-98.0942600365 	37.4129505388 	-3.65642485037 	-3.01193804825e-19
0.378 	0.112761506276 	-6.16360178875e-20 	0.0583093947682 	0.000444347605253 	131.224730546 	-98.0942600365 	37.4129505388 	-3.65642485037 	-3.01193804825e-19
0.378 	0.114225941423 	-1.12764022662e-18 	0.057178890727 	0.000440168411056 	129.902303961 	-99.127290383 	37.4473733207 	-3.59389210383 	5.99707799334e-19
0.378 	0.115690376569 	8.31806184421e-20 	0.0560643561182 	0.000435635154745 	128.695665415 	-100.14728261 	37.481359255 	-3.53100189052 	-1.69488994764e-19
0.378 	0.117154811715 	-9.39543026198e-19 	0.054962035715 	0.000430783793057 	127.586126964 	-101.153826644 	37.5147447649 	-3.46775275601 	-9.86360396834e-20
0.378 	0.118619246862 	5.49716934222e-19 	0.0538683497775 	0.000425660019083 	126.552523992 	-102.146526637 	37.5474004321 	-3.40414526792 	-9.82173917201e-20
0.378 	0.120083682008 	-3.25991037852e-19 	0.0527794764065 	0.000420311311912 	125.572343429 	-103.125004623 	37.5792882074 	-3.34018400305 	-1.69903269095e-20
0.378 	0.121548117155 	-5.46624472791e-19 	0.0527794764065 	0.000420311311912 	125.572343429 	-103.125004623 	37.5792882074 	-3.34018400305 	-1.69903269095e-20
0.378 	0.123012552301 	-9.40420467177e-19 	0.0516910682996 	0.00041477966573 	124.622956645 	-104.088903477 	37.6104656542 	-3.27587720636 	3.5180159205e-19
0.378 	0.124476987448 	9.1658769054e-19 	0.050598488306 	0.000409097893911 	123.683081871 	-105.037888757 	37.6410364816 	-3.2112346643 	-1.37310009606e-19
0.378 	0.125941422594 	7.95856407e-19 	0.0494975643964 	0.00040329021972 	122.734353515 	-105.971649918 	37.6710874745 	-3.14626551787 	7.93123054474e-20
0.378 	0.127405857741 	8.31189066529e-19 	0.0483855146298 	0.000397375694531 	121.762642496 	-106.889901306 	37.7006545763 	-3.08097730599 	4.95656447696e-20
0.378 	0.128870292887 	4.52904561416e-19 	0.0483855146298 	0.000397375694531 	121.762642496 	-106.889901306 	37.7006545763 	-3.08097730599 	4.95656447696e-20
0.378 	0.130334728033 	6.59758772686e-19 	0.0472616447927 	0.000391372272032 	120.75879711 	-107.792382734 	37.7297291157 	-3.0153762659 	-3.25669559063e-19
0.378 	0.13179916318 	1.37378238316e-18 	0.0461276250853 	0.000385300037116 	119.718714357 	-108.67885951 	37.7582841968 	-2.94946811641 	2.82503089888e-19
0.378 	0.133263598326 	4.69188536512e-19 	0.0449873775874 	0.000379183106842 	118.6428846 	-109.549122207 	37.7862962499 	-2.88325865196 	-1.58278860465e-19
0.378 	0.134728033473 	-2.29283264972e-20 	0.0449873775874 	0.000379183106842 	118.6428846 	-109.549122207 	37.7862962499 	-2.88325865196 	-1.58278860465e-19
0.378 	0.136192468619 	4.08128642948e-20 	0.0438466976189 	0.000373050280626 	117.535624274 	-110.402986738 	37.8137518975 	-2.81675396728 	2.88539427338e-19
0.378 	0.137656903766 	-7.09558387694e-19 	0.0427127108278 	0.000366934597299 	116.404152517 	-111.240294943 	37.8406450894 	-2.74996044461 	-2.23583479945e-19
0.378 	0.139121338912 	2.36086043289e-19 	0.0415932324109 	0.000360871942271 	115.25759567 	-112.060915528 	37.866972813 	-2.68288465501 	2.1170743817e-19
0.378 	0.140585774059 	-5.43207189266e-19 	0.0415932324109 	0.000360871942271 	115.25759567 	-112.060915528 	37.866972813 	-2.68288465501 	2.1170743817e-19
0.378 	0.142050209205 	1.954514351e-19 	0.0404960937033 	0.000354898951337 	114.105982987 	-112.864745002 	37.8927332317 	-2.61553323571 	-3.11313441732e-19
0.378 	0.143514644351 	1.71997388285e-19 	0.0394285163186 	0.000349050607591 	112.959311518 	-113.651708464 	37.917925698 	-2.54791275394 	1.76924976641e-19
0.378 	0.144979079498 	-3.244727581e-20 	0.0383966141911 	0.000343357990898 	111.826767423 	-114.421760228 	37.9425509954 	-2.48002955879 	-3.76716966944e-20
0.378 	0.146443514644 	-5.62658867552e-20 	0.0383966141911 	0.000343357990898 	111.826767423 	-114.421760228 	37.9425509954 	-2.48002955879 	-3.76716966944e-20
0.378 	0.147907949791 	-1.74784179889e-18 	0.0374050802694 	0.000337846573068 	110.716174889 	-115.17488432 	37.9666110747 	-2.41188963763 	3.09542070369e-19
0.378 	0.149372384937 	2.69608693176e-19 	0.0364570766418 	0.000332535294382 	109.633705828 	-115.911094885 	37.9901084706 	-2.3434984966 	-2.80182581452e-19
0.378 	0.150836820084 	-1.03812092653e-18 	0.0364570766418 	0.000332535294382 	109.633705828 	-115.911094885 	37.9901084706 	-2.3434984966 	-2.80182581452e-19
0.378 	0.15230125523 	-9.64672158297e-19 	0.035554307946 	0.000327436466381 	108.583837161 	-116.630436505 	38.0130458267 	-2.27486108016 	6.86424846475e-20
0.378 	0.153765690377 	-3.35926458439e-20 	0.0346972285377 	0.000322556373127 	107.569502352 	-117.332984414 	38.0354257533 	-2.20598172636 	2.10070101081e-19
0.378 	0.155230125523 	-3.31168876469e-19 	0.0346972285377 	0.000322556373127 	107.569502352 	-117.332984414 	38.0354257533 	-2.20598172636 	2.10070101081e-19
0.378 	0.156694560669 	-9.3827699362e-19 	0.0338853204585 	0.000317896329841 	106.592361338 	-118.01884467 	38.0572509866 	-2.13686414155 	-1.55079796628e-19
0.378 	0.158158995816 	-8.0923569531e-20 	0.0331173827093 	0.000313453925306 	105.653112102 	-118.688154218 	38.0785246731 	-2.06751136949 	-6.54730296014e-20
0.378 	0.159623430962 	1.30951930532e-19 	0.0331173827093 	0.000313453925306 	105.653112102 	-118.688154218 	38.0785246731 	-2.06751136949 	-6.54730296014e-20
0.378 	0.161087866109 	2.85076156104e-19 	0.0323917883762 	0.000309224216431 	104.751784159 	-119.341080995 	38.0992506156 	-1.99792575044 	2.3276820664e-19
0.378 	0.162552301255 	1.0263892162e-18 	0.0323917883762 	0.000309224216431 	104.751784159 	-119.341080995 	38.0992506156 	-1.99792575044 	2.3276820664e-19
0.378 	0.164016736402 	-1.26015870646e-18 	0.0317066868528 	0.000305200727579 	103.887979246 	-119.977823872 	38.1194334069 	-1.92810885562 	-4.98234659573e-19
0.378 	0.165481171548 	5.93361601688e-19 	0.0310601468539 	0.00030137619763 	103.061048279 	-120.59861277 	38.1390784699 	-1.85806142789 	2.57782668708e-19
0.378 	0.166945606695 	-9.80579953861e-20 	0.0310601468539 	0.00030137619763 	103.061048279 	-120.59861277 	38.1390784699 	-1.85806142789 	2.57782668708e-19
0.378 	0.168410041841 	3.5618377763e-19 	0.0304502477081 	0.000297743084836 	102.27020965 	-121.203708415 	38.1581920483 	-1.78778329092 	1.43550500979e-21
0.378 	0.169874476987 	8.43099199307e-19 	0.0298751318517 	0.000294293877728 	101.51462233 	-121.793402627 	38.1767811886 	-1.71727330305 	-1.5093880088e-19
0.378 	0.171338912134 	9.4532284356e-19 	0.0298751318517 	0.000294293877728 	101.51462233 	-121.793402627 	38.1767811886 	-1.71727330305 	-1.5093880088e-19
0.378 	0.17280334728 	1.00526696596e-18 	0.0293330308002 	0.000291021242829 	100.793435266 	-122.368017606 	38.194853721 	-1.64652923042 	-2.9264004897e-20
0.378 	0.174267782427 	-7.2592415953e-19 	0.0293330308002 	0.000291021242829 	100.793435266 	-122.368017606 	38.194853721 	-1.64652923042 	-2.9264004897e-20
0.378 	0.175732217573 	-6.60592841489e-19 	0.0288222762217 	0.000287918168354 	100.105791817 	-122.927906826 	38.2124182504 	-1.57554775225 	1.75248721626e-19
0.378 	0.17719665272 	6.99891670692e-19 	0.0283413014471 	0.000284977965005 	99.4508520915 	-123.473453068 	38.229484135 	-1.50432423704 	1.20242913168e-19
0.378 	0.178661087866 	3.36403684683e-19 	0.0283413014471 	0.000284977965005 	99.4508520915 	-123.473453068 	38.229484135 	-1.50432423704 	1.20242913168e-19
0.378 	0.180125523013 	1.33474609376e-19 	0.0278886396447 	0.000282194281871 	98.8277985643 	-124.005071228 	38.2460614891 	-1.43285289825 	-8.15795665243e-20
0.378 	0.181589958159 	2.96297302436e-19 	0.0278886396447 	0.000282194281871 	98.8277985643 	-124.005071228 	38.2460614891 	-1.43285289825 	-8.15795665243e-20
0.378 	0.183054393305 	-9.40349425766e-19 	0.0274629189026 	0.000279561100986 	98.235837553 	-124.523202932 	38.2621611407 	-1.36112630511 	5.57242890459e-20
0.378 	0.184518828452 	1.04044104458e-19 	0.0274629189026 	0.000279561100986 	98.235837553 	-124.523202932 	38.2621611407 	-1.36112630511 	5.57242890459e-20
0.378 	0.185983263598 	1.01523575668e-18 	0.0270628589937 	0.000277072738628 	97.6742032713 	-125.028324807 	38.2777946633 	-1.28913596474 	-2.18437278787e-19
0.378 	0.187447698745 	5.58367787438e-20 	0.0270628589937 	0.000277072738628 	97.6742032713 	-125.028324807 	38.2777946633 	-1.28913596474 	-2.18437278787e-19
0.378 	0.188912133891 	-1.53802829324e-18 	0.0266872645082 	0.000274723823336 	97.1421560176 	-125.520933825 	38.2929742765 	-1.21687111075 	1.12515572265e-19
0.378 	0.190376569038 	1.57056644916e-18 	0.026335024183 	0.000272509306957 	96.6389899747 	-126.001570711 	38.3077129656 	-1.14432045939 	7.51376193457e-20
0.378 	0.191841004184 	-2.17034872983e-20 	0.026335024183 	0.000272509306957 	96.6389899747 	-126.001570711 	38.3077129656 	-1.14432045939 	7.51376193457e-20
0.378 	0.193305439331 	-1.08185693194e-18 	0.0260051009914 	0.000270424421094 	96.1640257421 	-126.470780202 	38.3220242248 	-1.07146905489 	-1.09943773968e-19
0.378 	0.194769874477 	3.09706973176e-20 	0.0260051009914 	0.000270424421094 	96.1640257421 	-126.470780202 	38.3220242248 	-1.07146905489 	-1.09943773968e-19
0.378 	0.196234309623 	6.02528132721e-19 	0.0256965381371 	0.000268464724478 	95.7166279 	-126.929175212 	38.3359224198 	-0.99830317446 	7.56758416316e-20
0.378 	0.19769874477 	1.0803478393e-19 	0.0256965381371 	0.000268464724478 	95.7166279 	-126.929175212 	38.3359224198 	-0.99830317446 	7.56758416316e-20
0.378 	0.199163179916 	-1.63356207958e-18 	0.0254084405549 	0.000266626007949 	95.2961819079 	-127.377330887 	38.3494221139 	-0.924802053655 	9.35351437792e-20
0.378 	0.200627615063 	4.05427741161e-19 	0.0254084405549 	0.000266626007949 	95.2961819079 	-127.377330887 	38.3494221139 	-0.924802053655 	9.35351437792e-20
0.378 	0.202092050209 	1.55135837218e-18 	0.0251399965851 	0.000264904433018 	94.9021362107 	-127.81595521 	38.3625390866 	-0.850951015421 	-1.35307772228e-19
0.378 	0.203556485356 	-4.06005159298e-19 	0.0251399965851 	0.000264904433018 	94.9021362107 	-127.81595521 	38.3625390866 	-0.850951015421 	-1.35307772228e-19
0.378 	0.205020920502 	-1.68636758604e-20 	0.0248904366799 	0.000263296301294 	94.5339397383 	-128.245612393 	38.3752885883 	-0.776719999551 	2.62704974371e-20
0.378 	0.206485355649 	-3.44266715138e-19 	0.0248904366799 	0.000263296301294 	94.5339397383 	-128.245612393 	38.3752885883 	-0.776719999551 	2.62704974371e-20
0.378 	0.207949790795 	-1.45265392048e-19 	0.024659092724 	0.000261798414172 	94.1911462759 	-128.667165262 	38.3876880751 	-0.702097678241 	3.38426213466e-20
0.378 	0.209414225941 	4.17244878504e-19 	0.024659092724 	0.000261798414172 	94.1911462759 	-128.667165262 	38.3876880751 	-0.702097678241 	3.38426213466e-20
0.378 	0.210878661088 	1.25319160473e-19 	0.0244452998655 	0.000260407502387 	93.8732549617 	-129.081068407 	38.3997527202 	-0.627036771566 	-1.22288251921e-19
0.378 	0.212343096234 	2.56635871836e-19 	0.0244452998655 	0.000260407502387 	93.8732549617 	-129.081068407 	38.3997527202 	-0.627036771566 	-1.22288251921e-19
0.378 	0.213807531381 	7.60195534389e-19 	0.0242485457031 	0.000259121119168 	93.5799667007 	-129.488485484 	38.4115024817 	-0.551540224373 	1.11673368204e-19
0.378 	0.215271966527 	2.30799744672e-21 	0.0242485457031 	0.000259121119168 	93.5799667007 	-129.488485484 	38.4115024817 	-0.551540224373 	1.11673368204e-19
0.378 	0.216736401674 	2.32807092973e-19 	0.0240682357759 	0.000257936252513 	93.3107911021 	-129.889533147 	38.4229508154 	-0.475525538691 	8.64267436052e-20
0.378 	0.21820083682 	1.74900972341e-18 	0.0240682357759 	0.000257936252513 	93.3107911021 	-129.889533147 	38.4229508154 	-0.475525538691 	8.64267436052e-20
0.378 	0.219665271967 	9.57313691065e-20 	0.0239040525443 	0.000256851474306 	93.0656622036 	-130.286015187 	38.4341222774 	-0.399035813351 	-1.84352399542e-19
0.378 	0.221129707113 	-1.33353906708e-19 	0.0239040525443 	0.000256851474306 	93.0656622036 	-130.286015187 	38.4341222774 	-0.399035813351 	-1.84352399542e-19
0.378 	0.222594142259 	1.66822419769e-19 	0.0237554047093 	0.000255863649879 	92.8439999996 	-130.677193067 	38.445024942 	-0.321912900705 	1.51367386253e-19
0.378 	0.224058577406 	4.5206022781e-19 	0.0237554047093 	0.000255863649879 	92.8439999996 	-130.677193067 	38.445024942 	-0.321912900705 	1.51367386253e-19
0.378 	0.225523012552 	6.022053795e-19 	0.0236222645619 	0.000254972967964 	92.646152847 	-131.066276011 	38.4556930381 	-0.244298935918 	-1.79261230905e-19
0.378 	0.226987447699 	9.22567772711e-20 	0.0236222645619 	0.000254972967964 	92.646152847 	-131.066276011 	38.4556930381 	-0.244298935918 	-1.79261230905e-19
0.378 	0.228451882845 	5.69213001373e-19 	0.0235039031246 	0.000254175335121 	92.4712191818 	-131.450533114 	38.4661211303 	-0.16587124694 	-4.05260679523e-20
0.378 	0.229916317992 	5.96787626246e-19 	0.0235039031246 	0.000254175335121 	92.4712191818 	-131.450533114 	38.4661211303 	-0.16587124694 	-4.05260679523e-20
0.378 	0.231380753138 	1.12904284461e-18 	0.0235039031246 	0.000254175335121 	92.4712191818 	-131.450533114 	38.4661211303 	-0.16587124694 	-4.05260679523e-20
0.378 	0.232845188285 	1.79617374561e-19 	0.0234007930235 	0.000253473849982 	92.3203439928 	-131.836240134 	38.4763647531 	-0.0870002270372 	4.4755576913e-20
0.378 	0.234309623431 	-2.25182546558e-19 	0.0234007930235 	0.000253473849982 	92.3203439928 	-131.836240134 	38.4763647531 	-0.0870002270372 	4.4755576913e-20
0.378 	0.235774058577 	-2.90695387176e-19 	0.0233117679781 	0.000252861646538 	92.1917906385 	-132.216236443 	38.4863869117 	-0.00700745406685 	-6.76703626051e-20
0.378 	0.237238493724 	-1.11656918006e-19 	0.0233117679781 	0.000252861646538 	92.1917906385 	-132.216236443 	38.4863869117 	-0.00700745406685 	-6.76703626051e-20
0.378 	0.23870292887 	-2.40132078154e-19 	0.0232382482991 	0.000252347458957 	92.0882991853 	-132.603400247 	38.4962908463 	0.0732320769099 	-7.53618297153e-20
0.378 	0.240167364017 	2.91051767758e-19 	0.0232382482991 	0.000252347458957 	92.0882991853 	-132.603400247 	38.4962908463 	0.0732320769099 	-7.53618297153e-20
0.378 	0.241631799163 	5.59542897825e-19 	0.0231780052425 	0.000251917836734 	92.0062094174 	-132.981069994 	38.5059683711 	0.155151652689 	-5.83438139716e-20
0.378 	0.24309623431 	1.03553346747e-18 	0.0231780052425 	0.000251917836734 	92.0062094174 	-132.981069994 	38.5059683711 	0.155151652689 	-5.83438139716e-20
0.378 	0.244560669456 	-4.90722890569e-19 	0.0231780052425 	0.000251917836734 	92.0062094174 	-132.981069994 	38.5059683711 	0.155151652689 	-5.83438139716e-20
0.378 	0.246025104603 	1.25065414249e-18 	0.0231343232993 	0.000251592715381 	91.9514830321 	-133.375843825 	38.5156280724 	0.2368082605 	2.42393432642e-21
0.378 	0.247489539749 	-7.59832362055e-19 	0.0231343232993 	0.000251592715381 	91.9514830321 	-133.375843825 	38.5156280724 	0.2368082605 	2.42393432642e-21
0.378 	0.248953974895 	7.54635270372e-19 	0.0231026463048 	0.000251344329127 	91.9163220633 	-133.751683655 	38.5250060359 	0.321182020567 	3.72005921494e-21
0.378 	0.250418410042 	3.30890805707e-19 	0.0231026463048 	0.000251344329127 	91.9163220633 	-133.751683655 	38.5250060359 	0.321182020567 	3.72005921494e-21
0.378 	0.251882845188 	2.37076376761e-20 	0.0231026463048 	0.000251344329127 	91.9163220633 	-133.751683655 	38.5250060359 	0.321182020567 	3.72005921494e-21
0.378 	0.253347280335 	-7.87708101152e-19 	0.0230899296664 	0.000251214758326 	91.913109804 	-134.162506083 	38.534527846 	0.40416191175 	-6.2666701286e-20
0.378 	0.254811715481 	-6.31532016321e-19 	0.0230899296664 	0.000251214758326 	91.913109804 	-134.162506083 	38.534527846 	0.40416191175 	-6.2666701286e-20
0.378 	0.256276150628 	4.3112327461e-19 	0.0230868057313 	0.000251146745044 	91.9255621936 	-134.534245686 	38.5436203752 	0.491801206573 	1.66400803193e-20
0.378 	0.257740585774 	3.85699857429e-19 	0.0230868057313 	0.000251146745044 	91.9255621936 	-134.534245686 	38.5436203752 	0.491801206573 	1.66400803193e-20
0.378 	0.259205020921 	-1.09554317663e-18 	0.0231074123495 	0.000251225707567 	91.9786934757 	-134.973467349 	38.5531601069 	0.575721758307 	-3.90989160377e-20
0.378 	0.260669456067 	1.11731165918e-18 	0.0231074123495 	0.000251225707567 	91.9786934757 	-134.973467349 	38.5531601069 	0.575721758307 	-3.90989160377e-20
0.378 	0.262133891213 	9.85141307062e-19 	0.0231074123495 	0.000251225707567 	91.9786934757 	-134.973467349 	38.5531601069 	0.575721758307 	-3.90989160377e-20
0.378 	0.26359832636 	1.63179970418e-19 	0.0231327375055 	0.000251335420327 	92.0393053848 	-135.334084058 	38.5619364954 	0.6679165012 	1.41704858465e-20
0.378 	0.265062761506 	3.91250529142e-19 	0.0231327375055 	0.000251335420327 	92.0393053848 	-135.334084058 	38.5619364954 	0.6679165012 	1.41704858465e-20
0.378 	0.266527196653 	1.60630288084e-21 	0.0231907838397 	0.000251644671425 	92.1568643134 	-135.820185004 	38.5716971776 	0.751877617829 	2.15680929782e-20
0.378 	0.267991631799 	1.661972884e-19 	0.0231907838397 	0.000251644671425 	92.1568643134 	-135.820185004 	38.5716971776 	0.751877617829 	2.15680929782e-20
0.378 	0.269456066946 	1.01319097432e-19 	0.0231907838397 	0.000251644671425 	92.1568643134 	-135.820185004 	38.5716971776 	0.751877617829 	2.15680929782e-20
0.378 	0.270920502092 	4.65443690405e-19 	0.0232436989985 	0.00025192211875 	92.2654156522 	-136.15551812 	38.5800285227 	0.850683099749 	2.40909303284e-20
0.378 	0.272384937238 	3.1226104365e-19 	0.0232436989985 	0.00025192211875 	92.2654156522 	-136.15551812 	38.5800285227 	0.850683099749 	2.40909303284e-20
0.378 	0.273849372385 	-3.4106400705e-19 	0.0233450460876 	0.000252488343484 	92.4598964271 	-136.715496535 	38.5903012273 	0.932941548115 	-2.15909469006e-20
0.378 	0.275313807531 	-4.31236138525e-19 	0.0233450460876 	0.000252488343484 	92.4598964271 	-136.715496535 	38.5903012273 	0.932941548115 	-2.15909469006e-20
0.378 	0.276778242678 	-6.47925121431e-19 	0.0233450460876 	0.000252488343484 	92.4598964271 	-136.715496535 	38.5903012273 	0.932941548115 	-2.15909469006e-20
0.378 	0.278242677824 	-1.46092949772e-18 	0.0234196722505 	0.000252881931485 	92.6110936949 	-137.00183343 	38.5979490603 	1.04157366999 	-5.40879028793e-20
0.378 	0.279707112971 	1.35156490881e-19 	0.0234196722505 	0.000252881931485 	92.6110936949 	-137.00183343 	38.5979490603 	1.04157366999 	-5.40879028793e-20
0.378 	0.281171548117 	5.57894390046e-19 	0.0234196722505 	0.000252881931485 	92.6110936949 	-137.00183343 	38.5979490603 	1.04157366999 	-5.40879028793e-20
0.378 	0.282635983264 	-1.62690993572e-19 	0.0235623160273 	0.000253655967306 	92.8908406039 	-137.673140874 	38.6091340967 	1.11910793098 	-1.7682296294e-20
0.378 	0.28410041841 	-1.20501991901e-18 	0.0235623160273 	0.000253655967306 	92.8908406039 	-137.673140874 	38.6091340967 	1.11910793098 	-1.7682296294e-20
0.378 	0.285564853556 	8.80089334331e-19 	0.023616605873 	0.000253830371401 	93.0408987019 	-137.876220435 	38.6156609396 	1.24242362237 	-7.12544905945e-20
0.378 	0.287029288703 	-1.10353100509e-19 	0.023616605873 	0.000253830371401 	93.0408987019 	-137.876220435 	38.6156609396 	1.24242362237 	-7.12544905945e-20
0.378 	0.288493723849 	-9.93563527697e-19 	0.023616605873 	0.000253830371401 	93.0408987019 	-137.876220435 	38.6156609396 	1.24242362237 	-7.12544905945e-20
0.378 	0.289958158996 	-6.60443208924e-19 	0.023688768076 	0.000247781050069 	93.3433688472 	-138.706244914 	38.6280940194 	1.31048230663 	-5.05988276528e-21
0.378 	0.291422594142 	-2.58611666197e-19 	0.023688768076 	0.000247781050069 	93.3433688472 	-138.706244914 	38.6280940194 	1.31048230663 	-5.05988276528e-21
0.378 	0.292887029289 	1.49277520321e-19 	0.023688768076 	0.000247781050069 	93.3433688472 	-138.706244914 	38.6280940194 	1.31048230663 	-5.05988276528e-21
0.378 	0.294351464435 	9.97332317021e-20 	0.0234553039561 	0.000223415091967 	93.2825911553 	-138.786728556 	38.6328354227 	1.45536738021 	-5.41823379323e-20
0.378 	0.295815899582 	-8.80786474171e-19 	0.0234553039561 	0.000223415091967 	93.2825911553 	-138.786728556 	38.6328354227 	1.45536738021 	-5.41823379323e-20
0.378 	0.297280334728 	-8.09688994379e-19 	0.0234553039561 	0.000223415091967 	93.2825911553 	-138.786728556 	38.6328354227 	1.45536738021 	-5.41823379323e-20
0.378 	0.298744769874 	6.03037651479e-19 	0.0231280890525 	0.00019041767946 	93.3378529238 	-139.823444264 	38.6473653399 	1.50724949327 	-6.40473633529e-20
0.378 	0.300209205021 	-4.91423180091e-20 	0.0231280890525 	0.00019041767946 	93.3378529238 	-139.823444264 	38.6473653399 	1.50724949327 	-6.40473633529e-20
0.378 	0.301673640167 	-1.86016907874e-19 	0.0225088416543 	0.00020272767844 	92.3104150101 	-139.743431946 	38.6505736689 	1.68270970463 	-6.43945148155e-20
0.378 	0.303138075314 	9.99169994582e-19 	0.0225088416543 	0.00020272767844 	92.3104150101 	-139.743431946 	38.6505736689 	1.68270970463 	-6.43945148155e-20
0.378 	0.30460251046 	-2.33571605181e-19 	0.0225088416543 	0.00020272767844 	92.3104150101 	-139.743431946 	38.6505736689 	1.68270970463 	-6.43945148155e-20
0.378 	0.306066945607 	-1.34258916797e-19 	0.0221310370388 	0.000179933688663 	92.1619797336 	-141.012570413 	38.6673416664 	1.71003339656 	-5.2807909741e-20
0.378 	0.307531380753 	5.94319361388e-19 	0.0221310370388 	0.000179933688663 	92.1619797336 	-141.012570413 	38.6673416664 	1.71003339656 	-5.2807909741e-20
0.378 	0.3089958159 	-1.03950305209e-18 	0.0221310370388 	0.000179933688663 	92.1619797336 	-141.012570413 	38.6673416664 	1.71003339656 	-5.2807909741e-20
0.378 	0.310460251046 	-3.14504564393e-19 	0.0218418820798 	0.000183370833129 	92.4001342115 	-140.784243545 	38.6683030293 	1.9260111888 	-2.28122865475e-20
0.378 	0.311924686192 	1.05389725356e-18 	0.0218418820798 	0.000183370833129 	92.4001342115 	-140.784243545 	38.6683030293 	1.9260111888 	-2.28122865475e-20
0.378 	0.313389121339 	-8.36373374036e-19 	0.0218418820798 	0.000183370833129 	92.4001342115 	-140.784243545 	38.6683030293 	1.9260111888 	-2.28122865475e-20
0.378 	0.314853556485 	-5.11714915992e-19 	0.0217651266576 	0.000173708927855 	93.56025216 	-142.279340674 	38.6894099303 	1.92053417243 	8.86778357872e-20
0.378 	0.316317991632 	-1.89411608707e-19 	0.0217651266576 	0.000173708927855 	93.56025216 	-142.279340674 	38.6894099303 	1.92053417243 	8.86778357872e-20
0.378 	0.317782426778 	-8.90605993227e-19 	0.0217651266576 	0.000173708927855 	93.56025216 	-142.279340674 	38.6894099303 	1.92053417243 	8.86778357872e-20
0.378 	0.319246861925 	1.02733909375e-18 	0.021690895412 	0.000173743625231 	94.9858381195 	-141.954544384 	38.6953289097 	2.18689981133 	1.82445246333e-20
0.378 	0.320711297071 	-6.37531429025e-19 	0.021690895412 	0.000173743625231 	94.9858381195 	-141.954544384 	38.6953289097 	2.18689981133 	1.82445246333e-20
0.378 	0.322175732218 	4.28365344882e-19 	0.021690895412 	0.000173743625231 	94.9858381195 	-141.954544384 	38.6953289097 	2.18689981133 	1.82445246333e-20
0.378 	0.323640167364 	6.02523560212e-19 	0.0213313672266 	0.00021898696615 	95.1970527896 	-145.000125704 	38.7021147204 	2.13362404109 	2.45875196067e-20
0.378 	0.32510460251 	-1.72467290448e-19 	0.0213313672266 	0.00021898696615 	95.1970527896 	-145.000125704 	38.7021147204 	2.13362404109 	2.45875196067e-20
0.378 	0.326569037657 	-5.91846692705e-19 	0.0213313672266 	0.00021898696615 	95.1970527896 	-145.000125704 	38.7021147204 	2.13362404109 	2.45875196067e-20
0.378 	0.328033472803 	-7.46433487593e-19 	0.0213209942984 	0.000180686969101 	96.4318312372 	-144.72200212 	38.9817308675 	2.47109293505 	-1.03250857009e-19
0.378 	0.32949790795 	9.86142798587e-19 	0.0213209942984 	0.000180686969101 	96.4318312372 	-144.72200212 	38.9817308675 	2.47109293505 	-1.03250857009e-19
0.378 	0.330962343096 	-4.61771827088e-21 	0.0213209942984 	0.000180686969101 	96.4318312372 	-144.72200212 	38.9817308675 	2.47109293505 	-1.03250857009e-19
0.378 	0.332426778243 	1.97027253848e-19 	0.0211734827133 	0.0002196303571 	96.4050825801 	-146.360948703 	38.5193448794 	2.35907202251 	1.23245850775e-19
0.378 	0.333891213389 	3.99590094627e-19 	0.0211734827133 	0.0002196303571 	96.4050825801 	-146.360948703 	38.5193448794 	2.35907202251 	1.23245850775e-19
0.378 	0.335355648536 	1.31119426664e-18 	0.0211734827133 	0.0002196303571 	96.4050825801 	-146.360948703 	38.5193448794 	2.35907202251 	1.23245850775e-19
