0.273 	0.0424686192469 	-1.46052025244e-18 	12.8136032995 	0.000223224691392 	57402.266835 	-429.223247318 	14.019741429 	-4.14936639736 	-1.36555438531e-17
0.273 	0.0439330543933 	4.09218458283e-20 	13.3328301529 	0.00052579243912 	22027.4783372 	-432.636927149 	28.5409612511 	-7.61844906205 	9.1060376745e-18
0.273 	0.0453974895397 	2.58422641617e-18 	7.20267551585 	0.000715039160785 	8865.81918628 	-436.567648134 	36.2414572088 	-9.10644276074 	1.59129646823e-19
0.273 	0.0468619246862 	1.08961767827e-18 	4.69325204917 	0.00104984808693 	4091.24764064 	-439.820441298 	39.0336399799 	-9.42001103349 	2.79513101306e-18
0.273 	0.0483263598326 	-1.55972647236e-19 	3.73720266404 	0.00130228178006 	2317.66911857 	-442.877559176 	40.6045794075 	-9.43289794988 	-8.26338608775e-18
0.273 	0.0497907949791 	-1.02562971709e-18 	3.30751246927 	0.0014177032049 	1798.66155962 	-445.203797398 	41.6007264752 	-9.3618824952 	-4.10973675731e-18
0.273 	0.0512552301255 	4.80140115485e-18 	2.93692351047 	0.00144906278329 	1538.35909365 	-447.269222669 	42.4736079721 	-9.25357723457 	-7.34788048451e-19
0.273 	0.052719665272 	4.3286993993e-18 	2.52633626831 	0.00139533504333 	1368.92264875 	-449.02185127 	43.2778380599 	-9.12032664895 	-5.66110453906e-18
0.273 	0.0541841004184 	1.8196664067e-18 	2.04425174658 	0.00126046131186 	1230.43533515 	-450.40732952 	44.0301529337 	-8.96624232926 	-7.21495368754e-18
0.273 	0.0556485355649 	-1.57896273496e-18 	1.62015255927 	0.00110699127235 	1127.6696267 	-451.211467915 	44.5882067138 	-8.82728975085 	3.96105331356e-18
0.273 	0.0571129707113 	-8.31687819624e-20 	1.20222662366 	0.000940952119382 	1029.94993627 	-451.70844551 	45.0866621209 	-8.67109239013 	1.1411331033e-18
0.273 	0.0585774058577 	-6.70830617547e-19 	0.82034471535 	0.000785048622552 	923.466081791 	-451.871056671 	45.4838984726 	-8.49034586855 	7.39571014442e-19
0.273 	0.0600418410042 	7.08180400701e-19 	0.495735173231 	0.000579008473859 	780.305885484 	-451.711349783 	45.6923165847 	-8.26980939547 	2.2512839474e-19
0.273 	0.0615062761506 	1.25337991094e-19 	0.317399416126 	0.000398641915072 	644.98430325 	-451.383089726 	45.7011545524 	-8.07672675924 	3.57404171012e-18
0.273 	0.0629707112971 	-7.51436969474e-19 	0.212981722399 	0.00029206091889 	522.097423472 	-450.846511127 	45.6793490612 	-7.87708329519 	-5.2321487752e-18
0.273 	0.0644351464435 	-9.58981065525e-19 	0.158728819004 	0.000237131192171 	426.353935032 	-449.809879471 	45.6745375531 	-7.61210396308 	4.31134206439e-18
0.273 	0.06589958159 	5.46850212247e-19 	0.147630547789 	0.000232326768038 	393.190918718 	-448.794645138 	45.6758883652 	-7.41248122123 	-2.34939631472e-18
0.273 	0.0673640167364 	-6.29442014516e-19 	0.144775249986 	0.000240534895286 	373.719227455 	-447.576947943 	45.6744174299 	-7.21118559643 	-8.10448881223e-18
0.273 	0.0688284518828 	-3.95656770028e-19 	0.144498490251 	0.000253979478807 	359.126673114 	-446.156095677 	45.6685774075 	-7.00818158056 	5.06990405831e-18
0.273 	0.0702928870293 	1.46042479055e-19 	0.144797407428 	0.000264350420835 	350.456646504 	-445.095258324 	45.6620073203 	-6.87196812872 	-2.82088295081e-18
0.273 	0.0717573221757 	-9.14006547851e-19 	0.145537690864 	0.000281281441802 	338.239063717 	-443.332516227 	45.6479702561 	-6.66647799609 	2.83660629699e-20
0.273 	0.0732217573222 	4.60404235186e-19 	0.146473499166 	0.000299632303444 	326.668280601 	-441.363110266 	45.6287993567 	-6.45977858339 	3.70755572711e-19
0.273 	0.0746861924686 	2.15499072885e-18 	0.147170986273 	0.000312634673482 	319.252878534 	-439.935156987 	45.6131152065 	-6.32141894885 	-5.00693044317e-18
0.273 	0.0761506276151 	1.71964336781e-18 	0.148300866642 	0.000333332134427 	308.539751954 	-437.620726167 	45.5851651847 	-6.11322197967 	-6.60385158906e-19
0.273 	0.0776150627615 	1.78708525582e-18 	0.149096010522 	0.000347961753561 	301.658680576 	-435.96325814 	45.5635547734 	-5.97408617852 	-2.18339392717e-18
0.273 	0.0790794979079 	9.27435824722e-20 	0.149910674741 	0.000363296710132 	294.97903661 	-434.214695441 	45.5395465656 	-5.83476567807 	2.59676079323e-18
0.273 	0.0805439330544 	-3.09176542327e-19 	0.150729538295 	0.000376471317523 	288.495312011 	-432.376010059 	45.5131390449 	-5.69534660839 	-2.75295797757e-18
0.273 	0.0820083682008 	1.68886949201e-18 	0.151944864234 	0.000404922911028 	279.123464519 	-429.449993593 	45.4689735675 	-5.4861661674 	-2.39996651393e-18
0.273 	0.0834728033473 	-7.28666839412e-19 	0.152718620381 	0.000423025810321 	273.105177331 	-427.389362721 	45.4365492079 	-5.34681540966 	5.60494195242e-20
0.273 	0.0849372384937 	4.95422087913e-21 	0.153447600265 	0.000442024471439 	267.265561828 	-425.242107099 	45.4017533312 	-5.20763106037 	2.73849641103e-18
0.273 	0.0864016736402 	2.28920762804e-19 	0.154120167253 	0.000461999632394 	261.602158608 	-423.009660338 	45.3646323829 	-5.0686982118 	1.37152071845e-18
0.273 	0.0878661087866 	1.10497221241e-18 	0.154725247226 	0.000482988185953 	256.113574621 	-420.693661284 	45.3252161291 	-4.93009587404 	-3.88086281826e-18
0.273 	0.0893305439331 	1.71319923799e-18 	0.155254385035 	0.000505153123729 	250.799579868 	-418.296235 	45.2835711962 	-4.79190063912 	5.30602194859e-18
0.273 	0.0907949790795 	8.56155525676e-19 	0.155699152075 	0.000528517564022 	245.661142159 	-415.819139223 	45.2397384808 	-4.65419890315 	-2.00035810159e-18
0.273 	0.0922594142259 	-1.34734764376e-18 	0.155888169571 	0.000540692244524 	243.157725391 	-414.551479352 	45.2170082976 	-4.58555630651 	5.55715113903e-18
0.273 	0.0937238493724 	-2.16774386097e-18 	0.156194563429 	0.000566110653082 	238.28168859 	-411.959371626 	45.169947372 	-4.44873525234 	3.69285449673e-19
0.273 	0.0951882845188 	1.94996935886e-18 	0.156393727213 	0.00059303855227 	233.57841347 	-409.293739688 	45.1207879294 	-4.31259602503 	3.82117811458e-19
0.273 	0.0966527196653 	1.29527831282e-18 	0.15647526598 	0.000621615158682 	229.044769241 	-406.557282685 	45.0695741173 	-4.17721427137 	-1.99624127811e-18
0.273 	0.0981171548117 	6.92288957285e-19 	0.156466741858 	0.000636571909176 	226.840360724 	-405.163357917 	45.0432117945 	-4.10983003701 	-2.50528269326e-18
0.273 	0.0995815899582 	6.54646372886e-19 	0.156345638759 	0.000667953612647 	222.554398152 	-402.325829511 	44.9890348523 	-3.97572412016 	-4.52572240468e-18
0.273 	0.101046025105 	-8.72091201998e-19 	0.156071677279 	0.000707551082841 	218.43150607 	-399.425033834 	44.9330094837 	-3.84256665863 	7.26729256751e-19
0.273 	0.102510460251 	-3.08406546894e-19 	0.15586824535 	0.000720175475223 	216.430926507 	-397.952212946 	44.904364791 	-3.77637584276 	1.57928460045e-18
0.273 	0.103974895397 	1.62530529262e-19 	0.155303918138 	0.000730668704158 	212.550390149 	-394.962438782 	44.8458695465 	-3.64485172502 	-3.51758368986e-18
0.273 	0.105439330544 	4.02312049505e-19 	0.154932866235 	0.000735430184673 	210.669713405 	-393.446981161 	44.8160274825 	-3.57950774144 	-2.79169139093e-19
0.273 	0.10690376569 	2.15814355575e-18 	0.153991570212 	0.00074382857832 	207.025616789 	-390.377015185 	44.7552135086 	-3.44969561631 	-2.70108285492e-18
0.273 	0.108368200837 	-2.4468721975e-19 	0.153411549297 	0.000747395251287 	205.261605599 	-388.823480338 	44.7242762106 	-3.38524325052 	1.06077759198e-18
0.273 	0.109832635983 	-4.20776892796e-19 	0.152006150148 	0.000753074485904 	201.847430756 	-385.681793278 	44.6614118479 	-3.25728288371 	-2.77902662726e-18
0.273 	0.11129707113 	-3.22813847618e-19 	0.151166219354 	0.000755094231318 	200.195171787 	-384.094644109 	44.6295162655 	-3.19379032057 	2.91698538028e-18
0.273 	0.112761506276 	3.55182114105e-19 	0.150219933761 	0.000756480978075 	198.577278365 	-382.497317162 	44.5973447764 	-3.13063353316 	-1.86116205194e-18
0.273 	0.114225941423 	3.6449560661e-19 	0.147948078592 	0.000756989524545 	195.442702699 	-379.274247947 	44.5323931148 	-3.00536949536 	1.94687013958e-18
0.273 	0.115690376569 	-1.15166374135e-18 	0.146598690591 	0.000755925374403 	193.93275521 	-377.649572207 	44.4997964156 	-2.94328471821 	-1.44423310182e-18
0.273 	0.117154811715 	-4.01673596308e-19 	0.145104374814 	0.000753906131822 	192.470081737 	-376.016844672 	44.4672024855 	-2.88157013819 	-1.05501294644e-18
0.273 	0.118619246862 	-1.72211641515e-18 	0.141724961058 	0.000747101409155 	189.699764077 	-372.729412945 	44.4014714698 	-2.75921738964 	-2.57990906966e-18
0.273 	0.120083682008 	3.98665944523e-19 	0.139875366411 	0.000742505390595 	188.382964195 	-371.075857983 	44.3678083703 	-2.69856504426 	3.19640156263e-18
0.273 	0.121548117155 	-3.68037796424e-19 	0.137949967444 	0.000737309771204 	187.099063151 	-369.416545659 	44.3333976412 	-2.63826622093 	-1.81506327621e-18
0.273 	0.123012552301 	7.57588856403e-19 	0.135977140953 	0.000731688225705 	185.840274828 	-367.75208673 	44.2983177097 	-2.5783309862 	-1.30059296702e-18
0.273 	0.124476987448 	1.92802239828e-20 	0.132007762818 	0.000719823733477 	183.389011335 	-364.410161092 	44.2269115332 	-2.45958897153 	-3.26029820493e-19
0.273 	0.125941422594 	8.4619806167e-19 	0.130061055623 	0.000713838545736 	182.199541339 	-362.733911426 	44.1908672538 	-2.40079691554 	-9.31572558365e-19
0.273 	0.127405857741 	5.90776474793e-20 	0.128161652311 	0.000707929511324 	181.03730705 	-361.0549573 	44.1546642423 	-2.34239842891 	-4.14721992666e-19
0.273 	0.128870292887 	4.42357730903e-19 	0.126317786417 	0.000702140578333 	179.90384022 	-359.37392357 	44.1183101684 	-2.28439761242 	6.95932224061e-19
0.273 	0.130334728033 	9.46527095385e-20 	0.124533126341 	0.000696494591899 	178.799846818 	-357.691443083 	44.0818119779 	-2.22679750741 	1.17383861746e-18
0.273 	0.13179916318 	-2.09680453381e-19 	0.122808584798 	0.000691001633272 	177.725462408 	-356.008155884 	44.0451823317 	-2.16960054843 	-7.96641262783e-19
0.273 	0.133263598326 	-1.25127012699e-18 	0.121143604367 	0.000685664839949 	176.680496518 	-354.324708347 	44.0084370826 	-2.11280888116 	-5.20154268439e-19
0.273 	0.134728033473 	-1.21952575881e-19 	0.117986959695 	0.000675456748017 	174.677298053 	-350.959945542 	43.9346653037 	-2.00044886743 	-1.12027237765e-18
0.273 	0.136192468619 	-4.51102784205e-19 	0.116492048863 	0.000670580793533 	173.71814103 	-349.279949743 	43.8976712755 	-1.94488353158 	1.33167241583e-18
0.273 	0.137656903766 	-1.18070532816e-19 	0.115050496441 	0.000665853038109 	172.786620856 	-347.60243213 	43.8606269629 	-1.88972944809 	-2.32690017705e-18
0.273 	0.139121338912 	-5.97442567678e-19 	0.113660637235 	0.000661270418289 	171.882234697 	-345.928064398 	43.8235489525 	-1.83498730978 	-7.71116035843e-19
0.273 	0.140585774059 	1.57687834285e-19 	0.112320846688 	0.000656829852233 	171.004479024 	-344.257522735 	43.7864540109 	-1.78065747915 	1.03296556571e-18
0.273 	0.142050209205 	-1.81659379844e-18 	0.111029545984 	0.000652528270651 	170.152851575 	-342.59148767 	43.7493590724 	-1.72673998506 	9.39916013087e-19
0.273 	0.143514644351 	5.22618513123e-19 	0.109785203123 	0.000648362629289 	169.326852232 	-340.930643936 	43.712281233 	-1.67323451902 	-7.55877042553e-19
0.273 	0.144979079498 	1.14709412211e-18 	0.108586332556 	0.000644329914549 	168.525983512 	-339.275680346 	43.6752377466 	-1.62014043135 	-1.00752792305e-18
0.273 	0.146443514644 	-3.42218700281e-19 	0.107431494325 	0.000640427146626 	167.749750913 	-337.627289691 	43.6382460222 	-1.56745672762 	6.40389686169e-19
0.273 	0.147907949791 	-1.11645183697e-19 	0.106319293044 	0.000636651381728 	166.997663235 	-335.986168648 	43.6013236194 	-1.51518206478 	1.37911048716e-18
0.273 	0.149372384937 	5.46382768702e-19 	0.105248376824 	0.000632999713845 	166.269232863 	-334.353017702 	43.5644882455 	-1.46331474746 	-1.00048286808e-20
0.273 	0.150836820084 	-2.76386692685e-19 	0.104217436164 	0.000629469276203 	165.563976041 	-332.728541092 	43.5277577529 	-1.411852724 	-2.03628679019e-18
0.273 	0.15230125523 	1.33950328975e-20 	0.103225202794 	0.000626057242369 	164.881413086 	-331.11344677 	43.491150136 	-1.36079358242 	9.66567769732e-19
0.273 	0.153765690377 	-1.62931374002e-19 	0.102270448603 	0.000622760827517 	164.221068642 	-329.508446373 	43.4546835292 	-1.31013454655 	2.17374451272e-19
0.273 	0.155230125523 	-1.08298003501e-18 	0.101351984941 	0.000619577290721 	163.582472209 	-327.914255217 	43.4183762045 	-1.25987247187 	-5.4073931472e-19
0.273 	0.156694560669 	2.80661698775e-19 	0.101351984941 	0.000619577290721 	163.582472209 	-327.914255217 	43.4183762045 	-1.25987247187 	-5.4073931472e-19
0.273 	0.158158995816 	1.44218471531e-18 	0.100468662199 	0.000616503937926 	162.965158888 	-326.331592319 	43.3822465695 	-1.21000384125 	-6.59141609908e-19
0.273 	0.159623430962 	5.88183485998e-19 	0.099619368914 	0.000613538123131 	162.368669783 	-324.761180413 	43.3463131665 	-1.16052476098 	1.10545422589e-18
0.273 	0.161087866109 	1.3522099445e-18 	0.0988030301704 	0.000610677247097 	161.79255186 	-323.203746023 	43.3105946722 	-1.11143095615 	1.29896485271e-19
0.273 	0.162552301255 	1.45294471375e-18 	0.0980186060049 	0.000607918755781 	161.236357774 	-321.660019529 	43.2751098976 	-1.06271776627 	-9.77502772553e-19
0.273 	0.164016736402 	-1.32817774692e-18 	0.0972650903783 	0.000605260140488 	160.699646106 	-320.130735279 	43.2398777875 	-1.01438014027 	1.73896267612e-18
0.273 	0.165481171548 	5.84987309243e-19 	0.096541510611 	0.000602698939472 	160.181981896 	-318.61663171 	43.2049174212 	-0.966412631508 	-1.82330188224e-18
0.273 	0.166945606695 	7.21878297174e-19 	0.0958469268795 	0.000600232739732 	159.682937192 	-317.118451501 	43.1702480136 	-0.918809392375 	8.04643948386e-19
0.273 	0.168410041841 	6.65207142265e-20 	0.0958469268795 	0.000600232739732 	159.682937192 	-317.118451501 	43.1702480136 	-0.918809392375 	8.04643948386e-19
0.273 	0.169874476987 	-1.69862637119e-19 	0.0951804315825 	0.000597859178401 	159.202091431 	-315.636941761 	43.1358889168 	-0.871564168874 	-8.64745068516e-20
0.273 	0.171338912134 	1.95177012995e-19 	0.094541148583 	0.000595575943784 	158.739031638 	-314.172854229 	43.1018596233 	-0.824670294573 	1.08657967695e-19
0.273 	0.17280334728 	4.7287926415e-19 	0.0939282324332 	0.000593380776446 	158.293352534 	-312.726945524 	43.0681797683 	-0.778120684516 	6.5742039909e-20
0.273 	0.174267782427 	-5.78399731838e-19 	0.0933408676287 	0.000591271470453 	157.86465658 	-311.299977407 	43.0348691336 	-0.731907828151 	-3.16860510024e-19
0.273 	0.175732217573 	5.65854287022e-19 	0.0933408676287 	0.000591271470453 	157.86465658 	-311.299977407 	43.0348691336 	-0.731907828151 	-3.16860510024e-19
0.273 	0.17719665272 	6.14497491281e-19 	0.0927782679224 	0.000589245874759 	157.452554013 	-309.892717093 	43.0019476519 	-0.686023783094 	-2.00040371139e-19
0.273 	0.178661087866 	-2.82715325545e-19 	0.0922396756714 	0.000587301894438 	157.056662928 	-308.505937574 	42.9694354119 	-0.640460166043 	3.06086292954e-19
0.273 	0.180125523013 	-9.32884610289e-19 	0.091724361227 	0.000585437491483 	156.676609478 	-307.140418026 	42.9373526642 	-0.595208147321 	1.36916338876e-20
0.273 	0.181589958159 	-9.81040588495e-19 	0.091724361227 	0.000585437491483 	156.676609478 	-307.140418026 	42.9373526642 	-0.595208147321 	1.36916338876e-20
0.273 	0.183054393305 	-4.75392420434e-19 	0.0912316224366 	0.000583650684043 	156.312028634 	-305.796944159 	42.9057198282 	-0.550258437575 	-4.02521713596e-21
0.273 	0.184518828452 	-1.26819761575e-18 	0.090760783722 	0.00058193949779 	155.96257698 	-304.476308779 	42.8745574994 	-0.505601286803 	1.23055787735e-19
0.273 	0.185983263598 	-4.86799905571e-20 	0.0903111956551 	0.000580302072159 	155.627904824 	-303.179312081 	42.8438864571 	-0.461226459484 	-6.17673031165e-19
0.273 	0.187447698745 	-7.75856426981e-19 	0.0903111956551 	0.000580302072159 	155.627904824 	-303.179312081 	42.8438864571 	-0.461226459484 	-6.17673031165e-19
0.273 	0.188912133891 	-8.88741205046e-19 	0.0898822348137 	0.000578736622761 	155.307667216 	-301.906762525 	42.8137276723 	-0.41712325005 	1.90459135628e-19
0.273 	0.190376569038 	-1.30032929657e-18 	0.0894733030085 	0.000577241431374 	155.001526477 	-300.659476827 	42.7841023212 	-0.373280426092 	4.48374779315e-20
0.273 	0.191841004184 	-5.99033644159e-19 	0.0890838269034 	0.000575814833252 	154.709156067 	-299.438281604 	42.7550317919 	-0.329686293928 	4.31951355284e-19
0.273 	0.193305439331 	-1.03903964788e-18 	0.0890838269034 	0.000575814833252 	154.709156067 	-299.438281604 	42.7550317919 	-0.329686293928 	4.31951355284e-19
0.273 	0.194769874477 	-1.4755634315e-18 	0.0887132571928 	0.000574455210024 	154.430242158 	-298.244012297 	42.7265377039 	-0.286328551672 	5.87170004081e-19
0.273 	0.196234309623 	6.80627444526e-19 	0.0883610687654 	0.000573160993056 	154.164484038 	-297.077516879 	42.6986419068 	-0.243194502982 	-2.04943708317e-20
0.273 	0.19769874477 	-3.12697128902e-19 	0.0883610687654 	0.000573160993056 	154.164484038 	-297.077516879 	42.6986419068 	-0.243194502982 	-2.04943708317e-20
0.273 	0.199163179916 	-4.49840245514e-19 	0.0880267594839 	0.000571930664195 	153.911592776 	-295.939651609 	42.6713665177 	-0.200270655287 	-7.86781140438e-19
0.273 	0.200627615063 	-1.79559058293e-19 	0.0877098514518 	0.000570762764703 	153.671291955 	-294.831290257 	42.6447338978 	-0.157543351983 	3.56743546215e-19
0.273 	0.202092050209 	-1.93503817037e-19 	0.0877098514518 	0.000570762764703 	153.671291955 	-294.831290257 	42.6447338978 	-0.157543351983 	3.56743546215e-19
0.273 	0.203556485356 	-1.18007074713e-19 	0.0874098883067 	0.000569655888601 	153.443315615 	-293.753311132 	42.6187667331 	-0.114997676245 	-1.36864720545e-19
0.273 	0.205020920502 	-6.12752074715e-19 	0.0871264390735 	0.000568608698543 	153.227411569 	-292.70662071 	42.5934879464 	-0.072619205837 	2.46802671138e-19
0.273 	0.206485355649 	-2.82473420696e-19 	0.0871264390735 	0.000568608698543 	153.227411569 	-292.70662071 	42.5934879464 	-0.072619205837 	2.46802671138e-19
0.273 	0.207949790795 	8.38325897184e-19 	0.0868590915228 	0.00056761990338 	153.023336577 	-291.69211794 	42.568920888 	-0.0303911021668 	2.9180940741e-19
0.273 	0.209414225941 	1.53158408975e-18 	0.0866074624211 	0.000566688296132 	152.83086489 	-290.710754241 	42.5450890789 	0.0117012453841 	-6.09346323987e-19
0.273 	0.210878661088 	2.5000873906e-19 	0.0866074624211 	0.000566688296132 	152.83086489 	-290.710754241 	42.5450890789 	0.0117012453841 	-6.09346323987e-19
0.273 	0.212343096234 	-8.56551149775e-19 	0.0863711810705 	0.000565812695427 	152.649775745 	-289.763440951 	42.5220166724 	0.0536777123284 	-1.17879095523e-19
0.273 	0.213807531381 	-6.85946600972e-19 	0.0861499149356 	0.000564992038466 	152.479874176 	-288.851198252 	42.4997277854 	0.0955516166912 	1.92923737406e-19
0.273 	0.215271966527 	-1.06614713653e-18 	0.0861499149356 	0.000564992038466 	152.479874176 	-288.851198252 	42.4997277854 	0.0955516166912 	1.92923737406e-19
0.273 	0.216736401674 	4.77861971626e-19 	0.0859433295507 	0.000564225236357 	152.32095981 	-287.974925894 	42.4782475965 	0.137348368959 	9.4516794177e-21
0.273 	0.21820083682 	7.58600124745e-20 	0.0859433295507 	0.000564225236357 	152.32095981 	-287.974925894 	42.4782475965 	0.137348368959 	9.4516794177e-21
0.273 	0.219665271967 	3.23864891219e-19 	0.0857511507355 	0.000563511398964 	152.172876881 	-287.135761054 	42.45760072 	0.179076504674 	-7.87640484516e-20
0.273 	0.221129707113 	5.65307732804e-19 	0.0855730707974 	0.000562849494538 	152.035440429 	-286.334533816 	42.4378137384 	0.22077246751 	4.47928975078e-19
0.273 	0.222594142259 	8.1107517952e-19 	0.0855730707974 	0.000562849494538 	152.035440429 	-286.334533816 	42.4378137384 	0.22077246751 	4.47928975078e-19
0.273 	0.224058577406 	-4.20952468388e-19 	0.0854088908621 	0.000562238864351 	151.9085504 	-285.572597869 	42.4189114857 	0.262432143968 	3.07430395893e-20
0.273 	0.225523012552 	8.52766232693e-19 	0.0854088908621 	0.000562238864351 	151.9085504 	-285.572597869 	42.4189114857 	0.262432143968 	3.07430395893e-20
0.273 	0.226987447699 	8.47233601788e-20 	0.0852583054192 	0.000561678439042 	151.792021009 	-284.850582763 	42.4009226061 	0.304114960007 	-3.81141388875e-19
0.273 	0.228451882845 	-1.20016868329e-19 	0.0851212251229 	0.000561167907701 	151.685839398 	-284.170264124 	42.3838715274 	0.345786996104 	-2.56349689292e-19
0.273 	0.229916317992 	3.29071630842e-19 	0.0851212251229 	0.000561167907701 	151.685839398 	-284.170264124 	42.3838715274 	0.345786996104 	-2.56349689292e-19
0.273 	0.231380753138 	-1.56563458126e-18 	0.0849972990414 	0.000560705977502 	151.589785827 	-283.531792089 	42.3677900815 	0.38755592527 	2.24818120863e-19
0.273 	0.232845188285 	9.2036431863e-19 	0.0849972990414 	0.000560705977502 	151.589785827 	-283.531792089 	42.3677900815 	0.38755592527 	2.24818120863e-19
0.273 	0.234309623431 	-5.88595673355e-20 	0.0848866192531 	0.000560292929966 	151.503998557 	-282.937778321 	42.3527011032 	0.429322140438 	4.33595301901e-21
0.273 	0.235774058577 	-6.96662384393e-19 	0.0847886929537 	0.000559926871833 	151.428154673 	-282.387326983 	42.3386414014 	0.471293049086 	-8.99081351537e-20
0.273 	0.237238493724 	-1.05499017744e-18 	0.0847886929537 	0.000559926871833 	151.428154673 	-282.387326983 	42.3386414014 	0.471293049086 	-8.99081351537e-20
0.273 	0.23870292887 	-7.82340895264e-20 	0.0847039313539 	0.000559609144812 	151.362664708 	-281.884698837 	42.3256303899 	0.51323109584 	-1.66428827125e-19
0.273 	0.240167364017 	1.61796989351e-18 	0.0847039313539 	0.000559609144812 	151.362664708 	-281.884698837 	42.3256303899 	0.51323109584 	-1.66428827125e-19
0.273 	0.241631799163 	-2.54620510939e-19 	0.0846315129375 	0.000559336523381 	151.306967094 	-281.426839616 	42.3137122321 	0.555545250784 	2.06554199718e-19
0.273 	0.24309623431 	5.78621427008e-19 	0.0846315129375 	0.000559336523381 	151.306967094 	-281.426839616 	42.3137122321 	0.555545250784 	2.06554199718e-19
0.273 	0.244560669456 	8.81783199407e-19 	0.0845724263162 	0.000559112283996 	151.261971409 	-281.021217312 	42.3029006583 	0.597718684484 	1.02272139362e-19
0.273 	0.246025104603 	4.76023332984e-19 	0.0845724263162 	0.000559112283996 	151.261971409 	-281.021217312 	42.3029006583 	0.597718684484 	1.02272139362e-19
0.273 	0.247489539749 	-1.09264122949e-18 	0.0845251730652 	0.000558930497421 	151.226625592 	-280.660502153 	42.2932498065 	0.640557998192 	-6.50788604706e-20
0.273 	0.248953974895 	4.08119398075e-19 	0.0845251730652 	0.000558930497421 	151.226625592 	-280.660502153 	42.2932498065 	0.640557998192 	-6.50788604706e-20
0.273 	0.250418410042 	-1.80159434769e-19 	0.0844917867458 	0.00055879794383 	151.20275169 	-280.358275647 	42.2847654572 	0.682998246538 	1.5144764717e-19
0.273 	0.251882845188 	-4.92452121422e-19 	0.0844917867458 	0.00055879794383 	151.20275169 	-280.358275647 	42.2847654572 	0.682998246538 	1.5144764717e-19
0.273 	0.253347280335 	4.0124580969e-19 	0.0844694710788 	0.000558703514254 	151.188365428 	-280.099025369 	42.2775145395 	0.726611094425 	-2.85763580928e-19
0.273 	0.254811715481 	1.35832881915e-18 	0.0844694710788 	0.000558703514254 	151.188365428 	-280.099025369 	42.2775145395 	0.726611094425 	-2.85763580928e-19
0.273 	0.256276150628 	4.3873040918e-19 	0.0844621388036 	0.000558660239651 	151.186951941 	-279.907715402 	42.2714923224 	0.769286298946 	1.96701678677e-19
0.273 	0.257740585774 	7.96854576755e-19 	0.0844644828247 	0.000558646940824 	151.1947469 	-279.75365525 	42.2667520555 	0.814030593123 	-6.68832808449e-20
0.273 	0.259205020921 	1.87048227743e-18 	0.0844644828247 	0.000558646940824 	151.1947469 	-279.75365525 	42.2667520555 	0.814030593123 	-6.68832808449e-20
0.273 	0.260669456067 	-2.45527987496e-19 	0.0844836904167 	0.000558687298694 	151.218204914 	-279.682460672 	42.2633376779 	0.856789286762 	-2.17888194225e-20
0.273 	0.262133891213 	-7.09245666062e-20 	0.0844836904167 	0.000558687298694 	151.218204914 	-279.682460672 	42.2633376779 	0.856789286762 	-2.17888194225e-20
0.273 	0.26359832636 	-6.26109627527e-19 	0.0845103589973 	0.000558743136029 	151.250822691 	-279.636137173 	42.2613548122 	0.903200202679 	1.01156953447e-19
0.273 	0.265062761506 	-7.9690894439e-20 	0.0845103589973 	0.000558743136029 	151.250822691 	-279.636137173 	42.2613548122 	0.903200202679 	1.01156953447e-19
0.273 	0.266527196653 	-2.75544204833e-19 	0.0844911143796 	0.000558778947098 	151.206688832 	-278.857630331 	42.2427116354 	0.902065389668 	-8.9560974931e-20
0.273 	0.267991631799 	-7.00391773613e-19 	0.0845371638185 	0.000558888368908 	151.25947957 	-278.919127613 	42.2420794404 	0.94525563287 	1.68135915962e-20
0.273 	0.269456066946 	4.9388097303e-19 	0.0845371638185 	0.000558888368908 	151.25947957 	-278.919127613 	42.2420794404 	0.94525563287 	1.68135915962e-20
0.273 	0.270920502092 	1.93787286019e-20 	0.0845854507523 	0.000558979718978 	151.321144365 	-278.981943416 	42.2428491674 	0.994758848645 	-9.11241864584e-20
0.273 	0.272384937238 	-1.02408457988e-18 	0.0845854507523 	0.000558979718978 	151.321144365 	-278.981943416 	42.2428491674 	0.994758848645 	-9.11241864584e-20
0.273 	0.273849372385 	1.17043238013e-18 	0.084655867313 	0.000559111585802 	151.411398838 	-279.189653223 	42.2450904731 	1.03704522502 	5.67094028666e-20
0.273 	0.275313807531 	-5.90131231547e-20 	0.084655867313 	0.000559111585802 	151.411398838 	-279.189653223 	42.2450904731 	1.03704522502 	5.67094028666e-20
0.273 	0.276778242678 	4.80342288172e-19 	0.0847139447423 	0.000559135708942 	151.508736408 	-279.356975526 	42.2488462992 	1.09026075155 	-1.84021406218e-20
0.273 	0.278242677824 	-4.79398666189e-19 	0.0847139447423 	0.000559135708942 	151.508736408 	-279.356975526 	42.2488462992 	1.09026075155 	-1.84021406218e-20
0.273 	0.279707112971 	-7.67136457945e-19 	0.0847849742007 	0.000559107477652 	151.643427408 	-279.731759611 	42.2541626989 	1.13048615478 	9.05081582377e-20
0.273 	0.281171548117 	-5.33230014579e-19 	0.0847849742007 	0.000559107477652 	151.643427408 	-279.731759611 	42.2541626989 	1.13048615478 	9.05081582377e-20
0.273 	0.282635983264 	2.73001234493e-19 	0.0847995659063 	0.000558715237282 	151.776003674 	-279.995315474 	42.2610119964 	1.18930130707 	-7.85369857252e-20
0.273 	0.28410041841 	9.41699166564e-19 	0.0847995659063 	0.000558715237282 	151.776003674 	-279.995315474 	42.2610119964 	1.18930130707 	-7.85369857252e-20
0.273 	0.285564853556 	-2.69788903866e-19 	0.084780527226 	0.000557945192088 	151.951353696 	-280.566302703 	42.2695702047 	1.22553149664 	-9.49308078433e-20
0.273 	0.287029288703 	7.68619221451e-19 	0.084780527226 	0.000557945192088 	151.951353696 	-280.566302703 	42.2695702047 	1.22553149664 	-9.49308078433e-20
0.273 	0.288493723849 	-1.92615264677e-19 	0.084780527226 	0.000557945192088 	151.951353696 	-280.566302703 	42.2695702047 	1.22553149664 	-9.49308078433e-20
0.273 	0.289958158996 	-2.05431816962e-18 	0.084602562584 	0.000556191541336 	152.110480466 	-280.908928492 	42.2797395358 	1.29282732433 	-1.09867845194e-19
0.273 	0.291422594142 	-2.83038374585e-20 	0.084602562584 	0.000556191541336 	152.110480466 	-280.908928492 	42.2797395358 	1.29282732433 	-1.09867845194e-19
0.273 	0.292887029289 	-1.55092675236e-20 	0.0842888563925 	0.000553302545614 	152.337734682 	-281.719069638 	42.291602566 	1.32193764075 	-1.05628261561e-19
0.273 	0.294351464435 	8.36194425588e-20 	0.0842888563925 	0.000553302545614 	152.337734682 	-281.719069638 	42.291602566 	1.32193764075 	-1.05628261561e-19
0.273 	0.295815899582 	-3.81273067001e-19 	0.0837256558473 	0.00054853718292 	152.634421976 	-282.109362333 	42.3022180801 	1.40205902255 	-9.19601641707e-20
0.273 	0.297280334728 	6.05169519921e-19 	0.0837256558473 	0.00054853718292 	152.634421976 	-282.109362333 	42.3022180801 	1.40205902255 	-9.19601641707e-20
0.273 	0.298744769874 	-8.63549487034e-20 	0.0831039414041 	0.000542167277604 	153.280998019 	-283.222451631 	42.3097101264 	1.41885225647 	-2.45452478188e-20
0.273 	0.300209205021 	7.79204698728e-19 	0.0831039414041 	0.000542167277604 	153.280998019 	-283.222451631 	42.3097101264 	1.41885225647 	-2.45452478188e-20
0.273 	0.301673640167 	-7.60350934528e-19 	0.0831039414041 	0.000542167277604 	153.280998019 	-283.222451631 	42.3097101264 	1.41885225647 	-2.45452478188e-20
0.273 	0.303138075314 	6.08020136117e-19 	0.0824964694398 	0.000534215377932 	154.425486139 	-283.60860653 	42.3102554889 	1.517650261 	3.10636022911e-20
0.273 	0.30460251046 	-3.16193161253e-19 	0.0824964694398 	0.000534215377932 	154.425486139 	-283.60860653 	42.3102554889 	1.517650261 	3.10636022911e-20
0.273 	0.306066945607 	-2.58864494224e-19 	0.0817983726778 	0.000525155523013 	155.760282608 	-285.115423958 	42.2979795911 	1.51391612991 	3.92418475359e-20
0.273 	0.307531380753 	-8.54813872503e-19 	0.0817983726778 	0.000525155523013 	155.760282608 	-285.115423958 	42.2979795911 	1.51391612991 	3.92418475359e-20
0.273 	0.3089958159 	7.41138413273e-19 	0.0818435100122 	0.000518667583046 	157.795691668 	-285.392295635 	42.2191862324 	1.64012484595 	-1.15198171414e-19
0.273 	0.310460251046 	-8.51632583039e-19 	0.0818435100122 	0.000518667583046 	157.795691668 	-285.392295635 	42.2191862324 	1.64012484595 	-1.15198171414e-19
0.273 	0.311924686192 	-4.01955701527e-19 	0.0818435100122 	0.000518667583046 	157.795691668 	-285.392295635 	42.2191862324 	1.64012484595 	-1.15198171414e-19
0.273 	0.313389121339 	-6.38857421068e-19 	0.0830086379008 	0.000516807237535 	160.618179995 	-287.442222188 	42.1051428948 	1.59987369291 	9.43287770395e-21
0.273 	0.314853556485 	-9.01365604405e-19 	0.0830086379008 	0.000516807237535 	160.618179995 	-287.442222188 	42.1051428948 	1.59987369291 	9.43287770395e-21
0.273 	0.316317991632 	6.16020242545e-19 	0.0823114757172 	0.000427740360835 	160.471096973 	-287.51236394 	41.9642626431 	1.76980151151 	7.22303709826e-21
0.273 	0.317782426778 	8.88796237099e-20 	0.0823114757172 	0.000427740360835 	160.471096973 	-287.51236394 	41.9642626431 	1.76980151151 	7.22303709826e-21
0.273 	0.319246861925 	-5.29545103607e-19 	0.0823114757172 	0.000427740360835 	160.471096973 	-287.51236394 	41.9642626431 	1.76980151151 	7.22303709826e-21
0.273 	0.320711297071 	-1.53670723808e-19 	0.0810992618982 	0.000509137285473 	159.287611048 	-290.136150973 	41.6652772783 	1.67149303235 	-2.52809302643e-19
0.273 	0.322175732218 	3.29235756456e-19 	0.0810992618982 	0.000509137285473 	159.287611048 	-290.136150973 	41.6652772783 	1.67149303235 	-2.52809302643e-19
