-0.89 	0 	0 	5.00309544139 	4.62985334747e-05 	100657.497058 	10.8477107336 	17.0042553128 	9.28346396694e-06 	1.57121764812e-23
-0.89 	0.00146443514644 	1.13385510285e-18 	5.14442029941 	0.000425080771423 	11508.1981774 	10.8477457393 	27.8150345119 	5.82159401567e-05 	-9.18724644576e-24
-0.89 	0.00292887029289 	1.27699035254e-18 	2.05669802738 	0.000280519067603 	6799.22900473 	10.8477933999 	32.3748020509 	0.000181075052371 	2.25370472093e-24
-0.89 	0.00439330543933 	-2.67179794604e-18 	0.327251057566 	0.000118669207229 	2757.67459148 	10.8479479648 	34.3507894743 	0.000374607206777 	-1.24185120173e-23
-0.89 	0.00585774058577 	-5.01567793036e-18 	0.151718110866 	0.000394216385189 	384.859981894 	10.8481786955 	34.6212464825 	0.000474417180979 	-5.47298112897e-24
-0.89 	0.00732217573222 	-3.12047196919e-18 	0.149589469389 	0.000547961258395 	272.992783882 	10.8481914351 	34.6321822801 	0.000505841021035 	2.86330682625e-25
-0.89 	0.00878661087866 	-3.10199375501e-19 	0.148526657173 	0.000571176797052 	260.036223354 	10.8482018151 	34.6361820983 	0.000551118099701 	1.14914469315e-23
-0.89 	0.0102510460251 	1.39662681574e-18 	0.147542522106 	0.000572786195013 	257.587426846 	10.8482484755 	34.6385501995 	0.000601544160965 	-1.37120848029e-23
-0.89 	0.0117154811715 	1.2448117632e-18 	0.146176616425 	0.000571792652116 	255.646196019 	10.8483782745 	34.6418253583 	0.000703572459565 	8.112475187e-24
-0.89 	0.013179916318 	1.27906503978e-18 	0.14519087414 	0.000570532128852 	254.483256591 	10.8485340482 	34.6445785424 	0.00081805340736 	-6.9029872593e-24
-0.89 	0.0146443514644 	7.48064195847e-19 	0.143990204893 	0.000568619283777 	253.227790546 	10.8488335943 	34.6488221485 	0.00104475956136 	-4.29447831108e-24
-0.89 	0.0161087866109 	6.78695820314e-19 	0.143182675283 	0.000567216565545 	252.430348443 	10.8491397561 	34.6525325188 	0.00129063971287 	-1.78294426231e-23
-0.89 	0.0175732217573 	-6.74367928269e-19 	0.142426453247 	0.000566003618316 	251.635234542 	10.8495296299 	34.6567598157 	0.00162151988433 	-1.17504519479e-23
-0.89 	0.0190376569038 	-4.83527784105e-19 	0.141685731983 	0.000565018317239 	250.763077337 	10.8500187434 	34.6615307716 	0.00205600340015 	3.80490682266e-25
-0.89 	0.0205020920502 	-4.06846164715e-19 	0.141188854156 	0.000564468176219 	250.127217271 	10.8504089633 	34.6650073185 	0.00241168526447 	1.67753699954e-23
-0.89 	0.0219665271967 	-9.88307365957e-19 	0.140434051139 	0.000563755167865 	249.104680797 	10.8511059568 	34.6706210394 	0.00305427722932 	-3.77309596165e-24
-0.89 	0.0234309623431 	-2.10247148649e-19 	0.139672696851 	0.000563125747854 	248.031096754 	10.851957431 	34.6766139382 	0.0038347620845 	-2.28097417685e-23
-0.89 	0.0248953974895 	1.051784306e-18 	0.139166833204 	0.000562731733849 	247.305820577 	10.8526229782 	34.6807436721 	0.00443239968271 	1.83774622811e-24
-0.89 	0.026359832636 	2.53832505417e-19 	0.1384197714 	0.0005621600702 	246.228394255 	10.8537867853 	34.6869999856 	0.00544010884586 	-2.11156527953e-24
-0.89 	0.0278242677824 	-1.37245018792e-18 	0.137934550463 	0.000561785899621 	245.528680153 	10.8546837661 	34.6911232581 	0.00618031129779 	-4.30946276919e-23
-0.89 	0.0292887029289 	-3.40950982921e-19 	0.137463037186 	0.000561415190022 	244.850940318 	10.8556859527 	34.6951372361 	0.0069686747054 	-3.59862501448e-23
-0.89 	0.0307531380753 	3.00345696988e-19 	0.137007638551 	0.000561047745294 	244.199606361 	10.8568000305 	34.6989843644 	0.00779822416595 	6.75944797366e-23
-0.89 	0.0322175732218 	-1.66755688497e-19 	0.136358793994 	0.000560504413862 	243.278715781 	10.8586942353 	34.7043311937 	0.00910245957206 	-2.80898558467e-23
-0.89 	0.0336820083682 	-6.27320394251e-21 	0.135950983137 	0.000560149364238 	242.70487805 	10.8601135698 	34.7075522139 	0.0099995756248 	5.09952751073e-24
-0.89 	0.0351464435146 	-3.66103022619e-20 	0.135563941387 	0.000559801883622 	242.16413941 	10.8616634402 	34.7104615219 	0.0109087827066 	-2.21307769238e-23
-0.89 	0.0366108786611 	6.91994119568e-19 	0.135198069547 	0.000559463552786 	241.656617082 	10.8633475587 	34.7130380371 	0.0118217180589 	-5.02464682031e-24
-0.89 	0.0380753138075 	1.58587212011e-19 	0.134853442284 	0.000559135829567 	241.181900985 	10.8651688872 	34.7152696973 	0.0127304689682 	1.67076223215e-24
-0.89 	0.039539748954 	-1.96204881484e-19 	0.134689041968 	0.000558976349208 	240.956602473 	10.8661317303 	34.7162547203 	0.0131809699525 	-8.90252508246e-25
-0.89 	0.0410041841004 	1.16507723476e-18 	0.134375832021 	0.000558666831857 	240.529461136 	10.8681628411 	34.7179642471 	0.0140700112056 	-8.2666668208e-24
-0.89 	0.0424686192469 	-1.36202560222e-18 	0.134082953635 	0.000558370632658 	240.132531678 	10.8703354625 	34.7193325348 	0.0149380751466 	6.70385292317e-24
-0.89 	0.0439330543933 	-1.43293932627e-18 	0.133809724039 	0.000558088405479 	239.764386296 	10.8726502009 	34.7203715538 	0.0157798612211 	2.58048147873e-23
-0.89 	0.0453974895397 	-4.05931341542e-19 	0.133680230492 	0.0005579526696 	239.590627979 	10.8738609028 	34.7207725077 	0.0161894750144 	4.65776979242e-23
-0.89 	0.0468619246862 	-4.40171557504e-19 	0.133434942001 	0.000557692106292 	239.262741028 	10.8763887828 	34.7213489322 	0.0169837472649 	-4.29532058742e-23
-0.89 	0.0483263598326 	1.89779143352e-18 	0.133207147116 	0.000557446142832 	238.959671403 	10.8790580673 	34.7216418993 	0.017742126238 	-4.64893540742e-23
-0.89 	0.0497907949791 	7.66971617894e-21 	0.133099510853 	0.000557328613972 	238.81693406 	10.8804454376 	34.7216888937 	0.018107047724 	-4.0537655594e-23
-0.89 	0.0512552301255 	3.04185370576e-19 	0.132896150262 	0.000557104330302 	238.548047527 	10.883324862 	34.7215980011 	0.0188071150489 	2.46811345022e-23
-0.89 	0.052719665272 	1.67689623634e-19 	0.132800180428 	0.000556997497019 	238.421503038 	10.8848165565 	34.7214658114 	0.0191418827978 	-9.99414184547e-23
-0.89 	0.0541841004184 	3.2110642394e-19 	0.132619050761 	0.000556794197137 	238.183248754 	10.8879029059 	34.7210421138 	0.0197802061858 	-6.22577878836e-24
-0.89 	0.0556485355649 	-1.00833369228e-20 	0.132533649518 	0.000556697612101 	238.071165812 	10.8894971239 	34.72075618 	0.0200835852998 	-4.33252474074e-23
-0.89 	0.0571129707113 	8.64960187666e-20 	0.132372582332 	0.000556514239235 	237.860189372 	10.8927864828 	34.7200496978 	0.0206585468568 	2.97377790998e-23
-0.89 	0.0585774058577 	-7.66559368846e-19 	0.132296685503 	0.000556427306692 	237.760950824 	10.8944811356 	34.7196343799 	0.0209301107658 	8.79420272984e-23
-0.89 	0.0600418410042 	4.58135441095e-19 	0.132153605525 	0.000556262566071 	237.574148586 	10.8979691243 	34.718692103 	0.0214415169619 	-4.56923753134e-23
-0.89 	0.0615062761506 	7.70045839777e-19 	0.132086206114 	0.000556184598441 	237.486270717 	10.8997619409 	34.7181699023 	0.0216814587163 	3.64157232475e-24
-0.89 	0.0629707112971 	-1.26471549894e-18 	0.132021427489 	0.000556109457303 	237.401874317 	10.9015869537 	34.7176166875 	0.0219109850202 	2.95496647916e-23
-0.89 	0.0644351464435 	-1.44566188893e-18 	0.13189933102 	0.000555967324167 	237.242955273 	10.905332497 	34.7164257619 	0.022339145519 	6.13938794871e-23
-0.89 	0.06589958159 	1.11593416674e-18 	0.131841819784 	0.000555900166537 	237.168160258 	10.9072524868 	34.7157920978 	0.0225379835561 	6.83477938461e-23
-0.89 	0.0673640167364 	1.28075014401e-18 	0.13178654262 	0.000555835504816 	237.096301834 	10.9092035921 	34.7151355137 	0.0227268108387 	-1.83448784825e-23
-0.89 	0.0688284518828 	2.32744755185e-19 	0.131682336796 	0.000555713342683 	236.960905348 	10.9131980516 	34.7137606945 	0.0230749272994 	-3.12869636395e-23
-0.89 	0.0702928870293 	-2.78978105041e-19 	0.131633238798 	0.000555655681504 	236.897134646 	10.9152408536 	34.7130457968 	0.0232344767766 	1.14596575125e-22
-0.89 	0.0717573221757 	3.56539010289e-19 	0.131586036146 	0.000555600195112 	236.835835019 	10.9173136662 	34.7123146579 	0.0233845339099 	-1.21850420769e-23
-0.89 	0.0732217573222 	-1.79884473775e-19 	0.131540651552 	0.000555546806429 	236.776901658 	10.9194162099 	34.7115687387 	0.0235252372994 	-7.64369932157e-23
-0.89 	0.0746861924686 	-2.816341986e-19 	0.131497010617 	0.000555495439993 	236.720234137 	10.9215482027 	34.7108094216 	0.0236567272636 	-9.22934208563e-23
-0.89 	0.0761506276151 	-4.6537863871e-19 	0.131414676151 	0.00055539848064 	236.613315902 	10.9258993986 	34.7092557466 	0.0238926320456 	6.9638469277e-23
-0.89 	0.0776150627615 	-1.75772706472e-18 	0.131375847681 	0.000555352745714 	236.562884932 	10.9281180266 	34.7084637852 	0.0239973292564 	-5.14999692522e-23
-0.89 	0.0790794979079 	4.45392313096e-19 	0.131338492854 	0.000555308749149 	236.514359004 	10.9303649528 	34.7076632248 	0.0240933765845 	-3.23342847993e-23
-0.89 	0.0805439330544 	-2.70903125098e-19 	0.131302550725 	0.000555266424781 	236.467657444 	10.9326398822 	34.706855097 	0.0241809123673 	-1.91172864935e-23
-0.89 	0.0820083682008 	-7.36223046143e-19 	0.131267962837 	0.000555225708471 	236.422703116 	10.9349425153 	34.706040372 	0.024260072899 	-5.49935717182e-23
-0.89 	0.0834728033473 	-7.17791775372e-19 	0.131234673121 	0.000555186538069 	236.379422271 	10.9372725491 	34.7052199617 	0.0243309920138 	1.12171465307e-22
-0.89 	0.0849372384937 	-3.00527307578e-19 	0.131202627845 	0.000555148853459 	236.337744423 	10.9396296751 	34.7043947223 	0.0243938007274 	-2.20960120174e-24
-0.89 	0.0864016736402 	2.25356781237e-19 	0.131171775509 	0.000555112596509 	236.297602205 	10.9420135806 	34.7035654573 	0.0244486269181 	-4.88139785465e-23
-0.89 	0.0878661087866 	1.29904022032e-18 	0.131142066786 	0.000555077711099 	236.258931251 	10.9444239464 	34.7027329202 	0.0244955950596 	-8.7864295797e-23
-0.89 	0.0893305439331 	-6.74652325129e-21 	0.131113454429 	0.000555044143048 	236.221670062 	10.9468604484 	34.7018978173 	0.0245348259919 	4.25437298832e-23
-0.89 	0.0907949790795 	9.91824778297e-19 	0.131085893209 	0.000555011840132 	236.185759889 	10.9493227548 	34.7010608102 	0.0245664367225 	-2.95785440885e-23
-0.89 	0.0922594142259 	3.91699682436e-19 	0.131059339819 	0.000554980752004 	236.151144604 	10.9518105276 	34.7002225181 	0.024590540284 	-5.86131834645e-23
-0.89 	0.0937238493724 	-4.53965559828e-19 	0.131033752822 	0.000554950830201 	236.117770604 	10.9543234204 	34.6993835209 	0.0246072455853 	-9.05801256406e-23
-0.89 	0.0951882845188 	6.05956687906e-19 	0.131009092553 	0.000554922028055 	236.085586677 	10.9568610795 	34.6985443609 	0.0246166573481 	4.00407455998e-24
-0.89 	0.0966527196653 	9.04398218617e-19 	0.130985321074 	0.000554894300695 	236.054543919 	10.959423141 	34.6977055453 	0.024618876001 	-5.63619873385e-24
-0.89 	0.0981171548117 	6.55014633005e-19 	0.130962402076 	0.000554867604957 	236.024595609 	10.9620092331 	34.6968675485 	0.0246139976728 	7.30130094379e-23
-0.89 	0.0995815899582 	2.80832461348e-19 	0.130940300842 	0.000554841899384 	235.99569713 	10.9646189722 	34.6960308136 	0.0246021141179 	8.34911071412e-23
-0.89 	0.101046025105 	-1.46702350463e-19 	0.130918984152 	0.000554817144125 	235.967805859 	10.967251965 	34.6951957549 	0.0245833127554 	-7.65059899565e-23
-0.89 	0.102510460251 	7.23277040507e-19 	0.130898420245 	0.000554793300942 	235.940881087 	10.9699078053 	34.6943627595 	0.0245576766174 	3.13387857041e-23
-0.89 	0.103974895397 	1.09626314571e-18 	0.130878578738 	0.000554770333106 	235.914883921 	10.9725860758 	34.6935321889 	0.0245252844296 	7.84845795554e-23
-0.89 	0.105439330544 	5.6719304302e-19 	0.130859430583 	0.000554748205402 	235.889777216 	10.9752863445 	34.6927043808 	0.0244862105691 	1.15508166359e-23
-0.89 	0.10690376569 	7.66706799873e-19 	0.130840947994 	0.000554726884022 	235.865525473 	10.9780081667 	34.6918796509 	0.024440525185 	-1.67218721941e-23
-0.89 	0.108368200837 	-5.25869552214e-19 	0.130840947994 	0.000554726884022 	235.865525473 	10.9780081667 	34.6918796509 	0.024440525185 	-1.67218721941e-23
-0.89 	0.109832635983 	-5.64364822306e-19 	0.130823104411 	0.000554706336578 	235.842094788 	10.9807510812 	34.6910582943 	0.0243882941626 	-2.06264873563e-23
-0.89 	0.11129707113 	3.16225099129e-19 	0.130805874424 	0.00055468653199 	235.819452754 	10.9835146127 	34.6902405865 	0.0243295792726 	-5.36841654757e-23
-0.89 	0.112761506276 	7.43330478286e-19 	0.130789233749 	0.000554667440503 	235.797568414 	10.9862982675 	34.6894267856 	0.0242644381351 	-5.29575680985e-23
-0.89 	0.114225941423 	1.11375430127e-18 	0.13077315915 	0.000554649033573 	235.77641217 	10.9891015364 	34.6886171326 	0.0241929243939 	-1.23952085932e-22
-0.89 	0.115690376569 	-4.56149889316e-19 	0.130757628419 	0.000554631283886 	235.755955746 	10.9919238895 	34.6878118534 	0.0241150876755 	-1.3812816275e-24
-0.89 	0.117154811715 	8.2217775523e-20 	0.130757628419 	0.000554631283886 	235.755955746 	10.9919238895 	34.6878118534 	0.0241150876755 	-1.3812816275e-24
-0.89 	0.118619246862 	5.6142506974e-19 	0.130742620307 	0.000554614165247 	235.736172099 	10.9947647802 	34.6870111594 	0.0240309737935 	-2.29070964084e-23
-0.89 	0.120083682008 	-1.18859502508e-19 	0.130728114503 	0.000554597652602 	235.717035385 	10.9976236393 	34.6862152488 	0.0239406246966 	1.00531928583e-22
-0.89 	0.121548117155 	2.4148997079e-18 	0.130714091566 	0.000554581721925 	235.698520882 	11.000499879 	34.6854243076 	0.0238440786953 	5.3950863278e-23
-0.89 	0.123012552301 	-1.65300628976e-18 	0.130700532915 	0.000554566350242 	235.68060496 	11.0033928874 	34.6846385105 	0.0237413703974 	4.52910540438e-23
-0.89 	0.124476987448 	8.83266495894e-19 	0.130700532915 	0.000554566350242 	235.68060496 	11.0033928874 	34.6846385105 	0.0237413703974 	4.52910540438e-23
-0.89 	0.125941422594 	5.91891294341e-19 	0.13068742076 	0.000554551515524 	235.663265002 	11.0063020325 	34.6838580218 	0.0236325309586 	-1.29459030675e-22
-0.89 	0.127405857741 	-1.17589564682e-18 	0.130674738094 	0.000554537196712 	235.646479386 	11.009226656 	34.6830829964 	0.0235175880071 	2.88073365675e-23
-0.89 	0.128870292887 	2.72619007811e-19 	0.130662468628 	0.000554523373609 	235.630227412 	11.0121660782 	34.6823135803 	0.023396565914 	-6.58722782624e-23
-0.89 	0.130334728033 	3.81199886242e-19 	0.130662468628 	0.000554523373609 	235.630227412 	11.0121660782 	34.6823135803 	0.023396565914 	-6.58722782624e-23
-0.89 	0.13179916318 	4.55736859248e-19 	0.130650596792 	0.000554510026913 	235.614489281 	11.0151195917 	34.6815499118 	0.0232694857063 	-2.75058403753e-23
-0.89 	0.133263598326 	4.28805804886e-19 	0.130639107664 	0.000554497138107 	235.59924603 	11.0180864657 	34.6807921219 	0.0231363653562 	1.32407090025e-22
-0.89 	0.134728033473 	1.10536851133e-18 	0.130627986977 	0.000554484689497 	235.58447952 	11.02106594 	34.6800403352 	0.0229972196806 	-8.33749911406e-23
-0.89 	0.136192468619 	2.62245339713e-21 	0.130627986977 	0.000554484689497 	235.58447952 	11.02106594 	34.6800403352 	0.0229972196806 	-8.33749911406e-23
-0.89 	0.137656903766 	4.52058663719e-19 	0.130617221055 	0.000554472664103 	235.570172366 	11.0240572302 	34.6792946702 	0.0228520606508 	1.85170703321e-22
-0.89 	0.139121338912 	9.92673166719e-19 	0.13060679682 	0.000554461045704 	235.556307935 	11.0270595202 	34.6785552404 	0.0227008972793 	-5.25177582058e-24
-0.89 	0.140585774059 	4.47995549783e-19 	0.13060679682 	0.000554461045704 	235.556307935 	11.0270595202 	34.6785552404 	0.0227008972793 	-5.25177582058e-24
-0.89 	0.142050209205 	-2.92163388594e-19 	0.130596701728 	0.000554449818726 	235.542870278 	11.0300719686 	34.6778221549 	0.0225437359449 	-6.70782083266e-23
-0.89 	0.143514644351 	-2.22517720194e-18 	0.130586923781 	0.00055443896829 	235.529844131 	11.0330937006 	34.6770955184 	0.0223805802635 	-1.15001534887e-22
-0.89 	0.144979079498 	7.4920037821e-20 	0.130586923781 	0.00055443896829 	235.529844131 	11.0330937006 	34.6770955184 	0.0223805802635 	-1.15001534887e-22
-0.89 	0.146443514644 	3.1994283317e-19 	0.130577451468 	0.000554428480106 	235.517214849 	11.0361238145 	34.6763754323 	0.0222114314325 	-4.57560914862e-23
-0.89 	0.147907949791 	1.4278202e-19 	0.130568273774 	0.000554418340525 	235.504968416 	11.0391613741 	34.6756619952 	0.0220362880871 	-7.27044608145e-23
-0.89 	0.149372384937 	-3.1800860974e-20 	0.130568273774 	0.000554418340525 	235.504968416 	11.0391613741 	34.6756619952 	0.0220362880871 	-7.27044608145e-23
-0.89 	0.150836820084 	2.29601724558e-19 	0.130559380127 	0.00055440853643 	235.493091372 	11.0422054148 	34.6749553029 	0.0218551466537 	1.13415443401e-22
-0.89 	0.15230125523 	3.00866691386e-20 	0.13055076041 	0.000554399055293 	235.481570835 	11.0452549356 	34.6742554495 	0.0216680012023 	-3.99021761542e-23
-0.89 	0.153765690377 	-7.97562207228e-20 	0.13055076041 	0.000554399055293 	235.481570835 	11.0452549356 	34.6742554495 	0.0216680012023 	-3.99021761542e-23
-0.89 	0.155230125523 	-1.84575004082e-19 	0.130542404903 	0.000554389885067 	235.470394427 	11.048308906 	34.6735625276 	0.0214748437935 	3.88143151824e-23
-0.89 	0.156694560669 	1.43527435753e-18 	0.130534304309 	0.000554381014248 	235.459550299 	11.0513662576 	34.6728766285 	0.0212756643437 	1.87268176488e-23
-0.89 	0.158158995816 	1.26765592873e-19 	0.130534304309 	0.000554381014248 	235.459550299 	11.0513662576 	34.6728766285 	0.0212756643437 	1.87268176488e-23
-0.89 	0.159623430962 	-1.77977349158e-19 	0.130526449687 	0.000554372431766 	235.449027057 	11.054425891 	34.6721978431 	0.0210704509459 	-1.2540049743e-22
-0.89 	0.161087866109 	-3.31896218003e-19 	0.130526449687 	0.000554372431766 	235.449027057 	11.054425891 	34.6721978431 	0.0210704509459 	-1.2540049743e-22
-0.89 	0.162552301255 	-8.72231972614e-19 	0.130518832483 	0.000554364127051 	235.438813795 	11.0574866675 	34.6715262619 	0.0208591897655 	2.59795771517e-24
-0.89 	0.164016736402 	7.84855849381e-19 	0.130511444467 	0.000554356089896 	235.428900025 	11.060547416 	34.6708619757 	0.0206418653157 	1.47568964469e-22
-0.89 	0.165481171548 	-3.71001691068e-19 	0.130511444467 	0.000554356089896 	235.428900025 	11.060547416 	34.6708619757 	0.0206418653157 	1.47568964469e-22
-0.89 	0.166945606695 	-4.81451163924e-19 	0.130504277754 	0.000554348310429 	235.419275749 	11.0636069243 	34.6702050757 	0.0204184604007 	-1.11295216267e-22
-0.89 	0.168410041841 	-6.96618890402e-19 	0.130504277754 	0.000554348310429 	235.419275749 	11.0636069243 	34.6702050757 	0.0204184604007 	-1.11295216267e-22
-0.89 	0.169874476987 	-7.0599830607e-19 	0.130497324712 	0.000554340778429 	235.409931562 	11.0666639465 	34.669555654 	0.0201889563267 	9.23949821229e-23
-0.89 	0.171338912134 	3.03539272413e-20 	0.130490577901 	0.000554333481079 	235.400859509 	11.0697171941 	34.668913804 	0.0199533329135 	-9.09838378886e-23
-0.89 	0.17280334728 	5.72485823894e-19 	0.130490577901 	0.000554333481079 	235.400859509 	11.0697171941 	34.668913804 	0.0199533329135 	-9.09838378886e-23
-0.89 	0.174267782427 	2.47235484009e-19 	0.130484029776 	0.000554326394996 	235.392055933 	11.0727653436 	34.6682796208 	0.0197115686133 	1.53166727898e-22
-0.89 	0.175732217573 	-7.55622311296e-19 	0.130484029776 	0.000554326394996 	235.392055933 	11.0727653436 	34.6682796208 	0.0197115686133 	1.53166727898e-22
-0.89 	0.17719665272 	3.91097884699e-20 	0.130477672714 	0.000554319463091 	235.383531342 	11.0758070269 	34.6676532013 	0.0194636406209 	-1.08168659383e-22
-0.89 	0.178661087866 	-1.22643276206e-19 	0.130477672714 	0.000554319463091 	235.383531342 	11.0758070269 	34.6676532013 	0.0194636406209 	-1.08168659383e-22
-0.89 	0.180125523013 	-2.84571307747e-19 	0.130471500995 	0.000554312719463 	235.375260957 	11.0788408392 	34.6670346445 	0.0192095248684 	-1.619437564e-22
-0.89 	0.181589958159 	1.95296561919e-19 	0.130465509034 	0.000554306172661 	235.367231088 	11.0818653299 	34.6664240525 	0.0189491962655 	2.99808548489e-22
-0.89 	0.183054393305 	-4.73227417891e-19 	0.130465509034 	0.000554306172661 	235.367231088 	11.0818653299 	34.6664240525 	0.0189491962655 	2.99808548489e-22
-0.89 	0.184518828452 	4.03504498596e-19 	0.130459691087 	0.000554299819573 	235.359432713 	11.0848790098 	34.6658215301 	0.0186826285427 	2.56391428646e-23
-0.89 	0.185983263598 	4.68749658175e-19 	0.130459691087 	0.000554299819573 	235.359432713 	11.0848790098 	34.6658215301 	0.0186826285427 	2.56391428646e-23
-0.89 	0.187447698745 	-7.41371876694e-19 	0.130454041503 	0.000554293653353 	235.351858556 	11.0878803421 	34.6652271858 	0.0184097946388 	4.20322547166e-23
-0.89 	0.188912133891 	-6.57635041805e-19 	0.130454041503 	0.000554293653353 	235.351858556 	11.0878803421 	34.6652271858 	0.0184097946388 	4.20322547166e-23
-0.89 	0.190376569038 	1.95419918481e-19 	0.13044855475 	0.000554287666184 	235.344501977 	11.0908677495 	34.6646411316 	0.0181306663725 	4.38739096594e-23
-0.89 	0.191841004184 	-1.86828184942e-19 	0.13044855475 	0.000554287666184 	235.344501977 	11.0908677495 	34.6646411316 	0.0181306663725 	4.38739096594e-23
-0.89 	0.193305439331 	4.46995939894e-19 	0.130443225535 	0.0005542818502 	235.337356776 	11.0938396054 	34.6640634835 	0.0178452150055 	-5.4469568517e-23
-0.89 	0.194769874477 	-8.03235747476e-19 	0.130443225535 	0.0005542818502 	235.337356776 	11.0938396054 	34.6640634835 	0.0178452150055 	-5.4469568517e-23
-0.89 	0.196234309623 	3.86321734915e-19 	0.130438048715 	0.000554276197466 	235.330417058 	11.0967942404 	34.6634943617 	0.0175534107062 	-1.12042497821e-22
-0.89 	0.19769874477 	3.12144992047e-19 	0.130438048715 	0.000554276197466 	235.330417058 	11.0967942404 	34.6634943617 	0.0175534107062 	-1.12042497821e-22
-0.89 	0.199163179916 	5.85856050562e-19 	0.130433019378 	0.000554270700108 	235.323677316 	11.0997299341 	34.6629338912 	0.0172552233302 	-2.52726456779e-22
-0.89 	0.200627615063 	2.19287722374e-21 	0.130433019378 	0.000554270700108 	235.323677316 	11.0997299341 	34.6629338912 	0.0172552233302 	-2.52726456779e-22
-0.89 	0.202092050209 	2.64973322662e-19 	0.130428132744 	0.000554265350089 	235.317132349 	11.102644921 	34.662382202 	0.016950621632 	9.47078956251e-23
-0.89 	0.203556485356 	-6.22794974712e-19 	0.130428132744 	0.000554265350089 	235.317132349 	11.102644921 	34.662382202 	0.016950621632 	9.47078956251e-23
-0.89 	0.205020920502 	-1.02735455255e-18 	0.130423384245 	0.000554260139306 	235.31077737 	11.1055373824 	34.6618394297 	0.016639574303 	-1.23868129472e-22
-0.89 	0.206485355649 	4.84227779399e-19 	0.130423384245 	0.000554260139306 	235.31077737 	11.1055373824 	34.6618394297 	0.016639574303 	-1.23868129472e-22
-0.89 	0.207949790795 	-1.33930848832e-19 	0.130418769428 	0.000554255059316 	235.304607935 	11.108405452 	34.6613057155 	0.0163220489025 	-1.20155447966e-22
-0.89 	0.209414225941 	8.94719488475e-19 	0.130418769428 	0.000554255059316 	235.304607935 	11.108405452 	34.6613057155 	0.0163220489025 	-1.20155447966e-22
-0.89 	0.210878661088 	2.21728576547e-19 	0.13041428403 	0.000554250101404 	235.298620062 	11.111247208 	34.6607812067 	0.0159980131776 	2.33335023644e-22
-0.89 	0.212343096234 	3.57215062815e-19 	0.13041428403 	0.000554250101404 	235.298620062 	11.111247208 	34.6607812067 	0.0159980131776 	2.33335023644e-22
-0.89 	0.213807531381 	5.51367148984e-19 	0.130409923876 	0.000554245256255 	235.292810185 	11.114060678 	34.6602660558 	0.0156674337124 	1.60974682431e-23
-0.89 	0.215271966527 	-7.87093568539e-20 	0.130409923876 	0.000554245256255 	235.292810185 	11.114060678 	34.6602660558 	0.0156674337124 	1.60974682431e-23
-0.89 	0.216736401674 	1.36439826173e-20 	0.130405684961 	0.000554240513967 	235.287175288 	11.1168438317 	34.6597604198 	0.0153302775323 	-7.05628333074e-23
-0.89 	0.21820083682 	1.50798444336e-19 	0.130405684961 	0.000554240513967 	235.287175288 	11.1168438317 	34.6597604198 	0.0153302775323 	-7.05628333074e-23
-0.89 	0.219665271967 	6.64206396463e-19 	0.130401563342 	0.000554235863632 	235.281712893 	11.119594585 	34.6592644603 	0.0149865104636 	-1.52744246393e-22
-0.89 	0.221129707113 	-4.00314925876e-19 	0.130401563342 	0.000554235863632 	235.281712893 	11.119594585 	34.6592644603 	0.0149865104636 	-1.52744246393e-22
-0.89 	0.222594142259 	-7.40878509608e-19 	0.130397555215 	0.000554231293241 	235.276421244 	11.1223107928 	34.6587783472 	0.0146360989941 	1.06485441404e-22
-0.89 	0.224058577406 	-1.34455531297e-18 	0.130397555215 	0.000554231293241 	235.276421244 	11.1223107928 	34.6587783472 	0.0146360989941 	1.06485441404e-22
-0.89 	0.225523012552 	-3.26211595692e-19 	0.130397555215 	0.000554231293241 	235.276421244 	11.1223107928 	34.6587783472 	0.0146360989941 	1.06485441404e-22
-0.89 	0.226987447699 	4.78880996306e-19 	0.130393656816 	0.000554226789133 	235.271299353 	11.1249902529 	34.6583022615 	0.014279008373 	-1.56889427764e-22
-0.89 	0.228451882845 	-6.07932616263e-19 	0.130393656816 	0.000554226789133 	235.271299353 	11.1249902529 	34.6583022615 	0.014279008373 	-1.56889427764e-22
-0.89 	0.229916317992 	2.04648581054e-19 	0.130389864482 	0.000554222335694 	235.266347248 	11.1276306987 	34.6578363947 	0.0139152046951 	-8.81867665826e-24
-0.89 	0.231380753138 	-4.14769464139e-19 	0.130389864482 	0.000554222335694 	235.266347248 	11.1276306987 	34.6578363947 	0.0139152046951 	-8.81867665826e-24
-0.89 	0.232845188285 	-1.07900568431e-18 	0.130386174544 	0.000554217914555 	235.26156611 	11.1302298024 	34.6573809475 	0.0135446527564 	-1.79323458637e-22
-0.89 	0.234309623431 	7.38518790347e-19 	0.130386174544 	0.000554217914555 	235.26156611 	11.1302298024 	34.6573809475 	0.0135446527564 	-1.79323458637e-22
-0.89 	0.235774058577 	3.8687675885e-19 	0.130382583374 	0.000554213503911 	235.256958652 	11.1327851682 	34.6569361299 	0.0131673183148 	1.71039464768e-22
-0.89 	0.237238493724 	7.69455378157e-19 	0.130382583374 	0.000554213503911 	235.256958652 	11.1327851682 	34.6569361299 	0.0131673183148 	1.71039464768e-22
-0.89 	0.23870292887 	-1.61889838614e-19 	0.130382583374 	0.000554213503911 	235.256958652 	11.1327851682 	34.6569361299 	0.0131673183148 	1.71039464768e-22
-0.89 	0.240167364017 	-7.66652667967e-19 	0.130379087264 	0.00055420907724 	235.252529448 	11.1352943348 	34.656502161 	0.0127831657998 	4.57222935989e-23
-0.89 	0.241631799163 	-9.12789467077e-19 	0.130379087264 	0.00055420907724 	235.252529448 	11.1352943348 	34.656502161 	0.0127831657998 	4.57222935989e-23
-0.89 	0.24309623431 	1.17627872919e-18 	0.130375682448 	0.000554204601909 	235.24828556 	11.1377547685 	34.6560792705 	0.0123921607021 	-1.40847732651e-22
-0.89 	0.244560669456 	-1.43869493319e-19 	0.130375682448 	0.000554204601909 	235.24828556 	11.1377547685 	34.6560792705 	0.0123921607021 	-1.40847732651e-22
-0.89 	0.246025104603 	-1.17423047763e-18 	0.130372364961 	0.000554200036916 	235.244237237 	11.1401638652 	34.6556676985 	0.011994267205 	4.37921064325e-22
-0.89 	0.247489539749 	1.13369938285e-18 	0.130372364961 	0.000554200036916 	235.244237237 	11.1401638652 	34.6556676985 	0.011994267205 	4.37921064325e-22
-0.89 	0.248953974895 	1.20522854198e-19 	0.130372364961 	0.000554200036916 	235.244237237 	11.1401638652 	34.6556676985 	0.011994267205 	4.37921064325e-22
-0.89 	0.250418410042 	3.263670108e-19 	0.130369130598 	0.00055419533007 	235.240399052 	11.1425189439 	34.6552676966 	0.011589450619 	2.60622479979e-22
-0.89 	0.251882845188 	8.33092607943e-19 	0.130369130598 	0.00055419533007 	235.240399052 	11.1425189439 	34.6552676966 	0.011589450619 	2.60622479979e-22
-0.89 	0.253347280335 	-1.85335313438e-19 	0.130365974723 	0.000554190413685 	235.236791369 	11.1448172477 	34.6548795287 	0.0111776750201 	3.7202353281e-22
-0.89 	0.254811715481 	-3.70607761411e-19 	0.130365974723 	0.000554190413685 	235.236791369 	11.1448172477 	34.6548795287 	0.0111776750201 	3.7202353281e-22
-0.89 	0.256276150628 	-9.82028956782e-20 	0.130365974723 	0.000554190413685 	235.236791369 	11.1448172477 	34.6548795287 	0.0111776750201 	3.7202353281e-22
-0.89 	0.257740585774 	-1.85273633816e-19 	0.130362892113 	0.000554185198681 	235.233442582 	11.1470559374 	34.6545034715 	0.0107589056521 	4.52754737662e-23
-0.89 	0.259205020921 	-1.7511746725e-19 	0.130362892113 	0.000554185198681 	235.233442582 	11.1470559374 	34.6545034715 	0.0107589056521 	4.52754737662e-23
-0.89 	0.260669456067 	7.25497290205e-19 	0.130359876631 	0.000554179565715 	235.23039227 	11.1492320921 	34.6541398152 	0.0103331066354 	1.83437321042e-23
-0.89 	0.262133891213 	2.34612803865e-19 	0.130359876631 	0.000554179565715 	235.23039227 	11.1492320921 	34.6541398152 	0.0103331066354 	1.83437321042e-23
-0.89 	0.26359832636 	-2.41305731854e-19 	0.130359876631 	0.000554179565715 	235.23039227 	11.1492320921 	34.6541398152 	0.0103331066354 	1.83437321042e-23
-0.89 	0.265062761506 	6.4749641124e-19 	0.130356920828 	0.000554173352225 	235.227695999 	11.1513427023 	34.6537888644 	0.00990024339374 	-2.94291970952e-22
-0.89 	0.266527196653 	2.19619986522e-19 	0.130356920828 	0.000554173352225 	235.227695999 	11.1513427023 	34.6537888644 	0.00990024339374 	-2.94291970952e-22
-0.89 	0.267991631799 	1.0378502904e-18 	0.13035401526 	0.000554166332585 	235.225432501 	11.1533846691 	34.6534509388 	0.00946027996476 	-2.47165016715e-22
-0.89 	0.269456066946 	-1.18355204377e-19 	0.13035401526 	0.000554166332585 	235.225432501 	11.1533846691 	34.6534509388 	0.00946027996476 	-2.47165016715e-22
-0.89 	0.270920502092 	-9.32711764625e-19 	0.13035401526 	0.000554166332585 	235.225432501 	11.1533846691 	34.6534509388 	0.00946027996476 	-2.47165016715e-22
-0.89 	0.272384937238 	-7.14158745126e-19 	0.130351147507 	0.000554158187549 	235.223714881 	11.1553548018 	34.6531263741 	0.00901318333157 	-1.44162822879e-22
-0.89 	0.273849372385 	1.75121214671e-19 	0.130351147507 	0.000554158187549 	235.223714881 	11.1553548018 	34.6531263741 	0.00901318333157 	-1.44162822879e-22
-0.89 	0.275313807531 	-4.01572266669e-19 	0.130351147507 	0.000554158187549 	235.223714881 	11.1553548018 	34.6531263741 	0.00901318333157 	-1.44162822879e-22
-0.89 	0.276778242678 	-4.01846845393e-19 	0.130348300545 	0.000554148455636 	235.222708318 	11.1572497984 	34.6528155233 	0.00855891448035 	-1.19705389918e-22
-0.89 	0.278242677824 	1.48323614021e-19 	0.130348300545 	0.000554148455636 	235.222708318 	11.1572497984 	34.6528155233 	0.00855891448035 	-1.19705389918e-22
-0.89 	0.279707112971 	5.69639394922e-19 	0.130345450149 	0.000554136454085 	235.222658946 	11.1590662931 	34.6525187572 	0.0080974495734 	2.92657464225e-22
-0.89 	0.281171548117 	2.12064258696e-19 	0.130345450149 	0.000554136454085 	235.222658946 	11.1590662931 	34.6525187572 	0.0080974495734 	2.92657464225e-22
-0.89 	0.282635983264 	5.47878831854e-19 	0.130345450149 	0.000554136454085 	235.222658946 	11.1590662931 	34.6525187572 	0.0080974495734 	2.92657464225e-22
-0.89 	0.28410041841 	2.05409136691e-19 	0.130342560478 	0.000554121146129 	235.223942252 	11.1608007177 	34.6522364662 	0.00762873376938 	3.2208954785e-23
-0.89 	0.285564853556 	-4.21360833083e-19 	0.130342560478 	0.000554121146129 	235.223942252 	11.1608007177 	34.6522364662 	0.00762873376938 	3.2208954785e-23
-0.89 	0.287029288703 	-3.78595570185e-19 	0.130342560478 	0.000554121146129 	235.223942252 	11.1608007177 	34.6522364662 	0.00762873376938 	3.2208954785e-23
-0.89 	0.288493723849 	4.93456943627e-20 	0.130339576425 	0.000554100910782 	235.227147058 	11.1624495778 	34.6519690604 	0.00715277071604 	1.83852016364e-22
-0.89 	0.289958158996 	2.8064431499e-20 	0.130339576425 	0.000554100910782 	235.227147058 	11.1624495778 	34.6519690604 	0.00715277071604 	1.83852016364e-22
-0.89 	0.291422594142 	-3.32684102358e-20 	0.130339576425 	0.000554100910782 	235.227147058 	11.1624495778 	34.6519690604 	0.00715277071604 	1.83852016364e-22
-0.89 	0.292887029289 	5.61150789051e-19 	0.13033640973 	0.000554073127716 	235.233226826 	11.1640089348 	34.6517169747 	0.00666946998823 	-2.48336949413e-22
-0.89 	0.294351464435 	3.48134191298e-19 	0.13033640973 	0.000554073127716 	235.233226826 	11.1640089348 	34.6517169747 	0.00666946998823 	-2.48336949413e-22
-0.89 	0.295815899582 	3.18330591564e-19 	0.130332912695 	0.000554033395258 	235.2437846 	11.1654752518 	34.6514806604 	0.00617888763167 	1.322537345e-22
-0.89 	0.297280334728 	1.43724781241e-18 	0.130332912695 	0.000554033395258 	235.2437846 	11.1654752518 	34.6514806604 	0.00617888763167 	1.322537345e-22
-0.89 	0.298744769874 	8.10742057679e-20 	0.130332912695 	0.000554033395258 	235.2437846 	11.1654752518 	34.6514806604 	0.00617888763167 	1.322537345e-22
-0.89 	0.300209205021 	2.22982467196e-19 	0.130328825623 	0.000553973979774 	235.261637517 	11.1668440031 	34.6512606077 	0.0056808545543 	1.04801968676e-22
-0.89 	0.301673640167 	1.62088372894e-18 	0.130328825623 	0.000553973979774 	235.261637517 	11.1668440031 	34.6512606077 	0.0056808545543 	1.04801968676e-22
-0.89 	0.303138075314 	-4.15282994022e-20 	0.130328825623 	0.000553973979774 	235.261637517 	11.1668440031 	34.6512606077 	0.0056808545543 	1.04801968676e-22
-0.89 	0.30460251046 	6.3937776691e-19 	0.13032366511 	0.000553880552255 	235.292003987 	11.168111919 	34.651057308 	0.00517555756244 	-1.37527197206e-22
-0.89 	0.306066945607 	-8.17260828661e-19 	0.13032366511 	0.000553880552255 	235.292003987 	11.168111919 	34.651057308 	0.00517555756244 	-1.37527197206e-22
-0.89 	0.307531380753 	7.69702553504e-19 	0.13032366511 	0.000553880552255 	235.292003987 	11.168111919 	34.651057308 	0.00517555756244 	-1.37527197206e-22
-0.89 	0.3089958159 	-7.30992114934e-19 	0.130316468484 	0.000553724825508 	235.345179557 	11.1692734278 	34.6508713192 	0.00466264142069 	-3.11367441233e-23
-0.89 	0.310460251046 	1.11440532922e-19 	0.130316468484 	0.000553724825508 	235.345179557 	11.1692734278 	34.6508713192 	0.00466264142069 	-3.11367441233e-23
-0.89 	0.311924686192 	5.54604436303e-19 	0.130316468484 	0.000553724825508 	235.345179557 	11.1692734278 	34.6508713192 	0.00466264142069 	-3.11367441233e-23
-0.89 	0.313389121339 	2.05820224954e-19 	0.130305161219 	0.000553446609846 	235.443056115 	11.1703259769 	34.6507031672 	0.00414254913173 	4.95222504438e-22
-0.89 	0.314853556485 	-7.81929893097e-19 	0.130305161219 	0.000553446609846 	235.443056115 	11.1703259769 	34.6507031672 	0.00414254913173 	4.95222504438e-22
-0.89 	0.316317991632 	2.58675372651e-19 	0.130305161219 	0.000553446609846 	235.443056115 	11.1703259769 	34.6507031672 	0.00414254913173 	4.95222504438e-22
-0.89 	0.317782426778 	-2.10451747801e-19 	0.130284884477 	0.000552906879924 	235.636215079 	11.1712624462 	34.6505534877 	0.00361458587824 	2.05678614746e-22
-0.89 	0.319246861925 	9.57463367507e-20 	0.130284884477 	0.000552906879924 	235.636215079 	11.1712624462 	34.6505534877 	0.00361458587824 	2.05678614746e-22
-0.89 	0.320711297071 	-1.52706822513e-19 	0.130284884477 	0.000552906879924 	235.636215079 	11.1712624462 	34.6505534877 	0.00361458587824 	2.05678614746e-22
-0.89 	0.322175732218 	-1.21652970375e-18 	0.130243626477 	0.00055176320347 	236.049859174 	11.1720816953 	34.6504228323 	0.00307968017517 	-2.33480524329e-22
-0.89 	0.323640167364 	-8.83200224465e-19 	0.130243626477 	0.00055176320347 	236.049859174 	11.1720816953 	34.6504228323 	0.00307968017517 	-2.33480524329e-22
-0.89 	0.32510460251 	-1.24359772036e-19 	0.130243626477 	0.00055176320347 	236.049859174 	11.1720816953 	34.6504228323 	0.00307968017517 	-2.33480524329e-22
-0.89 	0.326569037657 	-2.53696515854e-19 	0.130153612476 	0.000549198186074 	236.988423808 	11.1727740624 	34.6503119419 	0.00253646292216 	4.50983450828e-23
-0.89 	0.328033472803 	-4.44495519825e-19 	0.130153612476 	0.000549198186074 	236.988423808 	11.1727740624 	34.6503119419 	0.00253646292216 	4.50983450828e-23
-0.89 	0.32949790795 	-1.02905300886e-19 	0.130153612476 	0.000549198186074 	236.988423808 	11.1727740624 	34.6503119419 	0.00253646292216 	4.50983450828e-23
-0.89 	0.330962343096 	-6.95989344945e-19 	0.129976859257 	0.000543981505368 	238.936173334 	11.173341744 	34.6502213868 	0.00198682502014 	-3.05394053164e-22
-0.89 	0.332426778243 	5.18337666562e-19 	0.129976859257 	0.000543981505368 	238.936173334 	11.173341744 	34.6502213868 	0.00198682502014 	-3.05394053164e-22
-0.89 	0.333891213389 	1.82775233732e-19 	0.129976859257 	0.000543981505368 	238.936173334 	11.173341744 	34.6502213868 	0.00198682502014 	-3.05394053164e-22
-0.89 	0.335355648536 	2.24226357938e-19 	0.129976859257 	0.000543981505368 	238.936173334 	11.173341744 	34.6502213868 	0.00198682502014 	-3.05394053164e-22
-0.89 	0.336820083682 	-4.01004119911e-19 	0.129802239341 	0.000539285520962 	240.692980426 	11.1737691799 	34.6501524307 	0.00142812459925 	-1.42360871648e-22
-0.89 	0.338284518828 	5.2041793831e-19 	0.129802239341 	0.000539285520962 	240.692980426 	11.1737691799 	34.6501524307 	0.00142812459925 	-1.42360871648e-22
-0.89 	0.339748953975 	1.05474684924e-19 	0.129802239341 	0.000539285520962 	240.692980426 	11.1737691799 	34.6501524307 	0.00142812459925 	-1.42360871648e-22
-0.89 	0.341213389121 	1.02153078473e-18 	0.12976595916 	0.000538692648183 	240.890533029 	11.1740628427 	34.6501079723 	0.000863874670291 	1.56476257927e-22
-0.89 	0.342677824268 	1.5109351659e-19 	0.12976595916 	0.000538692648183 	240.890533029 	11.1740628427 	34.6501079723 	0.000863874670291 	1.56476257927e-22
-0.89 	0.344142259414 	1.6652471933e-19 	0.12976595916 	0.000538692648183 	240.890533029 	11.1740628427 	34.6501079723 	0.000863874670291 	1.56476257927e-22
-0.89 	0.345606694561 	2.41264389218e-20 	0.129742309824 	0.00053860736232 	240.884768572 	11.174201206 	34.6500962476 	0.000289071320941 	3.18688113538e-22
-0.89 	0.347071129707 	-5.05836838842e-19 	0.129742309824 	0.00053860736232 	240.884768572 	11.174201206 	34.6500962476 	0.000289071320941 	3.18688113538e-22
-0.89 	0.348535564854 	-2.60428093345e-19 	0.129742309824 	0.00053860736232 	240.884768572 	11.174201206 	34.6500962476 	0.000289071320941 	3.18688113538e-22
-0.89 	0.35 	-4.05827254959e-19 	0.129742309824 	0.00053860736232 	240.884768572 	11.174201206 	34.6500962476 	0.000289071320941 	3.18688113538e-22
