0.462 	0 	0 	3.38102658246 	2.64835045468e-05 	127665.37663 	73.1308264751 	10.4345836621 	-0.0147344395299 	1.56650808341e-21
0.462 	0.00146443514644 	1.55190197905e-18 	12.7029157092 	0.00180765929028 	7027.27321319 	72.3263107776 	16.4484213867 	-0.25960003029 	-3.44209638484e-21
0.462 	0.00292887029289 	2.27894282525e-19 	16.3081531133 	0.00337203489261 	4836.2942949 	71.3529541925 	18.2954832175 	-0.545807315056 	-2.5379155432e-21
0.462 	0.00439330543933 	4.06206515118e-18 	17.9546751128 	0.00399826366323 	4490.61808452 	70.6012333 	19.7630009777 	-0.79551224987 	-3.02468385277e-21
0.462 	0.00585774058577 	2.90849898855e-18 	18.4761219209 	0.00415717556153 	4444.39298929 	69.6028009837 	21.6837641252 	-1.10025986953 	5.67792033436e-23
0.462 	0.00732217573222 	4.03663395467e-18 	17.4767045185 	0.00395758870951 	4415.99817498 	68.5449144783 	23.4921998127 	-1.3512881304 	3.58210714612e-23
0.462 	0.00878661087866 	-5.78355133948e-19 	15.5951589092 	0.00359041786689 	4297.45481614 	67.4953387386 	25.0866622477 	-1.54509807635 	-1.97351932008e-21
0.462 	0.0102510460251 	-4.79338217431e-18 	11.7175579082 	0.00264478109083 	3919.20400596 	65.9323903062 	27.3434208296 	-1.76479327623 	-2.43809820011e-20
0.462 	0.0117154811715 	-2.81118413051e-18 	8.21175108743 	0.00231963442415 	3459.88431179 	64.2040922124 	29.0581987103 	-1.91749916742 	-2.15653788499e-20
0.462 	0.013179916318 	-1.57469312492e-18 	5.17626138199 	0.00177395698782 	2917.91820068 	62.1338181103 	30.4800188473 	-2.04579958508 	-1.66064465297e-20
0.462 	0.0146443514644 	-1.42755524277e-18 	3.30469137009 	0.00137150932026 	2409.52891918 	60.3587506708 	31.3768332392 	-2.12950583661 	-4.90163616231e-21
0.462 	0.0161087866109 	-2.30545665495e-18 	1.66821250274 	0.000994889153199 	1676.78228009 	57.7173468932 	32.2489600698 	-2.22160204671 	4.13235141679e-20
0.462 	0.0175732217573 	-2.03125158182e-18 	1.0567436345 	0.000844944373862 	1250.6665139 	55.5628881277 	32.6800153355 	-2.27808847284 	-1.68724162969e-20
0.462 	0.0190376569038 	-1.5153142064e-18 	0.673701603353 	0.000728153150424 	925.219650509 	52.5017923316 	33.0820638001 	-2.3414333985 	-2.30292428787e-20
0.462 	0.0205020920502 	-2.76445174537e-18 	0.514983770804 	0.000654412667455 	786.940406895 	50.0817466412 	33.301549182 	-2.3813290315 	1.94272972718e-20
0.462 	0.0219665271967 	-2.00232504733e-19 	0.40267148327 	0.000584929821732 	688.409905444 	47.5654333284 	33.464607728 	-2.4151505677 	1.84572116152e-21
0.462 	0.0234309623431 	1.46625959785e-19 	0.320452789505 	0.000523798882649 	611.785935634 	44.9610701508 	33.5828042514 	-2.44369768821 	4.49171769915e-20
0.462 	0.0248953974895 	1.26246999068e-18 	0.278908663273 	0.000489872220866 	569.349825105 	43.1794112793 	33.6448650291 	-2.46043359798 	-1.91649858294e-21
0.462 	0.026359832636 	3.58764873118e-19 	0.232835392474 	0.000451074596232 	516.179351307 	40.4426271872 	33.7258427018 	-2.48308823736 	3.7890427109e-24
0.462 	0.0278242677824 	-1.45123683558e-18 	0.202370771283 	0.000427098148936 	473.82731999 	37.631609786 	33.8034325077 	-2.50358924439 	-2.77659667048e-20
0.462 	0.0292887029289 	-3.27180112727e-20 	0.188765559579 	0.0004187273483 	450.807811683 	35.7174625002 	33.8563121696 	-2.51622258347 	-2.75163608611e-20
0.462 	0.0307531380753 	-5.99302813682e-19 	0.175834550447 	0.000415752153957 	422.931183335 	32.7874366199 	33.9382201 	-2.53356069855 	3.76214953948e-20
0.462 	0.0322175732218 	-3.14266856485e-18 	0.170902662372 	0.000418852353006 	408.026029091 	30.7957457899 	33.9943076206 	-2.543954986 	-6.19046730225e-21
0.462 	0.0336820083682 	2.81423118758e-18 	0.167207662812 	0.000428937351503 	389.818378433 	27.7523400444 	34.0801937374 	-2.55765313574 	-8.75929571196e-21
0.462 	0.0351464435146 	8.1680661254e-19 	0.166388189544 	0.000438215057018 	379.695281757 	25.6872002784 	34.1384817303 	-2.56545277585 	-9.13166668416e-21
0.462 	0.0366108786611 	1.20407971431e-18 	0.166395721459 	0.000448895594205 	370.678000869 	23.5939875093 	34.1975505447 	-2.57213744306 	1.73375943362e-20
0.462 	0.0380753138075 	1.95066938084e-18 	0.166941846709 	0.000460611059092 	362.435602476 	21.4735079066 	34.2573833117 	-2.5776677798 	-5.14851359857e-21
0.462 	0.039539748954 	1.61312122246e-18 	0.167830070592 	0.000473123713438 	354.727665989 	19.3266072053 	34.3179622723 	-2.58200513205 	-4.7367542248e-20
0.462 	0.0410041841004 	1.42536458743e-18 	0.168932401547 	0.000486290725359 	347.3897254 	17.1541714678 	34.3792638171 	-2.58511113953 	-1.22101263946e-20
0.462 	0.0424686192469 	-2.95817441982e-19 	0.170168166634 	0.000500030695631 	340.315440873 	14.9571272608 	34.4412594921 	-2.58694777678 	2.81308988544e-21
0.462 	0.0439330543933 	1.26291738104e-18 	0.171486994268 	0.000514297454359 	333.439321572 	12.7364410661 	34.5039179134 	-2.58747744512 	-2.9046111629e-20
0.462 	0.0453974895397 	1.69611656028e-19 	0.172856465868 	0.000529061905625 	326.722570705 	10.4931182481 	34.5672048948 	-2.58666295112 	-2.55744478442e-21
0.462 	0.0468619246862 	-1.35554822484e-18 	0.174253954322 	0.000544300616225 	320.142856958 	8.2282019743 	34.6310828057 	-2.58446747772 	1.81208126949e-22
0.462 	0.0483263598326 	3.72043041686e-19 	0.175661626995 	0.000559988902899 	313.68769289 	5.94277214188 	34.6955113368 	-2.58085466814 	-5.0051330267e-21
0.462 	0.0497907949791 	-7.03835078134e-19 	0.176364279785 	0.000567992524243 	310.504579298 	4.79271185678 	34.7279192592 	-2.57850556187 	-2.94842612762e-21
0.462 	0.0512552301255 	-8.1761687539e-20 	0.177757520594 	0.000584296558398 	304.224829052 	2.47861379022 	34.7930973129 	-2.57269992618 	3.4753968957e-21
0.462 	0.052719665272 	-3.05188199277e-19 	0.17912163068 	0.000600961031285 	298.058644995 	0.1468541547 	34.8587265026 	-2.56538893556 	2.84898255714e-22
0.462 	0.0541841004184 	8.80599450696e-19 	0.179787781812 	0.000609413363292 	295.017787008 	-1.02527563127 	34.8916991711 	-2.56115834492 	7.0001589435e-22
0.462 	0.0556485355649 	6.09447310273e-19 	0.181078094826 	0.000626523738635 	289.020325423 	-3.38127220844 	34.9579413251 	-2.55152636309 	-4.44969536466e-21
0.462 	0.0571129707113 	5.05022947169e-19 	0.182298558916 	0.0006438562425 	283.135499638 	-5.75187979753 	35.0245584818 	-2.54030664778 	7.43483086888e-21
0.462 	0.0585774058577 	8.20549164057e-20 	0.18287731009 	0.000652584135273 	280.235605196 	-6.94226690863 	35.0580016112 	-2.53409164546 	-6.15100571564e-21
0.462 	0.0600418410042 	-7.02024634081e-19 	0.183961081916 	0.000670114944485 	274.521682332 	-9.33240182933 	35.1251480585 	-2.52043236843 	9.65943488438e-21
0.462 	0.0615062761506 	-1.27493916076e-18 	0.1844617324 	0.000678896892875 	271.708022729 	-10.5318225392 	35.1588482722 	-2.51298061637 	5.81846087635e-21
0.462 	0.0629707112971 	-2.05419706347e-18 	0.185369479071 	0.000696437227394 	266.168251466 	-12.9385410589 	35.2264937519 	-2.49681429951 	3.68034489851e-21
0.462 	0.0644351464435 	1.73651095725e-18 	0.185772070915 	0.000705171112943 	263.442542533 	-14.1455024031 	35.2604342184 	-2.48809228579 	1.56246586336e-20
0.462 	0.06589958159 	-8.32756553214e-19 	0.186463210476 	0.000722499776593 	258.080647935 	-16.5657759568 	35.3285342461 	-2.46935179568 	1.32351400836e-20
0.462 	0.0673640167364 	1.40587615379e-18 	0.18674705759 	0.000731065591602 	255.445010318 	-17.7787418044 	35.3626855364 	-2.45932577093 	-4.87395441326e-21
0.462 	0.0688284518828 	-8.75728584163e-19 	0.186986547049 	0.000739545023012 	252.839977595 	-18.9933598916 	35.3968980817 	-2.44885751724 	-2.19021663411e-20
0.462 	0.0702928870293 	-2.67439518301e-19 	0.187322473483 	0.000756177311185 	247.722948986 	-21.4268406258 	35.4654865912 	-2.42657923762 	3.99293136385e-21
0.462 	0.0717573221757 	5.95546463437e-20 	0.18741373103 	0.000764294082672 	245.211542623 	-22.6453426273 	35.4998523376 	-2.41476173274 	-1.25425662045e-20
0.462 	0.0732217573222 	2.41630779023e-19 	0.187450239976 	0.000772252152714 	242.73190993 	-23.8647755516 	35.5342593663 	-2.40248707592 	-5.2281314521e-21
0.462 	0.0746861924686 	1.42510256936e-18 	0.187347431143 	0.000787607311708 	237.869085721 	-26.3056927686 	35.6031817438 	-2.37655200144 	-4.32666816044e-21
0.462 	0.0761506276151 	8.75990261815e-19 	0.187201872015 	0.000794958036595 	235.486482804 	-27.5268019168 	35.6376913827 	-2.36288463106 	-4.42816296427e-20
0.462 	0.0776150627615 	1.92519348055e-19 	0.186989025546 	0.000802057163212 	233.13678142 	-28.7480917769 	35.672230828 	-2.34874618912 	-4.13826816728e-20
0.462 	0.0790794979079 	-5.0400583018e-19 	0.18670516381 	0.000808876898234 	230.820244981 	-29.9693705044 	35.7067988953 	-2.33413334644 	5.20215671338e-20
0.462 	0.0805439330544 	-2.41978707537e-18 	0.186346243609 	0.000815387250314 	228.537107414 	-31.1904445651 	35.7413945901 	-2.31904279169 	3.41218106251e-20
0.462 	0.0820083682008 	-9.2526975748e-19 	0.185385264302 	0.000827347574843 	224.071804812 	-33.6311960187 	35.8106646645 	-2.28741532411 	1.53676109414e-20
0.462 	0.0834728033473 	-2.14088386495e-19 	0.184773234812 	0.000832724588309 	221.889971074 	-34.8504777286 	35.8453369168 	-2.27087183531 	-9.76235631772e-21
0.462 	0.0849372384937 	-1.84821218179e-18 	0.184066157057 	0.000837645781431 	219.742236083 	-36.0687633778 	35.8800329271 	-2.25383751306 	-1.73602941171e-20
0.462 	0.0864016736402 	-8.41580990532e-20 	0.183257978694 	0.000842066764358 	217.628799106 	-37.2858507414 	35.9147525255 	-2.23630916743 	-4.8048436442e-21
0.462 	0.0878661087866 	-6.16168155031e-19 	0.182342273674 	0.000845939898696 	215.549915491 	-38.5015358529 	35.9494964021 	-2.21828367201 	5.33878519534e-20
0.462 	0.0893305439331 	-1.45289889858e-18 	0.181312367196 	0.00084921468902 	213.505924403 	-39.7156130295 	35.9842668205 	-2.19975801253 	-3.68996914877e-20
0.462 	0.0907949790795 	-1.78344282585e-18 	0.180161537796 	0.000851838596945 	211.497270072 	-40.927874942 	36.0190690334 	-2.18072939418 	-4.27856996173e-22
0.462 	0.0922594142259 	3.17668791291e-19 	0.178883280532 	0.000853758335449 	209.524490835 	-42.1381127997 	36.0539133099 	-2.1611953959 	8.67680707188e-21
0.462 	0.0937238493724 	1.30494720955e-18 	0.175921316241 	0.00085527950722 	205.68868394 	-44.5516759253 	36.1238019273 	-2.12060398589 	-6.70324693327e-21
0.462 	0.0951882845188 	-2.96921895862e-19 	0.174228395552 	0.000854788856338 	203.826236456 	-45.7545794538 	36.1588927592 	-2.09954357607 	2.36108377975e-20
0.462 	0.0966527196653 	-1.51681277526e-19 	0.172390401731 	0.000853415851941 	202.000468282 	-46.9546154087 	36.1941015849 	-2.07797051354 	3.42335998083e-21
0.462 	0.0981171548117 	-1.783872705e-20 	0.170407157416 	0.000851139942315 	200.210504694 	-48.1515698534 	36.2294141027 	-2.05588054339 	-1.02249634513e-19
0.462 	0.0995815899582 	2.7814497135e-19 	0.168281675919 	0.000847958580314 	198.455065879 	-49.3452242586 	36.2647753092 	-2.0332667205 	9.39930163832e-20
0.462 	0.101046025105 	8.23071616509e-19 	0.166021241568 	0.000843891951796 	196.732817768 	-50.5353522018 	36.3000857042 	-2.01011946048 	-7.46906378663e-20
0.462 	0.102510460251 	9.40463455214e-19 	0.163638291342 	0.00083898645809 	195.042827884 	-51.721716324 	36.3352138538 	-1.98642772132 	-1.21542443048e-20
0.462 	0.103974895397 	-4.92849762668e-19 	0.161150620546 	0.000833315392425 	193.384908057 	-52.9040668384 	36.3700246155 	-1.96218105278 	6.36340794695e-20
0.462 	0.105439330544 	-6.75227605901e-19 	0.158580559789 	0.000826975677752 	191.759641855 	-54.0821425367 	36.4044136671 	-1.93737170577 	-6.33586203071e-20
0.462 	0.10690376569 	2.4771404597e-19 	0.158580559789 	0.000826975677752 	191.759641855 	-54.0821425367 	36.4044136671 	-1.93737170577 	-6.33586203071e-20
0.462 	0.108368200837 	9.89986149135e-19 	0.15595315912 	0.000820080750464 	190.168052392 	-55.255674225 	36.4383339227 	-1.91199584171 	1.24168221631e-19
0.462 	0.109832635983 	-1.0429740901e-19 	0.153293866839 	0.000812751135995 	188.611076688 	-56.4243894692 	36.4718019777 	-1.88605328634 	3.01670801948e-20
0.462 	0.11129707113 	-1.09230454251e-18 	0.150626407291 	0.000805105103926 	187.089122348 	-57.5880169183 	36.5048822277 	-1.85954601688 	-1.81617920179e-19
0.462 	0.112761506276 	-1.21081402851e-18 	0.147971402895 	0.000797251499454 	185.601912315 	-58.746288803 	36.5376572726 	-1.83247619606 	6.89225562229e-20
0.462 	0.114225941423 	1.15991615461e-18 	0.14534589873 	0.000789285700423 	184.148653209 	-59.8989411749 	36.5701989053 	-1.80484467597 	-3.56882815486e-20
0.462 	0.115690376569 	-7.79666742358e-19 	0.142763583526 	0.00078128839091 	182.728407573 	-61.0457124958 	36.6025512973 	-1.77665047467 	7.13041699953e-20
0.462 	0.117154811715 	-1.27439729946e-18 	0.140235296878 	0.000773326054812 	181.340452718 	-62.1863416792 	36.6347295711 	-1.74789111977 	1.79815834911e-20
0.462 	0.118619246862 	2.41233247292e-19 	0.137769476252 	0.000765452074073 	179.984457445 	-63.3205665575 	36.6667288499 	-1.71856337098 	-1.66695499805e-20
0.462 	0.120083682008 	-3.25586430551e-19 	0.135372413616 	0.00075770783037 	178.660439011 	-64.4481231464 	36.6985357395 	-1.68866383939 	5.93872097965e-20
0.462 	0.121548117155 	7.39706025232e-19 	0.135372413616 	0.00075770783037 	178.660439011 	-64.4481231464 	36.6985357395 	-1.68866383939 	5.93872097965e-20
0.462 	0.123012552301 	-4.57813004316e-19 	0.133048389763 	0.000750123777186 	177.368580772 	-65.568745582 	36.7301363485 	-1.65818928787 	-7.64830065067e-20
0.462 	0.124476987448 	-1.40639574848e-18 	0.130799839265 	0.000742720749715 	176.109041407 	-66.682166351 	36.7615193353 	-1.62713666329 	3.90118537524e-20
0.462 	0.125941422594 	-1.02169427416e-18 	0.128627653542 	0.000735511709302 	174.881856965 	-67.7881165363 	36.7926756361 	-1.59550301886 	-2.40921195294e-20
0.462 	0.127405857741 	1.41974493967e-18 	0.126531580349 	0.000728503721522 	173.6869375 	-68.8863259797 	36.8235971855 	-1.56328544219 	-2.3170987858e-20
0.462 	0.128870292887 	5.28392375777e-19 	0.126531580349 	0.000728503721522 	173.6869375 	-68.8863259797 	36.8235971855 	-1.56328544219 	-2.3170987858e-20
0.462 	0.130334728033 	9.35567394706e-19 	0.124510579764 	0.000721699696467 	172.524084981 	-69.9765233816 	36.8542759912 	-1.53048102518 	-4.71032082139e-20
0.462 	0.13179916318 	1.95011535731e-19 	0.122563112933 	0.000715099783636 	171.393021978 	-71.0584363894 	36.8847038327 	-1.49708686305 	3.29643118776e-22
0.462 	0.133263598326 	7.42557674782e-19 	0.120687355124 	0.000708702402784 	170.29341886 	-72.1317917042 	36.9148723063 	-1.46310005936 	9.64854419734e-20
0.462 	0.134728033473 	6.08490075812e-19 	0.118881340847 	0.000702504954071 	169.224914584 	-73.1963152174 	36.9447729351 	-1.42851772757 	-2.52914788857e-20
0.462 	0.136192468619 	-5.7354081267e-20 	0.118881340847 	0.000702504954071 	169.224914584 	-73.1963152174 	36.9447729351 	-1.42851772757 	-2.52914788857e-20
0.462 	0.137656903766 	-1.48984836835e-18 	0.117143059831 	0.000696504289666 	168.18713333 	-74.2517321648 	36.974397248 	-1.39333698944 	-4.7296356553e-20
0.462 	0.139121338912 	1.65362396872e-18 	0.115470513527 	0.000690696999099 	167.179694827 	-75.2977673011 	37.0037368194 	-1.35755497135 	-7.8627455841e-20
0.462 	0.140585774059 	-9.84429428323e-19 	0.113861727911 	0.000685079511672 	166.202208607 	-76.3341450852 	37.0327832522 	-1.32116879577 	1.89745610408e-19
0.462 	0.142050209205 	1.48359461561e-20 	0.113861727911 	0.000685079511672 	166.202208607 	-76.3341450852 	37.0327832522 	-1.32116879577 	1.89745610408e-19
0.462 	0.143514644351 	1.3419783659e-18 	0.112314735175 	0.000679648070904 	165.254254347 	-77.360589872 	37.0615281176 	-1.28417557154 	-1.92440706402e-19
0.462 	0.144979079498 	7.72034760603e-19 	0.110827584548 	0.000674398790602 	164.335384483 	-78.3768261012 	37.0899629301 	-1.24657238771 	9.83759122233e-20
0.462 	0.146443514644 	1.78280692235e-18 	0.109398398707 	0.000669327856445 	163.445160176 	-79.3825784884 	37.1180791744 	-1.20835630828 	-1.78076634297e-19
0.462 	0.147907949791 	-9.31293363067e-19 	0.109398398707 	0.000669327856445 	163.445160176 	-79.3825784884 	37.1180791744 	-1.20835630828 	-1.78076634297e-19
0.462 	0.149372384937 	1.22513967586e-19 	0.108025363324 	0.000664431508057 	162.583143656 	-80.3775722207 	37.145868326 	-1.16952436315 	2.84282332674e-19
0.462 	0.150836820084 	-9.3773558478e-19 	0.106706719025 	0.000659706018993 	161.748894132 	-81.3615331599 	37.1733218545 	-1.13007353885 	-1.84116987978e-19
0.462 	0.15230125523 	4.19727345581e-19 	0.106706719025 	0.000659706018993 	161.748894132 	-81.3615331599 	37.1733218545 	-1.13007353885 	-1.84116987978e-19
0.462 	0.153765690377 	-2.06146797929e-19 	0.105440758777 	0.000655147694018 	160.941967346 	-82.3341880458 	37.2004312282 	-1.0900007681 	2.30944734677e-19
0.462 	0.155230125523 	4.09773094937e-19 	0.104225826354 	0.000650752869804 	160.161915821 	-83.2952646965 	37.2271879113 	-1.04930291785 	-1.68335065033e-20
0.462 	0.156694560669 	-2.21953190142e-20 	0.104225826354 	0.000650752869804 	160.161915821 	-83.2952646965 	37.2271879113 	-1.04930291785 	-1.68335065033e-20
0.462 	0.158158995816 	2.08855427797e-18 	0.103060316055 	0.000646517919408 	159.408290105 	-84.2444922056 	37.2535833595 	-1.00797677597 	-2.30191977999e-19
0.462 	0.159623430962 	-3.78470599555e-19 	0.10194267629 	0.000642439269165 	158.680642954 	-85.181601137 	37.2796090264 	-0.966019038232 	1.40269299774e-19
0.462 	0.161087866109 	-7.65740299742e-19 	0.10194267629 	0.000642439269165 	158.680642954 	-85.181601137 	37.2796090264 	-0.966019038232 	1.40269299774e-19
0.462 	0.162552301255 	1.36809157397e-19 	0.100871417377 	0.000638513429062 	157.978536999 	-86.106323707 	37.3052563984 	-0.92342629513 	-2.31078759095e-19
0.462 	0.164016736402 	-2.22809130717e-19 	0.0998451117707 	0.000634736996582 	157.301547426 	-87.0183939718 	37.3305170231 	-0.880195017138 	9.79836676868e-21
0.462 	0.165481171548 	-2.67524886724e-19 	0.0998451117707 	0.000634736996582 	157.301547426 	-87.0183939718 	37.3305170231 	-0.880195017138 	9.79836676868e-21
0.462 	0.166945606695 	7.45592973984e-19 	0.0988623675549 	0.000631106572978 	156.649244023 	-87.9175479897 	37.3553824851 	-0.836321533669 	2.88367110941e-19
0.462 	0.168410041841 	4.95622358063e-19 	0.0979218061034 	0.000627618704553 	156.021172398 	-88.8035240017 	37.3798443646 	-0.791802016423 	-6.09598379658e-20
0.462 	0.169874476987 	6.10769089901e-21 	0.0979218061034 	0.000627618704553 	156.021172398 	-88.8035240017 	37.3798443646 	-0.791802016423 	-6.09598379658e-20
0.462 	0.171338912134 	3.5618206194e-19 	0.0970221138602 	0.000624270145388 	155.416872931 	-89.6760625177 	37.4038942498 	-0.746632457721 	1.19377193811e-19
0.462 	0.17280334728 	1.7043259654e-20 	0.0970221138602 	0.000624270145388 	155.416872931 	-89.6760625177 	37.4038942498 	-0.746632457721 	1.19377193811e-19
0.462 	0.174267782427 	4.64502618925e-19 	0.096162030226 	0.000621057689647 	154.835906276 	-90.5349065315 	37.4275237564 	-0.700808658051 	1.37311093621e-21
0.462 	0.175732217573 	5.91018036057e-19 	0.0953403409413 	0.000617978201685 	154.277838088 	-91.379801474 	37.4507245274 	-0.65432618663 	2.40943403573e-20
0.462 	0.17719665272 	-1.36580434396e-19 	0.0953403409413 	0.000617978201685 	154.277838088 	-91.379801474 	37.4507245274 	-0.65432618663 	2.40943403573e-20
0.462 	0.178661087866 	-1.78294670325e-20 	0.0945558771675 	0.000615028622392 	153.742238531 	-92.2104955653 	37.4734882286 	-0.607180388173 	-3.87121611754e-19
0.462 	0.180125523013 	9.16161244365e-19 	0.0945558771675 	0.000615028622392 	153.742238531 	-92.2104955653 	37.4734882286 	-0.607180388173 	-3.87121611754e-19
0.462 	0.181589958159 	-8.14156409927e-19 	0.0938075143054 	0.000612205970925 	153.228682438 	-93.0267394014 	37.4958065519 	-0.559366304406 	2.51161061393e-19
0.462 	0.183054393305 	7.06005137544e-19 	0.093094172181 	0.000609507349537 	152.73675084 	-93.8282868166 	37.5176712028 	-0.510878740489 	-7.82831602415e-20
0.462 	0.184518828452 	-1.08217705552e-19 	0.093094172181 	0.000609507349537 	152.73675084 	-93.8282868166 	37.5176712028 	-0.510878740489 	-7.82831602415e-20
0.462 	0.185983263598 	-7.79263234133e-19 	0.0924148128919 	0.000606929938553 	152.266031088 	-94.6148934357 	37.5390739164 	-0.461712075302 	1.49893303405e-19
0.462 	0.187447698745 	7.10664181788e-19 	0.0924148128919 	0.000606929938553 	152.266031088 	-94.6148934357 	37.5390739164 	-0.461712075302 	1.49893303405e-19
0.462 	0.188912133891 	-7.84720228741e-19 	0.0917684424378 	0.000604471003928 	151.816119949 	-95.3863191382 	37.560006421 	-0.411860510567 	-1.44446744343e-19
0.462 	0.190376569038 	8.39015138491e-19 	0.0917684424378 	0.000604471003928 	151.816119949 	-95.3863191382 	37.560006421 	-0.411860510567 	-1.44446744343e-19
0.462 	0.191841004184 	1.4924287564e-18 	0.0911541057183 	0.000602127880875 	151.386621702 	-96.1423237255 	37.5804604818 	-0.3613175621 	3.42202456224e-21
0.462 	0.193305439331 	-1.26646846511e-19 	0.0905708928996 	0.000599897999151 	150.977154496 	-96.882674025 	37.6004278015 	-0.310076837123 	-1.00097498628e-19
0.462 	0.194769874477 	8.40775200932e-20 	0.0905708928996 	0.000599897999151 	150.977154496 	-96.882674025 	37.6004278015 	-0.310076837123 	-1.00097498628e-19
0.462 	0.196234309623 	-4.92632697532e-20 	0.0900179300337 	0.000597778852662 	150.587344522 	-97.6071316209 	37.6199001566 	-0.258130635207 	1.70487609622e-19
0.462 	0.19769874477 	2.63974157799e-19 	0.0900179300337 	0.000597778852662 	150.587344522 	-97.6071316209 	37.6199001566 	-0.258130635207 	1.70487609622e-19
0.462 	0.199163179916 	1.09622474006e-18 	0.0894944023187 	0.000595768088087 	150.216844622 	-98.315472812 	37.6388691788 	-0.205472191953 	-1.75243308696e-19
0.462 	0.200627615063 	-9.49512108511e-19 	0.0894944023187 	0.000595768088087 	150.216844622 	-98.315472812 	37.6388691788 	-0.205472191953 	-1.75243308696e-19
0.462 	0.202092050209 	1.07643435763e-18 	0.0889995205123 	0.00059386338586 	149.865310156 	-99.0074550896 	37.6573267126 	-0.152091866049 	2.465019688e-19
0.462 	0.203556485356 	6.32902487845e-19 	0.0889995205123 	0.00059386338586 	149.865310156 	-99.0074550896 	37.6573267126 	-0.152091866049 	2.465019688e-19
0.462 	0.205020920502 	8.80230258151e-19 	0.0885325466847 	0.000592062556785 	149.532419624 	-99.6828712532 	37.675264195 	-0.0979832971419 	-1.57043936495e-19
0.462 	0.206485355649 	-3.66496903585e-19 	0.0885325466847 	0.000592062556785 	149.532419624 	-99.6828712532 	37.675264195 	-0.0979832971419 	-1.57043936495e-19
0.462 	0.207949790795 	-6.02539622165e-19 	0.0880927431019 	0.000590363358833 	149.217836412 	-100.341460764 	37.6926735342 	-0.0431332686278 	1.33486253994e-19
0.462 	0.209414225941 	-7.21195361778e-19 	0.0880927431019 	0.000590363358833 	149.217836412 	-100.341460764 	37.6926735342 	-0.0431332686278 	1.33486253994e-19
0.462 	0.210878661088 	3.40502604365e-19 	0.0876794905009 	0.000588763934433 	148.921299986 	-100.983051234 	37.7095457067 	0.0124620237252 	-1.86770518056e-19
0.462 	0.212343096234 	-6.91470843384e-19 	0.0876794905009 	0.000588763934433 	148.921299986 	-100.983051234 	37.7095457067 	0.0124620237252 	-1.86770518056e-19
0.462 	0.213807531381 	5.86923040432e-19 	0.0872920924803 	0.000587262093221 	148.642477504 	-101.607331699 	37.7258728806 	0.0688231515469 	2.76306859364e-19
0.462 	0.215271966527 	7.39252411236e-19 	0.0872920924803 	0.000587262093221 	148.642477504 	-101.607331699 	37.7258728806 	0.0688231515469 	2.76306859364e-19
0.462 	0.216736401674 	2.06177716182e-19 	0.0869300782789 	0.000585856427393 	148.381197533 	-102.214209465 	37.7416451363 	0.125945977309 	-2.06467217382e-19
0.462 	0.21820083682 	1.80925857496e-18 	0.0869300782789 	0.000585856427393 	148.381197533 	-102.214209465 	37.7416451363 	0.125945977309 	-2.06467217382e-19
0.462 	0.219665271967 	-8.71056463933e-19 	0.0865927328563 	0.000584544578096 	148.13709014 	-102.803249674 	37.7568553355 	0.183867123991 	-1.79611743136e-20
0.462 	0.221129707113 	1.14845388263e-18 	0.0865927328563 	0.000584544578096 	148.13709014 	-102.803249674 	37.7568553355 	0.183867123991 	-1.79611743136e-20
0.462 	0.222594142259 	1.65537147957e-19 	0.0862798215364 	0.00058332591214 	147.910147211 	-103.374543432 	37.7714918064 	0.242561822249 	-1.14448222375e-19
0.462 	0.224058577406 	4.60060858153e-19 	0.0862798215364 	0.00058332591214 	147.910147211 	-103.374543432 	37.7714918064 	0.242561822249 	-1.14448222375e-19
0.462 	0.225523012552 	-2.92202867816e-19 	0.0859904832685 	0.000582197421603 	147.699869628 	-103.927370395 	37.7855490434 	0.302102272083 	1.09577718897e-19
0.462 	0.226987447699 	8.14957439358e-19 	0.0859904832685 	0.000582197421603 	147.699869628 	-103.927370395 	37.7855490434 	0.302102272083 	1.09577718897e-19
0.462 	0.228451882845 	-7.17657628452e-19 	0.0857249101332 	0.000581159946823 	147.50656958 	-104.462235252 	37.7990120147 	0.362414577918 	2.39231146359e-19
0.462 	0.229916317992 	-1.28795091918e-19 	0.0857249101332 	0.000581159946823 	147.50656958 	-104.462235252 	37.7990120147 	0.362414577918 	2.39231146359e-19
0.462 	0.231380753138 	6.93346338254e-19 	0.0854818214187 	0.000580208787802 	147.329415231 	-104.977789252 	37.8118787276 	0.423648958153 	-1.76231282506e-19
0.462 	0.232845188285 	4.00080343828e-20 	0.0854818214187 	0.000580208787802 	147.329415231 	-104.977789252 	37.8118787276 	0.423648958153 	-1.76231282506e-19
0.462 	0.234309623431 	3.67338581801e-19 	0.0852622357239 	0.000579347720215 	147.169364354 	-105.475434602 	37.8241278635 	0.485621104043 	-6.20562305635e-20
0.462 	0.235774058577 	-3.44027435259e-19 	0.0852622357239 	0.000579347720215 	147.169364354 	-105.475434602 	37.8241278635 	0.485621104043 	-6.20562305635e-20
0.462 	0.237238493724 	-6.11419943489e-19 	0.0850638852522 	0.00057856818055 	147.024824579 	-105.952494712 	37.8357645037 	0.548648202617 	2.15914749172e-19
0.462 	0.23870292887 	6.44582966708e-19 	0.0850638852522 	0.00057856818055 	147.024824579 	-105.952494712 	37.8357645037 	0.548648202617 	2.15914749172e-19
0.462 	0.240167364017 	2.11762153276e-19 	0.0848894249981 	0.000577879839902 	146.898055853 	-106.41224223 	37.8467558161 	0.612309090461 	-1.43398922802e-19
0.462 	0.241631799163 	-2.90192848003e-19 	0.0848894249981 	0.000577879839902 	146.898055853 	-106.41224223 	37.8467558161 	0.612309090461 	-1.43398922802e-19
0.462 	0.24309623431 	-1.78224787943e-19 	0.0847344656062 	0.000577265919042 	146.785844809 	-106.849306215 	37.8571204567 	0.677267210389 	5.46580396543e-21
0.462 	0.244560669456 	2.32238408322e-19 	0.0847344656062 	0.000577265919042 	146.785844809 	-106.849306215 	37.8571204567 	0.677267210389 	5.46580396543e-21
0.462 	0.246025104603 	4.36399532015e-19 	0.0847344656062 	0.000577265919042 	146.785844809 	-106.849306215 	37.8571204567 	0.677267210389 	5.46580396543e-21
0.462 	0.247489539749 	-1.09229387954e-18 	0.0846048824193 	0.000576747764467 	146.693039196 	-107.270695004 	37.8668051631 	0.742614383617 	4.11694197382e-20
0.462 	0.248953974895 	-1.08288071895e-18 	0.0846048824193 	0.000576747764467 	146.693039196 	-107.270695004 	37.8668051631 	0.742614383617 	4.11694197382e-20
0.462 	0.250418410042 	1.6592096283e-19 	0.0844919713857 	0.000576291942933 	146.613140131 	-107.665794637 	37.8758542341 	0.809707070303 	4.90432502091e-21
0.462 	0.251882845188 	-3.88412088593e-19 	0.0844919713857 	0.000576291942933 	146.613140131 	-107.665794637 	37.8758542341 	0.809707070303 	4.90432502091e-21
0.462 	0.253347280335 	-2.08441873282e-19 	0.0844077918384 	0.000575942235593 	146.556002707 	-108.048751038 	37.8841759439 	0.876676007228 	-4.78328092384e-20
0.462 	0.254811715481 	4.34831586744e-19 	0.0844077918384 	0.000575942235593 	146.556002707 	-108.048751038 	37.8841759439 	0.876676007228 	-4.78328092384e-20
0.462 	0.256276150628 	1.12065809418e-18 	0.0844077918384 	0.000575942235593 	146.556002707 	-108.048751038 	37.8841759439 	0.876676007228 	-4.78328092384e-20
0.462 	0.257740585774 	-6.35214251368e-19 	0.084335209453 	0.000575632651551 	146.508731264 	-108.399187456 	37.8918541573 	0.946212762786 	-1.89438384159e-20
0.462 	0.259205020921 	-4.43779356823e-19 	0.084335209453 	0.000575632651551 	146.508731264 	-108.399187456 	37.8918541573 	0.946212762786 	-1.89438384159e-20
0.462 	0.260669456067 	-1.03174333177e-18 	0.0842979024831 	0.000575448935219 	146.490674192 	-108.74426677 	37.8987186139 	1.01462795125 	-1.19287266409e-19
0.462 	0.262133891213 	-2.1964519322e-19 	0.0842979024831 	0.000575448935219 	146.490674192 	-108.74426677 	37.8987186139 	1.01462795125 	-1.19287266409e-19
0.462 	0.26359832636 	-2.26578239217e-19 	0.0842630988369 	0.00057526439213 	146.477167698 	-109.046266169 	37.9049248807 	1.08708478279 	6.17225336252e-20
0.462 	0.265062761506 	1.30540827387e-19 	0.0842630988369 	0.00057526439213 	146.477167698 	-109.046266169 	37.9049248807 	1.08708478279 	6.17225336252e-20
0.462 	0.266527196653 	1.63027273674e-19 	0.0842630988369 	0.00057526439213 	146.477167698 	-109.046266169 	37.9049248807 	1.08708478279 	6.17225336252e-20
0.462 	0.267991631799 	-5.6545485125e-19 	0.0842756791653 	0.000575240362844 	146.505156121 	-109.354944859 	37.9102219038 	1.1565913662 	-1.56782611776e-20
0.462 	0.269456066946 	-2.15455392304e-19 	0.0842756791653 	0.000575240362844 	146.505156121 	-109.354944859 	37.9102219038 	1.1565913662 	-1.56782611776e-20
0.462 	0.270920502092 	-1.63607570985e-18 	0.0842740204364 	0.000575136828179 	146.528645545 	-109.603284576 	37.9150378509 	1.23269688134 	8.36126970246e-20
0.462 	0.272384937238 	-7.45852446759e-20 	0.0842740204364 	0.000575136828179 	146.528645545 	-109.603284576 	37.9150378509 	1.23269688134 	8.36126970246e-20
0.462 	0.273849372385 	5.38066227892e-19 	0.0842740204364 	0.000575136828179 	146.528645545 	-109.603284576 	37.9150378509 	1.23269688134 	8.36126970246e-20
0.462 	0.275313807531 	-1.44762842609e-19 	0.0843376158671 	0.000575234422733 	146.6143411 	-109.878228602 	37.9188723521 	1.30267534768 	-1.28816423405e-19
0.462 	0.276778242678 	3.89388964828e-19 	0.0843376158671 	0.000575234422733 	146.6143411 	-109.878228602 	37.9188723521 	1.30267534768 	-1.28816423405e-19
0.462 	0.278242677824 	1.03554513432e-18 	0.0843517692686 	0.000575080529683 	146.678186645 	-110.065970589 	37.9223035989 	1.38351026428 	5.50028749004e-20
0.462 	0.279707112971 	5.74831110779e-19 	0.0843517692686 	0.000575080529683 	146.678186645 	-110.065970589 	37.9223035989 	1.38351026428 	5.50028749004e-20
0.462 	0.281171548117 	-3.94729498333e-19 	0.0843517692686 	0.000575080529683 	146.678186645 	-110.065970589 	37.9223035989 	1.38351026428 	5.50028749004e-20
0.462 	0.282635983264 	-7.7527650252e-19 	0.0844524896505 	0.000575138429829 	146.838544028 	-110.3110694 	37.9242863693 	1.45296018242 	1.08383607375e-19
0.462 	0.28410041841 	-7.21497058894e-19 	0.0844524896505 	0.000575138429829 	146.838544028 	-110.3110694 	37.9242863693 	1.45296018242 	1.08383607375e-19
0.462 	0.285564853556 	-1.93090900577e-19 	0.0844308232216 	0.000574565235576 	146.947322939 	-110.429683416 	37.9261418012 	1.54003882436 	-1.13637116505e-19
0.462 	0.287029288703 	-9.8495725904e-19 	0.0844308232216 	0.000574565235576 	146.947322939 	-110.429683416 	37.9261418012 	1.54003882436 	-1.13637116505e-19
0.462 	0.288493723849 	6.08054407583e-19 	0.0844308232216 	0.000574565235576 	146.947322939 	-110.429683416 	37.9261418012 	1.54003882436 	-1.13637116505e-19
0.462 	0.289958158996 	-2.70733413485e-19 	0.0845055112426 	0.000574054151952 	147.208257192 	-110.649411089 	37.9260129928 	1.60751691639 	4.34157437699e-20
0.462 	0.291422594142 	6.82754358981e-20 	0.0845055112426 	0.000574054151952 	147.208257192 	-110.649411089 	37.9260129928 	1.60751691639 	4.34157437699e-20
0.462 	0.292887029289 	1.22108046063e-18 	0.0845055112426 	0.000574054151952 	147.208257192 	-110.649411089 	37.9260129928 	1.60751691639 	4.34157437699e-20
0.462 	0.294351464435 	6.24075749578e-19 	0.0843077276809 	0.000572069881748 	147.373127603 	-110.689838123 	37.9265729793 	1.7028550274 	7.57991560065e-20
0.462 	0.295815899582 	-9.12320767057e-19 	0.0843077276809 	0.000572069881748 	147.373127603 	-110.689838123 	37.9265729793 	1.7028550274 	7.57991560065e-20
0.462 	0.297280334728 	6.27764039667e-19 	0.0841839109113 	0.000569581149705 	147.799678685 	-110.887247757 	37.9236324631 	1.76647500095 	-2.13741809531e-23
0.462 	0.298744769874 	-1.15007249399e-19 	0.0841839109113 	0.000569581149705 	147.799678685 	-110.887247757 	37.9236324631 	1.76647500095 	-2.13741809531e-23
0.462 	0.300209205021 	-7.62106850634e-19 	0.0841839109113 	0.000569581149705 	147.799678685 	-110.887247757 	37.9236324631 	1.76647500095 	-2.13741809531e-23
0.462 	0.301673640167 	5.15300804203e-19 	0.0835327658314 	0.000564006565309 	148.10601679 	-110.843139833 	37.9206883151 	1.87236073896 	-2.11506827666e-19
0.462 	0.303138075314 	2.39160983812e-19 	0.0835327658314 	0.000564006565309 	148.10601679 	-110.843139833 	37.9206883151 	1.87236073896 	-2.11506827666e-19
0.462 	0.30460251046 	3.28021001529e-19 	0.0835327658314 	0.000564006565309 	148.10601679 	-110.843139833 	37.9206883151 	1.87236073896 	-2.11506827666e-19
0.462 	0.306066945607 	1.0915946046e-19 	0.082925522173 	0.000556797472532 	148.933007537 	-111.014870514 	37.9069632438 	1.92974689104 	-1.05659346689e-19
0.462 	0.307531380753 	9.97773178115e-20 	0.082925522173 	0.000556797472532 	148.933007537 	-111.014870514 	37.9069632438 	1.92974689104 	-1.05659346689e-19
0.462 	0.3089958159 	1.14259560326e-18 	0.0815378309459 	0.000545411196729 	149.497904397 	-110.889408198 	37.8895429177 	2.04785651185 	3.55414158084e-19
0.462 	0.310460251046 	-5.86249072619e-19 	0.0815378309459 	0.000545411196729 	149.497904397 	-110.889408198 	37.8895429177 	2.04785651185 	3.55414158084e-19
0.462 	0.311924686192 	-4.52539329884e-20 	0.0815378309459 	0.000545411196729 	149.497904397 	-110.889408198 	37.8895429177 	2.04785651185 	3.55414158084e-19
0.462 	0.313389121339 	3.87045544767e-20 	0.0809200980592 	0.000535225683633 	151.188742494 	-111.015218958 	37.8414358912 	2.09617130436 	-1.9872264502e-19
0.462 	0.314853556485 	-3.30524762794e-19 	0.0809200980592 	0.000535225683633 	151.188742494 	-111.015218958 	37.8414358912 	2.09617130436 	-1.9872264502e-19
0.462 	0.316317991632 	9.14217655912e-19 	0.0809200980592 	0.000535225683633 	151.188742494 	-111.015218958 	37.8414358912 	2.09617130436 	-1.9872264502e-19
0.462 	0.317782426778 	1.36321092859e-19 	0.0806619614137 	0.000517423718107 	153.03510969 	-110.831675713 	37.7520664033 	2.22464422672 	1.07383228157e-19
0.462 	0.319246861925 	-7.71583506382e-19 	0.0806619614137 	0.000517423718107 	153.03510969 	-110.831675713 	37.7520664033 	2.22464422672 	1.07383228157e-19
0.462 	0.320711297071 	3.84709226962e-19 	0.0806619614137 	0.000517423718107 	153.03510969 	-110.831675713 	37.7520664033 	2.22464422672 	1.07383228157e-19
0.462 	0.322175732218 	-3.77794311035e-20 	0.082362875723 	0.000449337519582 	156.958848371 	-110.861363984 	37.5866873065 	2.25947784981 	1.12577354796e-19
0.462 	0.323640167364 	-3.70443363102e-19 	0.082362875723 	0.000449337519582 	156.958848371 	-110.861363984 	37.5866873065 	2.25947784981 	1.12577354796e-19
0.462 	0.32510460251 	9.16194345883e-19 	0.082362875723 	0.000449337519582 	156.958848371 	-110.861363984 	37.5866873065 	2.25947784981 	1.12577354796e-19
0.462 	0.326569037657 	1.17313283342e-18 	0.0837797660821 	0.000362068185858 	161.714835524 	-110.699258255 	37.385264621 	2.39316340806 	1.64652477169e-19
0.462 	0.328033472803 	-9.18594782745e-19 	0.0837797660821 	0.000362068185858 	161.714835524 	-110.699258255 	37.385264621 	2.39316340806 	1.64652477169e-19
0.462 	0.32949790795 	2.8815831475e-19 	0.0837797660821 	0.000362068185858 	161.714835524 	-110.699258255 	37.385264621 	2.39316340806 	1.64652477169e-19
0.462 	0.330962343096 	1.92164503853e-18 	0.077384406198 	0.000508416605364 	152.20668519 	-110.498431703 	37.0354366653 	2.41734513591 	-9.54729847224e-20
0.462 	0.332426778243 	-1.13500357226e-18 	0.077384406198 	0.000508416605364 	152.20668519 	-110.498431703 	37.0354366653 	2.41734513591 	-9.54729847224e-20
0.462 	0.333891213389 	6.51590868975e-19 	0.077384406198 	0.000508416605364 	152.20668519 	-110.498431703 	37.0354366653 	2.41734513591 	-9.54729847224e-20
