0.336 	0.0190376569038 	-3.18400264167e-19 	4.61056159083 	0.000347665372451 	13261.4921018 	-124.247405059 	-3.75611416586 	1.4736990354 	-9.97297375907e-18
0.336 	0.0205020920502 	-9.9214926344e-19 	12.3281886838 	0.00189688910334 	6499.16152825 	-124.707969158 	-1.46559215384 	0.785987287773 	-1.3898662144e-18
0.336 	0.0219665271967 	-2.0150500774e-18 	17.9091732254 	0.00254139455246 	7046.9865484 	-125.110936229 	0.979839112674 	0.0778072601635 	-2.68243416082e-18
0.336 	0.0234309623431 	-7.0689524485e-19 	24.0958507713 	0.00236877031036 	9203.0430692 	-125.47530385 	4.52539907127 	-0.904631340735 	3.90679630246e-18
0.336 	0.0248953974895 	-9.34277950243e-19 	29.5410155562 	0.00201203844268 	11709.1544352 	-125.742396268 	10.3315889955 	-2.4107606026 	6.20139476912e-18
0.336 	0.026359832636 	-2.2430514026e-19 	28.898411109 	0.00187665275189 	12171.1925602 	-125.95743332 	16.6798693237 	-3.94642530147 	-4.83166244415e-18
0.336 	0.0278242677824 	2.15828048258e-18 	22.1377501784 	0.00199352956626 	10735.9115854 	-126.247535834 	23.1026761473 	-5.394898668 	3.391897289e-19
0.336 	0.0292887029289 	-2.72761227362e-18 	13.6896996528 	0.00162549673904 	8421.85611575 	-126.942075124 	28.2916092695 	-6.4658810247 	3.11718353533e-18
0.336 	0.0307531380753 	-1.97374684607e-18 	7.06466478674 	0.00122889660811 	5748.78695255 	-128.043995732 	32.1101001181 	-7.20560962108 	-6.56501476398e-19
0.336 	0.0322175732218 	-2.45754591478e-18 	4.25903455047 	0.0010651497755 	3998.53114409 	-129.059484708 	33.8817270193 	-7.52850096731 	7.30619515503e-19
0.336 	0.0336820083682 	-1.11447335577e-19 	2.50638413122 	0.00102121708529 	2454.31080944 	-130.583269622 	35.2821604533 	-7.75766307902 	3.40043585378e-18
0.336 	0.0351464435146 	-1.17231887714e-18 	1.87222842491 	0.00103845952522 	1802.89012661 	-131.83506222 	35.9977064306 	-7.8551851268 	-4.67461886329e-18
0.336 	0.0366108786611 	1.07699430348e-18 	1.4508927373 	0.00102504381415 	1415.44460566 	-133.177347281 	36.5830363177 	-7.91966422124 	2.67105879799e-18
0.336 	0.0380753138075 	2.15452466991e-18 	1.11907986845 	0.000952183847166 	1175.27709778 	-134.606844583 	37.0787773377 	-7.95883368575 	-6.36061494396e-19
0.336 	0.039539748954 	-1.16248968127e-18 	0.836972538037 	0.000828143909605 	1010.66074185 	-136.117715185 	37.4920252107 	-7.97380481418 	-1.96987439657e-18
0.336 	0.0410041841004 	4.26753717163e-20 	0.596170058408 	0.000678241793583 	878.99339741 	-137.702749743 	37.8140253535 	-7.96228679155 	4.71968427184e-18
0.336 	0.0424686192469 	4.76158802713e-19 	0.459993667144 	0.000576795353408 	797.498912615 	-138.796744121 	37.9687009615 	-7.9377568039 	1.51125822911e-18
0.336 	0.0439330543933 	-6.06907817764e-19 	0.296107554706 	0.000436754779954 	677.972098525 	-140.487450583 	38.1070079245 	-7.87512175252 	1.31263025687e-18
0.336 	0.0453974895397 	1.56964207482e-18 	0.214466888522 	0.000356617617586 	601.391737105 	-141.644235304 	38.1520047011 	-7.81970758284 	-4.90496475342e-18
0.336 	0.0468619246862 	9.54988824227e-19 	0.130653770109 	0.000261540728826 	499.554202113 	-143.419045421 	38.1933948072 	-7.72596330202 	4.71253058295e-18
0.336 	0.0483263598326 	-1.60636323302e-18 	0.0966436274769 	0.000216948083767 	445.468914954 	-144.626563895 	38.2220559038 	-7.66033356287 	8.00070027563e-19
0.336 	0.0497907949791 	-9.0508620601e-19 	0.0757924029793 	0.000187615890883 	403.976457552 	-145.852101538 	38.2559529431 	-7.59307629205 	-2.5018395308e-18
0.336 	0.0512552301255 	9.30597007664e-19 	0.0641657538644 	0.000171706390125 	373.694617991 	-147.094451058 	38.2938481287 	-7.52386928353 	-4.55078105364e-19
0.336 	0.052719665272 	8.48951031784e-19 	0.0568651782989 	0.000165689886621 	343.202469739 	-148.986450937 	38.3546167694 	-7.41552736598 	-1.84569185858e-18
0.336 	0.0541841004184 	4.63576205444e-19 	0.055447654401 	0.000168640955544 	328.791154095 	-150.264243933 	38.3965743517 	-7.33996448001 	1.36815062585e-18
0.336 	0.0556485355649 	1.75654274755e-18 	0.0552110040778 	0.000174311344222 	316.737871103 	-151.552737731 	38.4393530461 	-7.26162240781 	-2.5978171848e-18
0.336 	0.0571129707113 	-1.07690861063e-19 	0.0554425836786 	0.000181302864264 	305.800925449 	-152.849474014 	38.4828368942 	-7.18045181907 	2.09854500235e-18
0.336 	0.0585774058577 	-2.60943860876e-18 	0.0557601300883 	0.000188856336633 	295.251571022 	-154.151744517 	38.5269612091 	-7.09642171281 	2.04376890234e-18
0.336 	0.0600418410042 	1.95040559371e-19 	0.05588484105 	0.000192713259549 	289.989599994 	-154.804052025 	38.5492438244 	-7.05332677403 	3.28615884244e-18
0.336 	0.0615062761506 	1.6324287605e-18 	0.0559963492636 	0.000200447709819 	279.356393316 	-156.10911146 	38.5941677874 	-6.96495807101 	-2.48690015997e-19
0.336 	0.0629707112971 	-1.11937064281e-18 	0.0558844645141 	0.000208114845743 	268.527044837 	-157.412123502 	38.6393743877 	-6.87364989312 	-2.5208877223e-18
0.336 	0.0644351464435 	8.34215327981e-19 	0.0555458738269 	0.000215664119366 	257.55732567 	-158.709809491 	38.6846144491 	-6.77936760564 	-1.83547739586e-18
0.336 	0.06589958159 	1.22688160746e-18 	0.055300104549 	0.000219390529381 	252.06240536 	-159.355600855 	38.7072008365 	-6.73110847326 	3.18802891023e-18
0.336 	0.0673640167364 	7.05229861154e-19 	0.0546833885335 	0.000226750985521 	241.16053303 	-160.63892412 	38.7522847808 	-6.63236528204 	-2.11011096632e-18
0.336 	0.0688284518828 	9.74778277905e-19 	0.0539413042108 	0.000234000943845 	230.517464266 	-161.908311879 	38.7972232256 	-6.53067669954 	7.68054512349e-19
0.336 	0.0702928870293 	1.02836248422e-18 	0.0535380979272 	0.000237589783794 	225.338383967 	-162.536672306 	38.8196117757 	-6.47873546385 	-2.56149446034e-18
0.336 	0.0717573221757 	1.00199847116e-18 	0.0526921666225 	0.000244703965188 	215.330252544 	-163.778493376 	38.8641540408 	-6.37267600684 	-1.08634286252e-18
0.336 	0.0732217573222 	8.55692621237e-19 	0.0522572477688 	0.000248231552789 	210.51815203 	-164.391058231 	38.8862780613 	-6.31856615239 	-8.35415713089e-19
0.336 	0.0746861924686 	1.63636333232e-18 	0.0513781958218 	0.000255229926119 	201.301613032 	-165.597259281 	38.9301558037 	-6.20821117946 	8.48938887197e-19
0.336 	0.0761506276151 	-1.3893188022e-18 	0.0509384503514 	0.00025870043721 	196.901292092 	-166.190004583 	38.9518792674 	-6.15197795715 	3.68456138072e-18
0.336 	0.0776150627615 	2.80125014227e-19 	0.0500670516792 	0.000265581415584 	188.518656583 	-167.352576889 	38.9948294568 	-6.03743563916 	4.32047762743e-18
0.336 	0.0790794979079 	1.23939833804e-19 	0.0496381484955 	0.000268990272042 	184.535106488 	-167.921531816 	39.0160315887 	-5.97914266417 	-2.40143684516e-18
0.336 	0.0805439330544 	9.04807647748e-20 	0.0487995930921 	0.000275739555344 	176.977122601 	-169.03263639 	39.0578203722 	-5.86055654267 	7.13782089651e-19
0.336 	0.0820083682008 	2.76866929182e-19 	0.0483917580737 	0.000279077250321 	173.3991503 	-169.573947315 	39.0783779169 	-5.80028239317 	7.41927671277e-19
0.336 	0.0834728033473 	-6.90409880123e-19 	0.0479925094406 	0.00028238791302 	169.952420865 	-170.105217007 	39.0986933622 	-5.7393680241 	-8.96366122578e-19
0.336 	0.0849372384937 	3.13439784875e-19 	0.0472217065832 	0.00028891816658 	163.443189267 	-171.136042451 	39.1385506112 	-5.61566387879 	-3.89517590122e-19
0.336 	0.0864016736402 	-1.26962574673e-19 	0.0468507456016 	0.000292131484238 	160.375543649 	-171.6348272 	39.1580677516 	-5.55289786387 	-1.1821159192e-18
0.336 	0.0878661087866 	-3.08329187071e-19 	0.0464895857146 	0.000295305219937 	157.428933103 	-172.122030374 	39.177293031 	-5.48953910895 	1.59270764578e-18
0.336 	0.0893305439331 	-1.40972391249e-18 	0.0461382200537 	0.000298435032637 	154.60054956 	-172.597294307 	39.1962131334 	-5.42560061385 	1.31631271568e-18
0.336 	0.0907949790795 	2.95853721076e-20 	0.0454644413525 	0.000304543464851 	149.287200679 	-173.510637496 	39.2330849896 	-5.29603865577 	-7.44159372153e-19
0.336 	0.0922594142259 	-2.71788147278e-19 	0.0451416716195 	0.000307511357159 	146.796762359 	-173.948067527 	39.2510106173 	-5.23044346798 	9.31232651556e-19
0.336 	0.0937238493724 	-1.04276190561e-18 	0.0448280180302 	0.000310413821127 	144.413730895 	-174.37226143 	39.268579869 	-5.16432519824 	-2.06406010331e-19
0.336 	0.0951882845188 	-7.57508418202e-19 	0.0445232374751 	0.000313244370099 	142.135794687 	-174.782932293 	39.2857822465 	-5.09769930322 	-5.27758798029e-19
0.336 	0.0966527196653 	-7.42639338833e-19 	0.044227073944 	0.000315996002178 	139.960865451 	-175.179809556 	39.3026081718 	-5.03058168253 	6.64806224602e-19
0.336 	0.0981171548117 	-1.65014327091e-18 	0.0436595164824 	0.00032123156586 	135.9129087 	-175.931186986 	39.3350939898 	-4.89493677259 	2.31021680755e-20
0.336 	0.0995815899582 	-1.38933508619e-18 	0.0433875723747 	0.00032369829692 	134.037073372 	-176.285234158 	39.3507368671 	-4.82644319659 	-7.82854120653e-19
0.336 	0.101046025105 	-3.30555278107e-19 	0.0431231453052 	0.000326051406725 	132.258731034 	-176.624583218 	39.3659703372 	-4.75752535248 	1.46250367287e-18
0.336 	0.102510460251 	-7.91580200721e-19 	0.0428659397462 	0.000328279760952 	130.577467285 	-176.949056142 	39.3807894097 	-4.68820110638 	-9.62332622905e-19
0.336 	0.103974895397 	-5.56407817728e-19 	0.0426156427497 	0.000330370655825 	128.993426015 	-177.258495545 	39.3951909064 	-4.61848871488 	2.91839948674e-19
0.336 	0.105439330544 	-5.86382283021e-20 	0.0423719180921 	0.000332309244634 	127.507491219 	-177.552765259 	39.4091732815 	-4.54840675198 	1.22457624237e-19
0.336 	0.10690376569 	5.78127298178e-19 	0.0421343877531 	0.000334077829394 	126.121472441 	-177.831750907 	39.4227360284 	-4.47797400521 	-7.59443110135e-19
0.336 	0.108368200837 	3.80848771071e-19 	0.0419025945848 	0.000335655271368 	124.83818417 	-178.095360459 	39.4358803248 	-4.4072096458 	1.47420293019e-18
0.336 	0.109832635983 	-3.48421455552e-19 	0.0416759613703 	0.000337017226948 	123.661219777 	-178.343524754 	39.4486147491 	-4.33613402373 	-4.62339605016e-19
0.336 	0.11129707113 	-7.59628619064e-22 	0.0414537753607 	0.000338137948393 	122.594271237 	-178.576197798 	39.4609655185 	-4.26476953171 	-3.45897864242e-19
0.336 	0.112761506276 	-7.25487710174e-20 	0.0412351863403 	0.000338993828279 	121.639932354 	-178.793356469 	39.4729778012 	-4.19313976821 	5.65989970228e-19
0.336 	0.114225941423 	-2.06690925778e-19 	0.0410191484939 	0.000339567712618 	120.798141194 	-178.994999946 	39.4846899258 	-4.121265971 	-5.71782846757e-19
0.336 	0.115690376569 	-1.41376709484e-18 	0.0408042556246 	0.000339852362535 	120.064651957 	-179.18114969 	39.4960854096 	-4.04916284689 	-9.95327570419e-19
0.336 	0.117154811715 	-9.72498671611e-19 	0.0405885254626 	0.000339851750524 	119.430090915 	-179.351850894 	39.507063491 	-3.97683800807 	6.51771786e-19
0.336 	0.118619246862 	-1.31691544234e-18 	0.0403692594775 	0.000339579794392 	118.880039814 	-179.507174831 	39.5174697347 	-3.90429673366 	2.03488537277e-19
0.336 	0.120083682008 	5.68472605021e-20 	0.0401430453666 	0.00033905695341 	118.396171979 	-179.647220304 	39.5271769204 	-3.831548725 	6.00391334163e-19
0.336 	0.121548117155 	-1.56261571483e-18 	0.0399058521904 	0.000338305563086 	117.958013538 	-179.772113334 	39.5361535755 	-3.75861159484 	-7.57142315198e-19
0.336 	0.123012552301 	5.99339590038e-20 	0.0396531226927 	0.000337344977543 	117.544725229 	-179.882005761 	39.5444656214 	-3.68550908049 	-5.45104778081e-19
0.336 	0.124476987448 	5.63586109031e-19 	0.0393798284175 	0.000336187630489 	117.136458472 	-179.977074617 	39.5522184208 	-3.61226645482 	1.39135687427e-18
0.336 	0.125941422594 	4.8610502739e-19 	0.0390805546842 	0.000334836966137 	116.715173761 	-180.057522781 	39.5594939089 	-3.53890686953 	-6.8948023053e-19
0.336 	0.127405857741 	-6.12855286845e-19 	0.0390805546842 	0.000334836966137 	116.715173761 	-180.057522781 	39.5594939089 	-3.53890686953 	-6.8948023053e-19
0.336 	0.128870292887 	-9.79707413964e-19 	0.0387497313392 	0.00033328776822 	116.265086913 	-180.123580152 	39.5663266526 	-3.46545029045 	1.77390967283e-19
0.336 	0.130334728033 	-9.43444190421e-19 	0.0383820806839 	0.000331528790181 	115.772994143 	-180.175504229 	39.5727183497 	-3.39191428543 	-2.4418929514e-19
0.336 	0.13179916318 	-5.42901198269e-19 	0.0379732515526 	0.000329546987894 	115.228640975 	-180.213579844 	39.5786627052 	-3.3183151894 	-8.70493104425e-19
0.336 	0.133263598326 	1.16101418557e-19 	0.0375205130888 	0.000327332301182 	114.625146841 	-180.238118531 	39.5841588928 	-3.24466879707 	3.18505177752e-19
0.336 	0.134728033473 	-7.15989282923e-19 	0.0370233397681 	0.000324881909397 	113.959376306 	-180.249458034 	39.5892117017 	-3.17099052532 	1.01865597563e-18
0.336 	0.136192468619 	-1.52337625105e-20 	0.0370233397681 	0.000324881909397 	113.959376306 	-180.249458034 	39.5892117017 	-3.17099052532 	1.01865597563e-18
0.336 	0.137656903766 	5.95082822326e-19 	0.0364837425696 	0.000322203150113 	113.232110104 	-180.247962152 	39.5938271511 	-3.09729532759 	-1.92642479e-19
0.336 	0.139121338912 	2.2609460061e-19 	0.0359062693529 	0.000319314695759 	112.44790744 	-180.234020797 	39.5980102874 	-3.02359759859 	-2.27580668683e-19
0.336 	0.140585774059 	-1.06508568261e-18 	0.0352976751164 	0.000316245970031 	111.614624253 	-180.208050152 	39.6017659686 	-2.94991114781 	8.36894135612e-19
0.336 	0.142050209205 	-1.17275178939e-18 	0.0346663240421 	0.000313035062884 	110.742623279 	-180.170492851 	39.605100608 	-2.87624921698 	-1.24976303351e-18
0.336 	0.143514644351 	-1.36042544302e-18 	0.0346663240421 	0.000313035062884 	110.742623279 	-180.170492851 	39.605100608 	-2.87624921698 	-1.24976303351e-18
0.336 	0.144979079498 	-3.68262399211e-19 	0.034021423618 	0.000309725571692 	109.843767281 	-180.121818193 	39.6080233341 	-2.80262449185 	-3.48859126075e-19
0.336 	0.146443514644 	3.09872947497e-19 	0.0333722108725 	0.000306362900023 	108.930326975 	-180.062522347 	39.610546268 	-2.72904907534 	1.09903234401e-18
0.336 	0.147907949791 	7.03101976025e-19 	0.0327272135447 	0.000302990600069 	108.013956661 	-179.993128516 	39.612684146 	-2.6555344165 	-9.27580889718e-19
0.336 	0.149372384937 	7.42947378004e-19 	0.0327272135447 	0.000302990600069 	108.013956661 	-179.993128516 	39.612684146 	-2.6555344165 	-9.27580889718e-19
0.336 	0.150836820084 	2.47143482544e-19 	0.03209369099 	0.000299647320707 	107.104882214 	-179.914187056 	39.6144535195 	-2.5820912106 	1.13770533427e-18
0.336 	0.15230125523 	2.54475953552e-19 	0.0314773188086 	0.00029636478333 	106.211400879 	-179.826275494 	39.6158717849 	-2.50872929907 	-7.93667663598e-19
0.336 	0.153765690377 	-3.70084746523e-19 	0.0308821255481 	0.000293166961877 	105.339719559 	-179.729998471 	39.6169563985 	-2.43545759063 	5.19768134971e-19
0.336 	0.155230125523 	-2.39859384762e-19 	0.0308821255481 	0.000293166961877 	105.339719559 	-179.729998471 	39.6169563985 	-2.43545759063 	5.19768134971e-19
0.336 	0.156694560669 	-2.02140665159e-19 	0.0303106366743 	0.000290070363903 	104.494082975 	-179.625987619 	39.6177245594 	-2.36228400993 	-1.98717862807e-21
0.336 	0.158158995816 	-2.41096682978e-19 	0.0297641477495 	0.000287085093946 	103.677092183 	-179.514901383 	39.6181933654 	-2.28921546372 	3.67579118288e-19
0.336 	0.159623430962 	1.67112366687e-20 	0.0297641477495 	0.000287085093946 	103.677092183 	-179.514901383 	39.6181933654 	-2.28921546372 	3.67579118288e-19
0.336 	0.161087866109 	1.02252886458e-18 	0.0292430433034 	0.000284216294623 	102.890101154 	-179.397424817 	39.6183801912 	-2.21625781294 	-8.53340577158e-19
0.336 	0.162552301255 	3.36589631238e-19 	0.0287470955571 	0.000281465606217 	102.133599709 	-179.274269395 	39.618303017 	-2.14341584127 	3.95272613321e-19
0.336 	0.164016736402 	6.57493692483e-19 	0.0282757055911 	0.000278832410373 	101.407528462 	-179.146172848 	39.617980587 	-2.07069321854 	7.64345929489e-20
0.336 	0.165481171548 	3.37741437961e-19 	0.0282757055911 	0.000278832410373 	101.407528462 	-179.146172848 	39.617980587 	-2.07069321854 	7.64345929489e-20
0.336 	0.166945606695 	1.06703540354e-18 	0.0278280762782 	0.000276314761539 	100.711507859 	-179.013899047 	39.6174324324 	-1.99809245809 	3.23330910587e-19
0.336 	0.168410041841 	4.68428896108e-19 	0.027403324157 	0.000273910013758 	100.044988429 	-178.87823792 	39.6166788432 	-1.92561487085 	-7.39922664889e-19
0.336 	0.169874476987 	-7.6957630399e-19 	0.027403324157 	0.000273910013758 	100.044988429 	-178.87823792 	39.6166788432 	-1.92561487085 	-7.39922664889e-19
0.336 	0.171338912134 	-3.86168872386e-19 	0.0270005452537 	0.000271615204826 	99.4073408776 	-178.74000544 	39.6157408413 	-1.85326051687 	8.66561470926e-19
0.336 	0.17280334728 	-2.80620369849e-19 	0.0270005452537 	0.000271615204826 	99.4073408776 	-178.74000544 	39.6157408413 	-1.85326051687 	8.66561470926e-19
0.336 	0.174267782427 	-5.13234698267e-19 	0.0266188503667 	0.000269427272858 	98.7979059593 	-178.600043607 	39.6146401657 	-1.78102815466 	-9.06818265613e-19
0.336 	0.175732217573 	1.56057400371e-19 	0.0262573821803 	0.000267343169623 	98.2160203207 	-178.459220542 	39.6133992645 	-1.70891519254 	-4.53632415918e-20
0.336 	0.17719665272 	1.91726071358e-19 	0.0262573821803 	0.000267343169623 	98.2160203207 	-178.459220542 	39.6133992645 	-1.70891519254 	-4.53632415918e-20
0.336 	0.178661087866 	1.60386195357e-18 	0.0259153224476 	0.000265359901528 	97.66103431 	-178.318430482 	39.6120412871 	-1.63691763126 	8.00775776229e-19
0.336 	0.180125523013 	-6.71809254698e-19 	0.0255918944284 	0.00026347458521 	97.1323074978 	-178.178594084 	39.6105900803 	-1.56503002126 	9.06063902932e-20
0.336 	0.181589958159 	7.6278698849e-19 	0.0255918944284 	0.00026347458521 	97.1323074978 	-178.178594084 	39.6105900803 	-1.56503002126 	9.06063902932e-20
0.336 	0.183054393305 	7.92241430286e-19 	0.0252863630614 	0.000261684444558 	96.629217316 	-178.040658259 	39.6090701807 	-1.49324538587 	-8.54129596776e-19
0.336 	0.184518828452 	3.24755483993e-19 	0.0252863630614 	0.000261684444558 	96.629217316 	-178.040658259 	39.6090701807 	-1.49324538587 	-8.54129596776e-19
0.336 	0.185983263598 	8.75720708434e-19 	0.0249980343415 	0.000259986818156 	96.151160735 	-177.905597024 	39.6075068164 	-1.4215552049 	-7.96690150686e-20
0.336 	0.187447698745 	8.75011569304e-19 	0.0247262542277 	0.000258379162801 	95.6975553277 	-177.774410615 	39.6059258993 	-1.34994927878 	3.07662600045e-19
0.336 	0.188912133891 	2.08388362167e-19 	0.0247262542277 	0.000258379162801 	95.6975553277 	-177.774410615 	39.6059258993 	-1.34994927878 	3.07662600045e-19
0.336 	0.190376569038 	-5.63518693586e-19 	0.0244704078633 	0.000256859057215 	95.2678411601 	-177.648127924 	39.604354031 	-1.27841580589 	1.04279588947e-19
0.336 	0.191841004184 	-1.82254867198e-20 	0.0244704078633 	0.000256859057215 	95.2678411601 	-177.648127924 	39.604354031 	-1.27841580589 	1.04279588947e-19
0.336 	0.193305439331 	7.36725536909e-19 	0.0242299182054 	0.000255424200849 	94.8614818993 	-177.527803113 	39.602818487 	-1.20694106481 	4.01293131454e-20
0.336 	0.194769874477 	-1.04762689637e-18 	0.0240042458599 	0.000254072419038 	94.4779679385 	-177.414522807 	39.6013472284 	-1.13550979881 	-2.19097743054e-20
0.336 	0.196234309623 	8.48701043067e-19 	0.0240042458599 	0.000254072419038 	94.4779679385 	-177.414522807 	39.6013472284 	-1.13550979881 	-2.19097743054e-20
0.336 	0.19769874477 	6.74169008101e-19 	0.0237928870645 	0.000252801657368 	94.116815974 	-177.309394766 	39.5999688733 	-1.06410434074 	-1.31629017025e-19
0.336 	0.199163179916 	-6.9488168747e-19 	0.0237928870645 	0.000252801657368 	94.116815974 	-177.309394766 	39.5999688733 	-1.06410434074 	-1.31629017025e-19
0.336 	0.200627615063 	-4.08343146098e-19 	0.023595375207 	0.000251609997192 	93.7775743028 	-177.213569196 	39.5987127292 	-0.992705947416 	8.49257522151e-21
0.336 	0.202092050209 	-1.42781918245e-18 	0.023595375207 	0.000251609997192 	93.7775743028 	-177.213569196 	39.5987127292 	-0.992705947416 	8.49257522151e-21
0.336 	0.203556485356 	1.20927990196e-18 	0.0234112766544 	0.000250495637655 	93.4598177978 	-177.128203753 	39.5976087461 	-0.921292273836 	3.52400503932e-19
0.336 	0.205020920502 	-2.41211930586e-19 	0.0234112766544 	0.000250495637655 	93.4598177978 	-177.128203753 	39.5976087461 	-0.921292273836 	3.52400503932e-19
0.336 	0.206485355649 	-1.94755770514e-19 	0.0232401966473 	0.000249456937226 	93.1631603664 	-177.054525258 	39.5966875936 	-0.849841485559 	1.25045036585e-20
0.336 	0.207949790795 	6.05589262317e-19 	0.0230817687323 	0.000248492356753 	92.8872381989 	-176.993727705 	39.5959805685 	-0.7783250482 	-1.35605902303e-19
0.336 	0.209414225941 	-2.37832612564e-19 	0.0230817687323 	0.000248492356753 	92.8872381989 	-176.993727705 	39.5959805685 	-0.7783250482 	-1.35605902303e-19
0.336 	0.210878661088 	6.89906184689e-20 	0.0229356719942 	0.000247600567968 	92.6317422552 	-176.947145257 	39.5955197467 	-0.706719590604 	4.0890915843e-20
0.336 	0.212343096234 	6.35835662119e-19 	0.0229356719942 	0.000247600567968 	92.6317422552 	-176.947145257 	39.5955197467 	-0.706719590604 	4.0890915843e-20
0.336 	0.213807531381 	3.65057573396e-19 	0.0228016029183 	0.000246780289621 	92.3963698776 	-176.915968648 	39.5953377768 	-0.634986922966 	1.23872795299e-19
0.336 	0.215271966527 	1.28698970824e-18 	0.0228016029183 	0.000246780289621 	92.3963698776 	-176.915968648 	39.5953377768 	-0.634986922966 	1.23872795299e-19
0.336 	0.216736401674 	-5.5943566319e-19 	0.0226793217694 	0.000246030570728 	92.1809094793 	-176.901713101 	39.5954681965 	-0.563106661999 	-2.64136754871e-19
0.336 	0.21820083682 	4.4920459851e-19 	0.0226793217694 	0.000246030570728 	92.1809094793 	-176.901713101 	39.5954681965 	-0.563106661999 	-2.64136754871e-19
0.336 	0.219665271967 	1.88604997458e-19 	0.0225685787362 	0.00024535034902 	91.9851095642 	-176.905462051 	39.5959449607 	-0.491022730584 	3.5686980394e-20
0.336 	0.221129707113 	-1.27672221534e-20 	0.0225685787362 	0.00024535034902 	91.9851095642 	-176.905462051 	39.5959449607 	-0.491022730584 	3.5686980394e-20
0.336 	0.222594142259 	-2.64732485716e-19 	0.0224692337568 	0.000244739178412 	91.8088959136 	-176.929086969 	39.5968031943 	-0.4187294955 	1.06685855533e-19
0.336 	0.224058577406 	-1.14850727664e-18 	0.0224692337568 	0.000244739178412 	91.8088959136 	-176.929086969 	39.5968031943 	-0.4187294955 	1.06685855533e-19
0.336 	0.225523012552 	4.04611846959e-19 	0.0223810682877 	0.000244196091426 	91.652033237 	-176.973307957 	39.5980780172 	-0.346133521383 	-3.10235162911e-19
0.336 	0.226987447699 	1.69628227768e-20 	0.0223810682877 	0.000244196091426 	91.652033237 	-176.973307957 	39.5980780172 	-0.346133521383 	-3.10235162911e-19
0.336 	0.228451882845 	-8.9977223075e-19 	0.0223040848362 	0.000243721419129 	91.5146683289 	-177.040759938 	39.5998065405 	-0.273272584836 	1.34170118887e-19
0.336 	0.229916317992 	2.22291988679e-19 	0.0223040848362 	0.000243721419129 	91.5146683289 	-177.040759938 	39.5998065405 	-0.273272584836 	1.34170118887e-19
0.336 	0.231380753138 	8.40382140731e-19 	0.0222380420289 	0.000243313965401 	91.3964884515 	-177.131200733 	39.6020245275 	-0.199970875211 	1.07370986221e-19
0.336 	0.232845188285 	-3.5044337026e-19 	0.0222380420289 	0.000243313965401 	91.3964884515 	-177.131200733 	39.6020245275 	-0.199970875211 	1.07370986221e-19
0.336 	0.234309623431 	2.62146231864e-20 	0.0221831804586 	0.000242975427424 	91.2980406856 	-177.248943839 	39.6047721899 	-0.126376013585 	1.45235336281e-19
0.336 	0.235774058577 	2.9362055877e-19 	0.0221831804586 	0.000242975427424 	91.2980406856 	-177.248943839 	39.6047721899 	-0.126376013585 	1.45235336281e-19
0.336 	0.237238493724 	3.39615755995e-19 	0.0221391099904 	0.000242703609039 	91.2187094293 	-177.391448084 	39.6080842238 	-0.0521289526256 	-1.85054456024e-19
0.336 	0.23870292887 	7.35825574459e-19 	0.0221391099904 	0.000242703609039 	91.2187094293 	-177.391448084 	39.6080842238 	-0.0521289526256 	-1.85054456024e-19
0.336 	0.240167364017 	7.37144252535e-19 	0.0221391099904 	0.000242703609039 	91.2187094293 	-177.391448084 	39.6080842238 	-0.0521289526256 	-1.85054456024e-19
0.336 	0.241631799163 	5.30484512944e-19 	0.0221065158126 	0.000242502836206 	91.1598237712 	-177.566695012 	39.6120067705 	0.0223649816851 	-1.04733899026e-19
0.336 	0.24309623431 	1.4898823445e-19 	0.0221065158126 	0.000242502836206 	91.1598237712 	-177.566695012 	39.6120067705 	0.0223649816851 	-1.04733899026e-19
0.336 	0.244560669456 	1.03408322949e-18 	0.0220845810862 	0.000242368195554 	91.1199633092 	-177.76696095 	39.6165697556 	0.0978672420758 	1.04385324069e-19
0.336 	0.246025104603 	-9.42010175924e-19 	0.0220845810862 	0.000242368195554 	91.1199633092 	-177.76696095 	39.6165697556 	0.0978672420758 	1.04385324069e-19
0.336 	0.247489539749 	-4.31503417568e-20 	0.0220748673161 	0.000242309263736 	91.1020361987 	-178.008098858 	39.6218325732 	0.173397327187 	-2.14589483494e-20
0.336 	0.248953974895 	-3.48109868307e-19 	0.0220748673161 	0.000242309263736 	91.1020361987 	-178.008098858 	39.6218325732 	0.173397327187 	-2.14589483494e-20
0.336 	0.250418410042 	5.78557037566e-19 	0.0220755288331 	0.000242314701313 	91.1027218468 	-178.271204039 	39.6277921207 	0.250579891467 	-9.3551385451e-20
0.336 	0.251882845188 	-3.76554528428e-19 	0.0220755288331 	0.000242314701313 	91.1027218468 	-178.271204039 	39.6277921207 	0.250579891467 	-9.3551385451e-20
0.336 	0.253347280335 	-1.37141639982e-18 	0.0220899488167 	0.000242405072672 	91.1282448556 	-178.588538537 	39.6345701347 	0.327200715666 	9.31204290033e-20
0.336 	0.254811715481 	-1.38330061394e-20 	0.0220899488167 	0.000242405072672 	91.1282448556 	-178.588538537 	39.6345701347 	0.327200715666 	9.31204290033e-20
0.336 	0.256276150628 	5.47278238698e-19 	0.0220899488167 	0.000242405072672 	91.1282448556 	-178.588538537 	39.6345701347 	0.327200715666 	9.31204290033e-20
0.336 	0.257740585774 	2.02451614069e-19 	0.0221139636327 	0.000242554648189 	91.1710569056 	-178.918068659 	39.6421067897 	0.406684346211 	8.8110175073e-20
0.336 	0.259205020921 	-8.30005973456e-20 	0.0221139636327 	0.000242554648189 	91.1710569056 	-178.918068659 	39.6421067897 	0.406684346211 	8.8110175073e-20
0.336 	0.260669456067 	-2.51111310026e-19 	0.0221545411887 	0.000242805625405 	91.243937004 	-179.325110848 	39.6506268837 	0.484273054329 	-9.57443533241e-20
0.336 	0.262133891213 	5.62985279708e-20 	0.0221545411887 	0.000242805625405 	91.243937004 	-179.325110848 	39.6506268837 	0.484273054329 	-9.57443533241e-20
0.336 	0.26359832636 	2.28558819222e-19 	0.0222027504337 	0.000243102788518 	91.3307106392 	-179.721581369 	39.6598559809 	0.567016260982 	1.08301373334e-19
0.336 	0.265062761506 	1.32400243791e-18 	0.0222027504337 	0.000243102788518 	91.3307106392 	-179.721581369 	39.6598559809 	0.567016260982 	1.08301373334e-19
0.336 	0.266527196653 	2.75167008309e-19 	0.0222027504337 	0.000243102788518 	91.3307106392 	-179.721581369 	39.6598559809 	0.567016260982 	1.08301373334e-19
0.336 	0.267991631799 	-3.05429655356e-19 	0.0222727045152 	0.000243531276035 	91.4572652757 	-180.237309752 	39.6703516918 	0.645086481764 	2.41376856483e-20
0.336 	0.269456066946 	7.35952024458e-19 	0.0222727045152 	0.000243531276035 	91.4572652757 	-180.237309752 	39.6703516918 	0.645086481764 	2.41376856483e-20
0.336 	0.270920502092 	-1.75914911588e-19 	0.0223457062906 	0.000243975439668 	91.5899826677 	-180.695472644 	39.6813437985 	0.732628862942 	-1.15384291686e-19
0.336 	0.272384937238 	1.13250556125e-18 	0.0223457062906 	0.000243975439668 	91.5899826677 	-180.695472644 	39.6813437985 	0.732628862942 	-1.15384291686e-19
0.336 	0.273849372385 	-1.22822555647e-18 	0.0223457062906 	0.000243975439668 	91.5899826677 	-180.695472644 	39.6813437985 	0.732628862942 	-1.15384291686e-19
0.336 	0.275313807531 	-4.14844162218e-19 	0.0224489196186 	0.000244597347174 	91.7790805092 	-181.347658974 	39.6941900367 	0.810044439835 	8.42260965122e-20
0.336 	0.276778242678 	-1.2398669222e-18 	0.0224489196186 	0.000244597347174 	91.7790805092 	-181.347658974 	39.6941900367 	0.810044439835 	8.42260965122e-20
0.336 	0.278242677824 	1.45353352534e-18 	0.0225427865018 	0.00024514994435 	91.955095326 	-181.852876766 	39.7068996241 	0.904882028585 	1.30635247021e-19
0.336 	0.279707112971 	-4.9686729813e-19 	0.0225427865018 	0.00024514994435 	91.955095326 	-181.852876766 	39.7068996241 	0.904882028585 	1.30635247021e-19
0.336 	0.281171548117 	-8.46782035448e-19 	0.0225427865018 	0.00024514994435 	91.955095326 	-181.852876766 	39.7068996241 	0.904882028585 	1.30635247021e-19
0.336 	0.282635983264 	5.57485856902e-19 	0.022672630383 	0.000245891007643 	92.2060168056 	-182.682896092 	39.7226593608 	0.97939465909 	6.78672389648e-20
0.336 	0.28410041841 	1.52073577515e-19 	0.022672630383 	0.000245891007643 	92.2060168056 	-182.682896092 	39.7226593608 	0.97939465909 	6.78672389648e-20
0.336 	0.285564853556 	7.21561295963e-19 	0.0227463539028 	0.000246226676219 	92.3797301419 	-183.205348263 	39.7367218802 	1.08557947552 	-9.81793217758e-21
0.336 	0.287029288703 	-1.19229121859e-18 	0.0227463539028 	0.000246226676219 	92.3797301419 	-183.205348263 	39.7367218802 	1.08557947552 	-9.81793217758e-21
0.336 	0.288493723849 	-3.15808861382e-19 	0.0227463539028 	0.000246226676219 	92.3797301419 	-183.205348263 	39.7367218802 	1.08557947552 	-9.81793217758e-21
0.336 	0.289958158996 	9.81493994762e-19 	0.0228086958976 	0.000235209194274 	92.6046777968 	-184.275350297 	39.7561765843 	1.15310436247 	-5.0646250177e-20
0.336 	0.291422594142 	1.14690837346e-19 	0.0228086958976 	0.000235209194274 	92.6046777968 	-184.275350297 	39.7561765843 	1.15310436247 	-5.0646250177e-20
0.336 	0.292887029289 	8.38747687963e-19 	0.0228086958976 	0.000235209194274 	92.6046777968 	-184.275350297 	39.7561765843 	1.15310436247 	-5.0646250177e-20
0.336 	0.294351464435 	-6.31649857751e-20 	0.0226411940637 	0.000212296907949 	92.5521760155 	-184.765698781 	39.7707179626 	1.27710141208 	-2.18597369688e-20
0.336 	0.295815899582 	2.9474475233e-19 	0.0226411940637 	0.000212296907949 	92.5521760155 	-184.765698781 	39.7707179626 	1.27710141208 	-2.18597369688e-20
0.336 	0.297280334728 	-3.99942958441e-19 	0.0223649047292 	0.000174724593175 	92.4955013295 	-186.161944547 	39.7956841533 	1.3307862132 	-4.04204574439e-21
0.336 	0.298744769874 	6.92826803893e-19 	0.0223649047292 	0.000174724593175 	92.4955013295 	-186.161944547 	39.7956841533 	1.3307862132 	-4.04204574439e-21
0.336 	0.300209205021 	-6.24528428695e-19 	0.022353564475 	0.000174889119655 	92.4795309837 	-187.398021613 	39.8274364847 	1.32367313579 	1.19887611692e-20
0.336 	0.301673640167 	5.74989587549e-19 	0.0219005614714 	0.000189002405981 	91.8368073825 	-187.799178121 	39.8421040082 	1.47438966917 	2.05209139699e-20
0.336 	0.303138075314 	1.72301366494e-19 	0.0219005614714 	0.000189002405981 	91.8368073825 	-187.799178121 	39.8421040082 	1.47438966917 	2.05209139699e-20
0.336 	0.30460251046 	5.88063493938e-19 	0.0219005614714 	0.000189002405981 	91.8368073825 	-187.799178121 	39.8421040082 	1.47438966917 	2.05209139699e-20
0.336 	0.306066945607 	-5.81281899456e-19 	0.0216174345842 	0.000172092704116 	91.8122544348 	-189.614148114 	39.8742571999 	1.50386351336 	4.38774200452e-20
0.336 	0.307531380753 	3.09365748928e-19 	0.0216174345842 	0.000172092704116 	91.8122544348 	-189.614148114 	39.8742571999 	1.50386351336 	4.38774200452e-20
0.336 	0.3089958159 	3.0028922308e-19 	0.0214688983413 	0.000182587234357 	92.3838725325 	-189.857577588 	39.8868237199 	1.69527691028 	-4.70367598862e-20
0.336 	0.310460251046 	6.94280714391e-19 	0.0214688983413 	0.000182587234357 	92.3838725325 	-189.857577588 	39.8868237199 	1.69527691028 	-4.70367598862e-20
0.336 	0.311924686192 	1.34181143806e-19 	0.0214688983413 	0.000182587234357 	92.3838725325 	-189.857577588 	39.8868237199 	1.69527691028 	-4.70367598862e-20
0.336 	0.313389121339 	1.81565342022e-19 	0.0214407769788 	0.000174182322564 	93.6032426886 	-192.20477301 	39.9310596291 	1.68731829489 	-6.84962167993e-21
0.336 	0.314853556485 	1.9597614284e-19 	0.0214407769788 	0.000174182322564 	93.6032426886 	-192.20477301 	39.9310596291 	1.68731829489 	-6.84962167993e-21
0.336 	0.316317991632 	-1.1039113903e-19 	0.0214407769788 	0.000174182322564 	93.6032426886 	-192.20477301 	39.9310596291 	1.68731829489 	-6.84962167993e-21
0.336 	0.317782426778 	-7.66752346127e-19 	0.0213940809444 	0.000176355474392 	95.0343954865 	-192.240457264 	39.956144186 	1.93712831074 	-3.84513289672e-20
0.336 	0.319246861925 	-4.93169335269e-19 	0.0213940809444 	0.000176355474392 	95.0343954865 	-192.240457264 	39.956144186 	1.93712831074 	-3.84513289672e-20
0.336 	0.320711297071 	2.6953831454e-19 	0.0213940809444 	0.000176355474392 	95.0343954865 	-192.240457264 	39.956144186 	1.93712831074 	-3.84513289672e-20
0.336 	0.322175732218 	-3.5899037154e-19 	0.0211124916844 	0.000203338513034 	95.4507449246 	-195.155072055 	39.9617958994 	1.87328631678 	8.48979639364e-20
0.336 	0.323640167364 	7.54122952054e-19 	0.0211124916844 	0.000203338513034 	95.4507449246 	-195.155072055 	39.9617958994 	1.87328631678 	8.48979639364e-20
0.336 	0.32510460251 	-6.68920764543e-19 	0.0211124916844 	0.000203338513034 	95.4507449246 	-195.155072055 	39.9617958994 	1.87328631678 	8.48979639364e-20
0.336 	0.326569037657 	6.0680187695e-19 	0.0209545576852 	0.000218311256524 	95.9847788831 	-195.044806643 	40.162325081 	2.20582177237 	-1.95710320519e-19
0.336 	0.328033472803 	-8.78224399952e-19 	0.0209545576852 	0.000218311256524 	95.9847788831 	-195.044806643 	40.162325081 	2.20582177237 	-1.95710320519e-19
0.336 	0.32949790795 	2.3142837437e-19 	0.0209545576852 	0.000218311256524 	95.9847788831 	-195.044806643 	40.162325081 	2.20582177237 	-1.95710320519e-19
0.336 	0.330962343096 	-1.13073083168e-18 	0.0210019264787 	0.000217026793261 	96.7711228792 	-198.411953887 	39.7003500816 	2.05423325801 	-5.58082660973e-20
0.336 	0.332426778243 	-1.25685910087e-20 	0.0210019264787 	0.000217026793261 	96.7711228792 	-198.411953887 	39.7003500816 	2.05423325801 	-5.58082660973e-20
0.336 	0.333891213389 	4.37889481144e-19 	0.0210019264787 	0.000217026793261 	96.7711228792 	-198.411953887 	39.7003500816 	2.05423325801 	-5.58082660973e-20
