-0.89 	0 	0 	4.35855145546 	4.2942139749e-05 	97057.5576606 	11.5023749503 	15.2561854193 	0.000386001755936 	2.82652165261e-23
-0.89 	0.00146443514644 	1.13385510285e-18 	5.39822891175 	0.000618202779114 	8732.13303811 	11.5061703462 	24.8489030326 	0.00398397832117 	-1.42443246148e-23
-0.89 	0.00292887029289 	1.27699035254e-18 	4.85554565048 	0.00102107442699 	4755.3297998 	11.51159049 	27.6805882296 	0.00937095691478 	2.05994139431e-24
-0.89 	0.00439330543933 	-2.67179794604e-18 	4.28631938758 	0.00109042517556 	3787.22621554 	11.5169479702 	29.3464695346 	0.0153828033239 	-8.83589125316e-24
-0.89 	0.00585774058577 	-5.01567793036e-18 	3.24404446481 	0.000895142370769 	3192.89670089 	11.5240620018 	31.2891791247 	0.0264266213748 	-7.03055373417e-24
-0.89 	0.00732217573222 	-3.12047196919e-18 	2.04867982475 	0.000660803145398 	2732.38820646 	11.5292011359 	32.8228823458 	0.0386650120525 	5.1893848016e-25
-0.89 	0.00878661087866 	-3.10199375501e-19 	0.884621772081 	0.000400370945145 	2209.50541694 	11.5334972038 	34.0530684343 	0.050838807028 	2.67038553812e-23
-0.89 	0.0102510460251 	1.39662681574e-18 	0.201777621015 	0.000145917162989 	1382.82308182 	11.5360583901 	34.7126876504 	0.0585642658246 	-4.15273051169e-23
-0.89 	0.0117154811715 	1.2448117632e-18 	0.0397787444632 	0.00016913035753 	235.195768779 	11.5387619994 	34.8481403391 	0.0598174512251 	2.34230244651e-23
-0.89 	0.013179916318 	1.27906503978e-18 	0.0366389526098 	0.000216772553982 	169.020256193 	11.5409200892 	34.842697423 	0.0594939755026 	-1.84613215137e-23
-0.89 	0.0146443514644 	7.48064195847e-19 	0.0363164133776 	0.000221661756784 	163.837072775 	11.5440214745 	34.8326536574 	0.059001261133 	-1.11984786278e-23
-0.89 	0.0161087866109 	6.78695820314e-19 	0.0362950690194 	0.000222196394162 	163.346795776 	11.546518794 	34.8254442989 	0.0586142008268 	-4.57803286272e-23
-0.89 	0.0175732217573 	-6.74367928269e-19 	0.036287504431 	0.000222595873091 	163.019663964 	11.5491664846 	34.8187561435 	0.0582155870045 	-2.97538835875e-23
-0.89 	0.0190376569038 	-4.83527784105e-19 	0.0362821372215 	0.000222892031008 	162.77897894 	11.5519694699 	34.8125407374 	0.0578050050295 	9.02828636313e-25
-0.89 	0.0205020920502 	-4.06846164715e-19 	0.0362790178011 	0.000223040672634 	162.656511804 	11.5539272847 	34.8086310006 	0.0575243391338 	4.14428156519e-23
-0.89 	0.0219665271967 	-9.88307365957e-19 	0.0362748619986 	0.000223207247754 	162.516505909 	11.5570026392 	34.8030752618 	0.0570925114288 	-9.22792785859e-24
-0.89 	0.0234309623431 	-2.10247148649e-19 	0.0362712639911 	0.000223323894422 	162.41550903 	11.5602506408 	34.7978410955 	0.0566471949714 	-5.49743614306e-23
-0.89 	0.0248953974895 	1.051784306e-18 	0.036269130145 	0.000223381638848 	162.363971954 	11.5625155823 	34.7945055524 	0.0563425326042 	4.4067470305e-24
-0.89 	0.026359832636 	2.53832505417e-19 	0.0362662589753 	0.000223446595779 	162.303922549 	11.5660681102 	34.7897020332 	0.0558734275544 	-4.95353428805e-24
-0.89 	0.0278242677824 	-1.37245018792e-18 	0.0362645317486 	0.00022347902553 	162.272641303 	11.5685430812 	34.7866179383 	0.0555523731244 	-1.01095898515e-22
-0.89 	0.0292887029289 	-3.40950982921e-19 	0.0362629328614 	0.000223504897648 	162.246703509 	11.5711059688 	34.783618414 	0.0552244688856 	-8.37853655503e-23
-0.89 	0.0307531380753 	3.00345696988e-19 	0.0362614476871 	0.000223525589749 	162.225039772 	11.5737590678 	34.7806962175 	0.0548895525309 	1.5637466362e-22
-0.89 	0.0322175732218 	-1.66755688497e-19 	0.036259406824 	0.000223549196129 	162.19877974 	11.5779129581 	34.7764444323 	0.0543736861622 	-6.43721108401e-23
-0.89 	0.0336820083682 	-6.27320394251e-21 	0.0362581561916 	0.000223561133246 	162.184524945 	11.5808018356 	34.7736898787 	0.0540205604636 	1.16390603408e-23
-0.89 	0.0351464435146 	-3.66103022619e-20 	0.0362569835809 	0.000223570733086 	162.172316029 	11.5837892226 	34.7709939777 	0.0536598939068 	-5.00809838739e-23
-0.89 	0.0366108786611 	6.91994119568e-19 	0.0362558816952 	0.000223578456241 	162.161785642 	11.5868776073 	34.768352757 	0.0532915454183 	-1.13490099355e-23
-0.89 	0.0380753138075 	1.58587212011e-19 	0.0362548441116 	0.000223584667892 	162.152639774 	11.59006954 	34.7657626789 	0.0529153769763 	3.73984606191e-24
-0.89 	0.039539748954 	-1.96204881484e-19 	0.0362543476294 	0.00022358730019 	162.148510218 	11.5917051418 	34.7644858155 	0.0527243181297 	-1.904810718e-24
-0.89 	0.0410041841004 	1.16507723476e-18 	0.0362533960279 	0.000223591770882 	162.141012099 	11.5950572163 	34.7619666124 	0.0523361694432 	-1.83261430902e-23
-0.89 	0.0424686192469 	-1.36202560222e-18 	0.0362524956431 	0.000223595351336 	162.13438887 	11.5985192453 	34.7594912118 	0.0519398721171 	1.48303685229e-23
-0.89 	0.0439330543933 	-1.43293932627e-18 	0.0362516421851 	0.000223598208637 	162.128500072 	11.6020937973 	34.7570571582 	0.0515352969472 	5.67441889507e-23
-0.89 	0.0453974895397 	-4.05931341542e-19 	0.0362512318335 	0.000223599409269 	162.125794304 	11.603924064 	34.7558549307 	0.0513298655326 	1.01979147332e-22
-0.89 	0.0468619246862 	-4.40171557504e-19 	0.0362504416602 	0.000223601426112 	162.120798112 	11.6076721318 	34.7534787725 	0.0509126371106 	-9.37147721687e-23
-0.89 	0.0483263598326 	1.89779143352e-18 	0.0362496894824 	0.000223603009865 	162.116285931 	11.6115389403 	34.7511387387 	0.0504868177763 	-1.00888046596e-22
-0.89 	0.0497907949791 	7.66971617894e-21 	0.0362493267001 	0.000223603664829 	162.114188637 	11.6135176155 	34.7499817052 	0.0502706481456 	-8.77678568969e-23
-0.89 	0.0512552301255 	3.04185370576e-19 	0.0362486260235 	0.000223604743486 	162.110273058 	11.6175669468 	34.7476925602 	0.049831713304 	5.32114086369e-23
-0.89 	0.052719665272 	1.67689623634e-19 	0.0362482874892 	0.000223605181774 	162.108441323 	11.6196381598 	34.7465600568 	0.0496089181795 	-2.15041437868e-22
-0.89 	0.0541841004184 	3.2110642394e-19 	0.0362476325424 	0.000223605887642 	162.105000564 	11.6238750213 	34.7443182679 	0.0491565986248 	-1.33784332885e-23
-0.89 	0.0556485355649 	-1.00833369228e-20 	0.0362473155773 	0.000223606166006 	162.103381247 	11.6260411832 	34.7432086368 	0.0489270450223 	-9.26636951951e-23
-0.89 	0.0571129707113 	8.64960187666e-20 	0.0362467013792 	0.000223606596828 	162.100322143 	11.6304701903 	34.7410110887 	0.0484610783206 	6.33425438882e-23
-0.89 	0.0585774058577 	-7.66559368846e-19 	0.0362464036681 	0.000223606757289 	162.098874415 	11.6327334972 	34.7399228664 	0.0482246369512 	1.86984103659e-22
-0.89 	0.0600418410042 	4.58135441095e-19 	0.0362458259096 	0.000223606985586 	162.096125103 	11.6373588019 	34.7377668082 	0.0477447686849 	-9.68079774726e-23
-0.89 	0.0615062761506 	7.70045839777e-19 	0.0362455454478 	0.000223607059383 	162.094817345 	11.6397212041 	34.7366987026 	0.0475013144496 	7.73661893712e-24
-0.89 	0.0629707112971 	-1.26471549894e-18 	0.0362452703369 	0.000223607109793 	162.093550471 	11.642117025 	34.7356370422 	0.0472554955055 	6.23393636811e-23
-0.89 	0.0644351464435 	-1.44566188893e-18 	0.0362447354401 	0.000223607149578 	162.091129504 	11.6470096133 	34.7335325767 	0.0467567105026 	1.29164849554e-22
-0.89 	0.06589958159 	1.11593416674e-18 	0.0362444753104 	0.000223607142991 	162.089970944 	11.6495066956 	34.7324895441 	0.0465037183386 	1.43536075665e-22
-0.89 	0.0673640167364 	1.28075014401e-18 	0.0362442198433 	0.000223607121137 	162.088844304 	11.6520378254 	34.7314525013 	0.0462483092603 	-3.84567574996e-23
-0.89 	0.0688284518828 	2.32744755185e-19 	0.0362437222912 	0.000223607037823 	162.086679579 	11.6572027133 	34.7293959827 	0.0457301898937 	-6.54005399949e-23
-0.89 	0.0702928870293 	-2.78978105041e-19 	0.0362434799198 	0.000223606979108 	162.085638223 	11.6598366804 	34.7283763166 	0.0454674547674 	2.39106106404e-22
-0.89 	0.0717573221757 	3.56539010289e-19 	0.0362432416375 	0.000223606910642 	162.084622222 	11.6625051117 	34.7273622597 	0.0452022530623 	-2.53875425364e-23
-0.89 	0.0732217573222 	-1.79884473775e-19 	0.0362430073165 	0.000223606833502 	162.083630222 	11.6652080753 	34.7263537279 	0.0449345727662 	-1.59014036086e-22
-0.89 	0.0746861924686 	-2.816341986e-19 	0.036242776834 	0.000223606748667 	162.082660966 	11.6679456231 	34.7253506407 	0.0446644020161 	-1.91711858544e-22
-0.89 	0.0761506276151 	-4.6537863871e-19 	0.0362423269212 	0.000223606559379 	162.080786099 	11.6735245946 	34.7233605002 	0.0441165423938 	1.44285666437e-22
-0.89 	0.0776150627615 	-1.75772706472e-18 	0.0362421072712 	0.000223606456463 	162.079878392 	11.6763660366 	34.7223733063 	0.0438388304766 	-1.06528848658e-22
-0.89 	0.0790794979079 	4.45392313096e-19 	0.03624189102 	0.000223606348938 	162.078989225 	11.6792420981 	34.7213912764 	0.0435585820125 	-6.6816558126e-23
-0.89 	0.0805439330544 	-2.70903125098e-19 	0.0362416780695 	0.000223606237405 	162.078117722 	11.6821527422 	34.7204143499 	0.0432757857976 	-3.94714653982e-23
-0.89 	0.0820083682008 	-7.36223046143e-19 	0.0362414683249 	0.000223606122411 	162.077263065 	11.6850979116 	34.7194424699 	0.0429904307113 	-1.13301943846e-22
-0.89 	0.0834728033473 	-7.17791775372e-19 	0.0362412616963 	0.000223606004449 	162.076424494 	11.6880775281 	34.7184755835 	0.0427025057031 	2.30854875967e-22
-0.89 	0.0849372384937 	-3.00527307578e-19 	0.0362410580971 	0.000223605883966 	162.075601296 	11.6910914924 	34.7175136413 	0.0424119998273 	-4.54502229676e-24
-0.89 	0.0864016736402 	2.25356781237e-19 	0.0362408574447 	0.000223605761369 	162.074792809 	11.6941396838 	34.7165565976 	0.0421189022168 	-1.00213109126e-22
-0.89 	0.0878661087866 	1.29904022032e-18 	0.0362406596596 	0.000223605637023 	162.073998411 	11.6972219593 	34.7156044103 	0.0418232020814 	-1.80161404085e-22
-0.89 	0.0893305439331 	-6.74652325129e-21 	0.0362404646663 	0.000223605511263 	162.073217523 	11.7003381533 	34.7146570411 	0.0415248886316 	8.71299518706e-23
-0.89 	0.0907949790795 	9.91824778297e-19 	0.0362402723921 	0.000223605384388 	162.072449603 	11.7034880772 	34.713714455 	0.0412239511785 	-6.05074064006e-23
-0.89 	0.0922594142259 	3.91699682436e-19 	0.0362400827678 	0.000223605256669 	162.071694143 	11.7066715187 	34.7127766206 	0.0409203791218 	-1.19765725016e-22
-0.89 	0.0937238493724 	-4.53965559828e-19 	0.0362398957268 	0.000223605128353 	162.07095067 	11.709888241 	34.7118435101 	0.0406141619602 	-1.84874502389e-22
-0.89 	0.0951882845188 	6.05956687906e-19 	0.0362397112059 	0.000223604999661 	162.070218737 	11.7131379813 	34.7109150994 	0.0403052891916 	8.16416407668e-24
-0.89 	0.0966527196653 	9.04398218617e-19 	0.036239529144 	0.000223604870793 	162.06949793 	11.7164204499 	34.7099913677 	0.0399937503311 	-1.14830961568e-23
-0.89 	0.0981171548117 	6.55014633005e-19 	0.0362393494837 	0.000223604741929 	162.068787857 	11.7197353296 	34.7090722979 	0.0396795348457 	1.48555013024e-22
-0.89 	0.0995815899582 	2.80832461348e-19 	0.0362391721687 	0.000223604613232 	162.068088153 	11.723082275 	34.7081578763 	0.0393626321622 	1.69686390852e-22
-0.89 	0.101046025105 	-1.46702350463e-19 	0.0362389971468 	0.000223604484849 	162.067398475 	11.7264609115 	34.7072480929 	0.039043031582 	-1.55328267064e-22
-0.89 	0.102510460251 	7.23277040507e-19 	0.0362388243666 	0.000223604356908 	162.066718501 	11.7298708366 	34.7063429413 	0.0387207223852 	6.35526718298e-23
-0.89 	0.103974895397 	1.09626314571e-18 	0.0362386537803 	0.000223604229531 	162.066047929 	11.7333116179 	34.7054424184 	0.0383956937614 	1.59021246484e-22
-0.89 	0.105439330544 	5.6719304302e-19 	0.0362384853407 	0.000223604102819 	162.065386475 	11.7367827925 	34.7045465248 	0.0380679348262 	2.34096179872e-23
-0.89 	0.10690376569 	7.66706799873e-19 	0.0362383190046 	0.00022360397687 	162.064733874 	11.7402838655 	34.703655265 	0.0377374345589 	-3.38047027571e-23
-0.89 	0.108368200837 	-5.25869552214e-19 	0.0362383190046 	0.00022360397687 	162.064733874 	11.7402838655 	34.703655265 	0.0377374345589 	-3.38047027571e-23
-0.89 	0.109832635983 	-5.64364822306e-19 	0.0362381547285 	0.000223603851765 	162.064089874 	11.7438143107 	34.7027686466 	0.0374041819159 	-4.16723290731e-23
-0.89 	0.11129707113 	3.16225099129e-19 	0.0362379924731 	0.000223603727581 	162.063454242 	11.74737357 	34.7018866811 	0.0370681657547 	-1.08358826162e-22
-0.89 	0.112761506276 	7.43330478286e-19 	0.0362378321987 	0.000223603604381 	162.062826755 	11.7509610532 	34.7010093838 	0.0367293748626 	-1.06791687493e-22
-0.89 	0.114225941423 	1.11375430127e-18 	0.0362376738693 	0.000223603482227 	162.062207209 	11.7545761368 	34.7001367733 	0.0363877978192 	-2.49827719382e-22
-0.89 	0.115690376569 	-4.56149889316e-19 	0.0362375174487 	0.000223603361167 	162.061595405 	11.7582181643 	34.6992688721 	0.0360434230153 	-2.74702625478e-24
-0.89 	0.117154811715 	8.2217775523e-20 	0.0362375174487 	0.000223603361167 	162.061595405 	11.7582181643 	34.6992688721 	0.0360434230153 	-2.74702625478e-24
-0.89 	0.118619246862 	5.6142506974e-19 	0.0362373629041 	0.000223603241249 	162.060991163 	11.7618864455 	34.6984057065 	0.0356962385251 	-4.6098958484e-23
-0.89 	0.120083682008 	-1.18859502508e-19 	0.0362372102024 	0.000223603122509 	162.060394308 	11.7655802562 	34.6975473065 	0.0353462321713 	2.02092553689e-22
-0.89 	0.121548117155 	2.4148997079e-18 	0.0362370593139 	0.000223603004984 	162.059804682 	11.7692988353 	34.6966937058 	0.0349933915521 	1.08427874259e-22
-0.89 	0.123012552301 	-1.65300628976e-18 	0.0362369102081 	0.0002236028887 	162.059222128 	11.7730413819 	34.6958449421 	0.0346377042033 	9.0915340836e-23
-0.89 	0.124476987448 	8.83266495894e-19 	0.0362369102081 	0.0002236028887 	162.059222128 	11.7730413819 	34.6958449421 	0.0346377042033 	9.0915340836e-23
-0.89 	0.125941422594 	5.91891294341e-19 	0.0362367628585 	0.000223602773685 	162.058646507 	11.7768070565 	34.6950010572 	0.0342791573848 	-2.59670778567e-22
-0.89 	0.127405857741 	-1.17589564682e-18 	0.0362366172369 	0.000223602659956 	162.058077681 	11.7805949852 	34.6941620964 	0.0339177378842 	5.76694797768e-23
-0.89 	0.128870292887 	2.72619007811e-19 	0.0362364733197 	0.000223602547536 	162.057515529 	11.7844042591 	34.6933281092 	0.0335534320069 	-1.31850141239e-22
-0.89 	0.130334728033 	3.81199886242e-19 	0.0362364733197 	0.000223602547536 	162.057515529 	11.7844042591 	34.6933281092 	0.0335534320069 	-1.31850141239e-22
-0.89 	0.13179916318 	4.55736859248e-19 	0.0362363310811 	0.000223602436434 	162.056959928 	11.7882339293 	34.6924991491 	0.0331862258798 	-5.49977445256e-23
-0.89 	0.133263598326 	4.28805804886e-19 	0.0362361905 	0.000223602326667 	162.056410772 	11.7920830053 	34.6916752738 	0.0328161053776 	2.64744396104e-22
-0.89 	0.134728033473 	1.10536851133e-18 	0.036236051553 	0.000223602218239 	162.055867954 	11.7959504584 	34.690856545 	0.0324430559101 	-1.66596113052e-22
-0.89 	0.136192468619 	2.62245339713e-21 	0.036236051553 	0.000223602218239 	162.055867954 	11.7959504584 	34.690856545 	0.0324430559101 	-1.66596113052e-22
-0.89 	0.137656903766 	4.52058663719e-19 	0.0362359142214 	0.000223602111161 	162.055331379 	11.7998352203 	34.6900430286 	0.0320670623718 	3.69713341965e-22
-0.89 	0.139121338912 	9.92673166719e-19 	0.036235778484 	0.000223602005435 	162.054800955 	11.8037361824 	34.6892347947 	0.0316881092415 	-1.0452865587e-23
-0.89 	0.140585774059 	4.47995549783e-19 	0.036235778484 	0.000223602005435 	162.054800955 	11.8037361824 	34.6892347947 	0.0316881092415 	-1.0452865587e-23
-0.89 	0.142050209205 	-2.92163388594e-19 	0.0362356443244 	0.000223601901069 	162.054276601 	11.8076521935 	34.688431918 	0.0313061805284 	-1.3381073859e-22
-0.89 	0.143514644351 	-2.22517720194e-18 	0.0362355117234 	0.00022360179806 	162.053758234 	11.811582061 	34.6876344773 	0.030921259742 	-2.2905437282e-22
-0.89 	0.144979079498 	7.4920037821e-20 	0.0362355117234 	0.00022360179806 	162.053758234 	11.811582061 	34.6876344773 	0.030921259742 	-2.2905437282e-22
-0.89 	0.146443514644 	3.1994283317e-19 	0.036235380667 	0.000223601696414 	162.053245786 	11.8155245491 	34.686842556 	0.0305333298605 	-9.10343670326e-23
-0.89 	0.147907949791 	1.4278202e-19 	0.036235251138 	0.000223601596125 	162.052739185 	11.8194783797 	34.686056242 	0.0301423732819 	-1.44616655099e-22
-0.89 	0.149372384937 	-3.1800860974e-20 	0.036235251138 	0.000223601596125 	162.052739185 	11.8194783797 	34.686056242 	0.0301423732819 	-1.44616655099e-22
-0.89 	0.150836820084 	2.29601724558e-19 	0.0362351231244 	0.000223601497198 	162.052238373 	11.8234422303 	34.6852756279 	0.0297483718019 	2.25455859459e-22
-0.89 	0.15230125523 	3.00866691386e-20 	0.036234996611 	0.000223601399625 	162.051743289 	11.8274147346 	34.684500811 	0.0293513065623 	-7.91567856803e-23
-0.89 	0.153765690377 	-7.97562207228e-20 	0.036234996611 	0.000223601399625 	162.051743289 	11.8274147346 	34.684500811 	0.0293513065623 	-7.91567856803e-23
-0.89 	0.155230125523 	-1.84575004082e-19 	0.0362348715878 	0.00022360130341 	162.051253885 	11.8313944807 	34.6837318933 	0.0289511580429 	7.6973229976e-23
-0.89 	0.156694560669 	1.43527435753e-18 	0.0362347480415 	0.000223601208543 	162.050770108 	11.8353800114 	34.6829689818 	0.0285479060126 	3.71826112028e-23
-0.89 	0.158158995816 	1.26765592873e-19 	0.0362347480415 	0.000223601208543 	162.050770108 	11.8353800114 	34.6829689818 	0.0285479060126 	3.71826112028e-23
-0.89 	0.159623430962 	-1.77977349158e-19 	0.036234625964 	0.000223601115028 	162.05029192 	11.8393698231 	34.6822121884 	0.0281415295113 	-2.48666142186e-22
-0.89 	0.161087866109 	-3.31896218003e-19 	0.036234625964 	0.000223601115028 	162.05029192 	11.8393698231 	34.6822121884 	0.0281415295113 	-2.48666142186e-22
-0.89 	0.162552301255 	-8.72231972614e-19 	0.0362345053438 	0.000223601022854 	162.049819278 	11.8433623652 	34.6814616303 	0.0277320067964 	5.2189059307e-24
-0.89 	0.164016736402 	7.84855849381e-19 	0.0362343861748 	0.000223600932023 	162.049352151 	11.8473560393 	34.6807174296 	0.0273193152954 	2.92494524483e-22
-0.89 	0.165481171548 	-3.71001691068e-19 	0.0362343861748 	0.000223600932023 	162.049352151 	11.8473560393 	34.6807174296 	0.0273193152954 	2.92494524483e-22
-0.89 	0.166945606695 	-4.81451163924e-19 	0.0362342684472 	0.000223600842525 	162.048890505 	11.8513491995 	34.6799797141 	0.02690343154 	-2.20487642807e-22
-0.89 	0.168410041841 	-6.96618890402e-19 	0.0362342684472 	0.000223600842525 	162.048890505 	11.8513491995 	34.6799797141 	0.02690343154 	-2.20487642807e-22
-0.89 	0.169874476987 	-7.0599830607e-19 	0.0362341521562 	0.000223600754346 	162.048434328 	11.8553401508 	34.6792486167 	0.0264843311117 	1.82836258096e-22
-0.89 	0.171338912134 	3.03539272413e-20 	0.0362340372902 	0.000223600667329 	162.04798368 	11.8593271492 	34.6785242761 	0.0260619886102 	-1.80141074879e-22
-0.89 	0.17280334728 	5.72485823894e-19 	0.0362340372902 	0.000223600667329 	162.04798368 	11.8593271492 	34.6785242761 	0.0260619886102 	-1.80141074879e-22
-0.89 	0.174267782427 	2.47235484009e-19 	0.036233923823 	0.000223600580319 	162.047539284 	11.8633083996 	34.6778068366 	0.0256363776058 	3.03031586992e-22
-0.89 	0.175732217573 	-7.55622311296e-19 	0.036233923823 	0.000223600580319 	162.047539284 	11.8633083996 	34.6778068366 	0.0256363776058 	3.03031586992e-22
-0.89 	0.17719665272 	3.91097884699e-20 	0.0362338116591 	0.000223600485621 	162.047106287 	11.867282056 	34.6770964484 	0.0252074705934 	-2.13783340866e-22
-0.89 	0.178661087866 	-1.22643276206e-19 	0.0362338116591 	0.000223600485621 	162.047106287 	11.867282056 	34.6770964484 	0.0252074705934 	-2.13783340866e-22
-0.89 	0.180125523013 	-2.84571307747e-19 	0.0362337008708 	0.000223600389936 	162.046680156 	11.8712462196 	34.6763932679 	0.0247752389221 	-3.20045636988e-22
-0.89 	0.181589958159 	1.95296561919e-19 	0.0362335914839 	0.000223600294866 	162.046259848 	11.8751989387 	34.6756974574 	0.0243396527589 	5.91823143046e-22
-0.89 	0.183054393305 	-4.73227417891e-19 	0.0362335914839 	0.000223600294866 	162.046259848 	11.8751989387 	34.6756974574 	0.0243396527589 	5.91823143046e-22
-0.89 	0.184518828452 	4.03504498596e-19 	0.0362334835048 	0.000223600200606 	162.045845248 	11.8791382067 	34.6750091857 	0.0239006810051 	5.06355257107e-23
-0.89 	0.185983263598 	4.68749658175e-19 	0.0362334835048 	0.000223600200606 	162.045845248 	11.8791382067 	34.6750091857 	0.0239006810051 	5.06355257107e-23
-0.89 	0.187447698745 	-7.41371876694e-19 	0.0362333769298 	0.000223600107066 	162.045436406 	11.8830619625 	34.6743286282 	0.023458291206 	8.31090562737e-23
-0.89 	0.188912133891 	-6.57635041805e-19 	0.0362333769298 	0.000223600107066 	162.045436406 	11.8830619625 	34.6743286282 	0.023458291206 	8.31090562737e-23
-0.89 	0.190376569038 	1.95419918481e-19 	0.0362332717598 	0.000223600014121 	162.045033415 	11.8869680886 	34.6736559671 	0.0230124494804 	8.63402332855e-23
-0.89 	0.191841004184 	-1.86828184942e-19 	0.0362332717598 	0.000223600014121 	162.045033415 	11.8869680886 	34.6736559671 	0.0230124494804 	8.63402332855e-23
-0.89 	0.193305439331 	4.46995939894e-19 	0.0362331679916 	0.00022359992161 	162.044636379 	11.8908544103 	34.6729913913 	0.0225631204371 	-1.07391863887e-22
-0.89 	0.194769874477 	-8.03235747476e-19 	0.0362331679916 	0.00022359992161 	162.044636379 	11.8908544103 	34.6729913913 	0.0225631204371 	-1.07391863887e-22
-0.89 	0.196234309623 	3.86321734915e-19 	0.0362330656268 	0.000223599829365 	162.044245425 	11.8947186941 	34.6723350972 	0.0221102671383 	-2.20612841779e-22
-0.89 	0.19769874477 	3.12144992047e-19 	0.0362330656268 	0.000223599829365 	162.044245425 	11.8947186941 	34.6723350972 	0.0221102671383 	-2.20612841779e-22
-0.89 	0.199163179916 	5.85856050562e-19 	0.0362329646634 	0.00022359973718 	162.043860697 	11.8985586466 	34.6716872884 	0.0216538509404 	-4.97440420268e-22
-0.89 	0.200627615063 	2.19287722374e-21 	0.0362329646634 	0.00022359973718 	162.043860697 	11.8985586466 	34.6716872884 	0.0216538509404 	-4.97440420268e-22
-0.89 	0.202092050209 	2.64973322662e-19 	0.0362328651042 	0.000223599644829 	162.043482367 	11.9023719132 	34.6710481761 	0.0211938314609 	1.86375566346e-22
-0.89 	0.203556485356 	-6.22794974712e-19 	0.0362328651042 	0.000223599644829 	162.043482367 	11.9023719132 	34.6710481761 	0.0211938314609 	1.86375566346e-22
-0.89 	0.205020920502 	-1.02735455255e-18 	0.0362327669479 	0.000223599552039 	162.04311063 	11.9061560767 	34.6704179796 	0.0207301664186 	-2.43303232544e-22
-0.89 	0.206485355649 	4.84227779399e-19 	0.0362327669479 	0.000223599552039 	162.04311063 	11.9061560767 	34.6704179796 	0.0207301664186 	-2.43303232544e-22
-0.89 	0.207949790795 	-1.33930848832e-19 	0.0362326701977 	0.000223599458501 	162.042745723 	11.9099086549 	34.6697969264 	0.020262811616 	-2.3633154271e-22
-0.89 	0.209414225941 	8.94719488475e-19 	0.0362326701977 	0.000223599458501 	162.042745723 	11.9099086549 	34.6697969264 	0.020262811616 	-2.3633154271e-22
-0.89 	0.210878661088 	2.21728576547e-19 	0.0362325748531 	0.000223599363837 	162.042387918 	11.9136271 	34.6691852522 	0.0197917207144 	4.58489234485e-22
-0.89 	0.212343096234 	3.57215062815e-19 	0.0362325748531 	0.000223599363837 	162.042387918 	11.9136271 	34.6691852522 	0.0197917207144 	4.58489234485e-22
-0.89 	0.213807531381 	5.51367148984e-19 	0.0362324809172 	0.000223599267614 	162.042037542 	11.9173087962 	34.6685832018 	0.0193168452224 	3.14648060666e-23
-0.89 	0.215271966527 	-7.87093568539e-20 	0.0362324809172 	0.000223599267614 	162.042037542 	11.9173087962 	34.6685832018 	0.0193168452224 	3.14648060666e-23
-0.89 	0.216736401674 	1.36439826173e-20 	0.0362323883891 	0.000223599169298 	162.04169498 	11.9209510586 	34.6679910291 	0.0188381342539 	-1.38782201345e-22
-0.89 	0.21820083682 	1.50798444336e-19 	0.0362323883891 	0.000223599169298 	162.04169498 	11.9209510586 	34.6679910291 	0.0188381342539 	-1.38782201345e-22
-0.89 	0.219665271967 	6.64206396463e-19 	0.0362322972711 	0.000223599068258 	162.041360697 	11.9245511301 	34.6674089972 	0.0183555345192 	-2.99780647371e-22
-0.89 	0.221129707113 	-4.00314925876e-19 	0.0362322972711 	0.000223599068258 	162.041360697 	11.9245511301 	34.6674089972 	0.0183555345192 	-2.99780647371e-22
-0.89 	0.222594142259 	-7.40878509608e-19 	0.0362322075609 	0.000223598963718 	162.041035246 	11.9281061803 	34.6668373796 	0.0178689900394 	2.08648433982e-22
-0.89 	0.224058577406 	-1.34455531297e-18 	0.0362322075609 	0.000223598963718 	162.041035246 	11.9281061803 	34.6668373796 	0.0178689900394 	2.08648433982e-22
-0.89 	0.225523012552 	-3.26211595692e-19 	0.0362322075609 	0.000223598963718 	162.041035246 	11.9281061803 	34.6668373796 	0.0178689900394 	2.08648433982e-22
-0.89 	0.226987447699 	4.78880996306e-19 	0.036232119258 	0.000223598854739 	162.040719306 	11.9316133025 	34.6662764597 	0.0173784421361 	-3.07657417993e-22
-0.89 	0.228451882845 	-6.07932616263e-19 	0.036232119258 	0.000223598854739 	162.040719306 	11.9316133025 	34.6662764597 	0.0173784421361 	-3.07657417993e-22
-0.89 	0.229916317992 	2.04648581054e-19 	0.0362320323568 	0.000223598740151 	162.0404137 	11.9350695118 	34.6657265317 	0.0168838291343 	-1.74101229242e-23
-0.89 	0.231380753138 	-4.14769464139e-19 	0.0362320323568 	0.000223598740151 	162.0404137 	11.9350695118 	34.6657265317 	0.0168838291343 	-1.74101229242e-23
-0.89 	0.232845188285 	-1.07900568431e-18 	0.0362319468514 	0.000223598618515 	162.040119443 	11.9384717418 	34.6651879012 	0.0163850862958 	-3.51520186995e-22
-0.89 	0.234309623431 	7.38518790347e-19 	0.0362319468514 	0.000223598618515 	162.040119443 	11.9384717418 	34.6651879012 	0.0163850862958 	-3.51520186995e-22
-0.89 	0.235774058577 	3.8687675885e-19 	0.036231862729 	0.000223598488014 	162.039837795 	11.9418168424 	34.6646608853 	0.0158821455599 	3.35306448574e-22
-0.89 	0.237238493724 	7.69455378157e-19 	0.036231862729 	0.000223598488014 	162.039837795 	11.9418168424 	34.6646608853 	0.0158821455599 	3.35306448574e-22
-0.89 	0.23870292887 	-1.61889838614e-19 	0.036231862729 	0.000223598488014 	162.039837795 	11.9418168424 	34.6646608853 	0.0158821455599 	3.35306448574e-22
-0.89 	0.240167364017 	-7.66652667967e-19 	0.036231779973 	0.000223598346365 	162.039570337 	11.9451015765 	34.6641458133 	0.015374935325 	8.94202904289e-23
-0.89 	0.241631799163 	-9.12789467077e-19 	0.036231779973 	0.000223598346365 	162.039570337 	11.9451015765 	34.6641458133 	0.015374935325 	8.94202904289e-23
-0.89 	0.24309623431 	1.17627872919e-18 	0.036231698557 	0.000223598190647 	162.039319067 	11.9483226182 	34.6636430276 	0.0148633804531 	-2.75720791708e-22
-0.89 	0.244560669456 	-1.43869493319e-19 	0.036231698557 	0.000223598190647 	162.039319067 	11.9483226182 	34.6636430276 	0.0148633804531 	-2.75720791708e-22
-0.89 	0.246025104603 	-1.17423047763e-18 	0.0362316184444 	0.000223598017104 	162.039086543 	11.9514765463 	34.6631528836 	0.0143474015222 	8.57183145229e-22
-0.89 	0.247489539749 	1.13369938285e-18 	0.0362316184444 	0.000223598017104 	162.039086543 	11.9514765463 	34.6631528836 	0.0143474015222 	8.57183145229e-22
-0.89 	0.248953974895 	1.20522854198e-19 	0.0362316184444 	0.000223598017104 	162.039086543 	11.9514765463 	34.6631528836 	0.0143474015222 	8.57183145229e-22
-0.89 	0.250418410042 	3.263670108e-19 	0.0362315395816 	0.000223597820842 	162.038876073 	11.9545598468 	34.662675751 	0.0138269156745 	5.10262704508e-22
-0.89 	0.251882845188 	8.33092607943e-19 	0.0362315395816 	0.000223597820842 	162.038876073 	11.9545598468 	34.662675751 	0.0138269156745 	5.10262704508e-22
-0.89 	0.253347280335 	-1.85335313438e-19 	0.0362314618941 	0.000223597595421 	162.03869199 	11.957568899 	34.6622120142 	0.0133018343221 	7.27672510492e-22
-0.89 	0.254811715481 	-3.70607761411e-19 	0.0362314618941 	0.000223597595421 	162.03869199 	11.957568899 	34.6622120142 	0.0133018343221 	7.27672510492e-22
-0.89 	0.256276150628 	-9.82028956782e-20 	0.0362314618941 	0.000223597595421 	162.03869199 	11.957568899 	34.6622120142 	0.0133018343221 	7.27672510492e-22
-0.89 	0.257740585774 	-1.85273633816e-19 	0.036231385275 	0.000223597332254 	162.038540039 	11.9604999883 	34.6617620729 	0.0127720665369 	8.81192977794e-23
-0.89 	0.259205020921 	-1.7511746725e-19 	0.036231385275 	0.000223597332254 	162.038540039 	11.9604999883 	34.6617620729 	0.0127720665369 	8.81192977794e-23
-0.89 	0.260669456067 	7.25497290205e-19 	0.0362313095738 	0.00022359701974 	162.038427954 	11.9633492741 	34.6613263436 	0.0122375124395 	3.58788628051e-23
-0.89 	0.262133891213 	2.34612803865e-19 	0.0362313095738 	0.00022359701974 	162.038427954 	11.9633492741 	34.6613263436 	0.0122375124395 	3.58788628051e-23
-0.89 	0.26359832636 	-2.41305731854e-19 	0.0362313095738 	0.00022359701974 	162.038427954 	11.9633492741 	34.6613263436 	0.0122375124395 	3.58788628051e-23
-0.89 	0.265062761506 	6.4749641124e-19 	0.0362312345752 	0.000223596641969 	162.038366302 	11.9661128318 	34.6609052589 	0.011698073611 	-5.75095688843e-22
-0.89 	0.266527196653 	2.19619986522e-19 	0.0362312345752 	0.000223596641969 	162.038366302 	11.9661128318 	34.6609052589 	0.011698073611 	-5.75095688843e-22
-0.89 	0.267991631799 	1.0378502904e-18 	0.0362311599694 	0.000223596176771 	162.038369764 	11.968786571 	34.660499271 	0.0111536349524 	-4.8242000808e-22
-0.89 	0.269456066946 	-1.18355204377e-19 	0.0362311599694 	0.000223596176771 	162.038369764 	11.968786571 	34.660499271 	0.0111536349524 	-4.8242000808e-22
-0.89 	0.270920502092 	-9.32711764625e-19 	0.0362311599694 	0.000223596176771 	162.038369764 	11.968786571 	34.660499271 	0.0111536349524 	-4.8242000808e-22
-0.89 	0.272384937238 	-7.14158745126e-19 	0.0362310853059 	0.000223595592694 	162.038459119 	11.9713663549 	34.660108849 	0.0106040935514 	-2.81689337371e-22
-0.89 	0.273849372385 	1.75121214671e-19 	0.0362310853059 	0.000223595592694 	162.038459119 	11.9713663549 	34.660108849 	0.0106040935514 	-2.81689337371e-22
-0.89 	0.275313807531 	-4.01572266669e-19 	0.0362310853059 	0.000223595592694 	162.038459119 	11.9713663549 	34.660108849 	0.0106040935514 	-2.81689337371e-22
-0.89 	0.276778242678 	-4.01846845393e-19 	0.0362310099189 	0.000223594844214 	162.038664381 	11.9738477969 	34.6597344852 	0.010049311203 	-2.34188561952e-22
-0.89 	0.278242677824 	1.48323614021e-19 	0.0362310099189 	0.000223594844214 	162.038664381 	11.9738477969 	34.6597344852 	0.010049311203 	-2.34188561952e-22
-0.89 	0.279707112971 	5.69639394922e-19 	0.0362309328081 	0.000223593863976 	162.03902989 	11.9762265668 	34.6593766884 	0.0094891891581 	5.7119627334e-22
-0.89 	0.281171548117 	2.12064258696e-19 	0.0362309328081 	0.000223593863976 	162.03902989 	11.9762265668 	34.6593766884 	0.0094891891581 	5.7119627334e-22
-0.89 	0.282635983264 	5.47878831854e-19 	0.0362309328081 	0.000223593863976 	162.03902989 	11.9762265668 	34.6593766884 	0.0094891891581 	5.7119627334e-22
-0.89 	0.28410041841 	2.05409136691e-19 	0.0362308524352 	0.000223592549783 	162.039622834 	11.9784978991 	34.659035997 	0.00892354946506 	6.24953636441e-23
-0.89 	0.285564853556 	-4.21360833083e-19 	0.0362308524352 	0.000223592549783 	162.039622834 	11.9784978991 	34.659035997 	0.00892354946506 	6.24953636441e-23
-0.89 	0.287029288703 	-3.78595570185e-19 	0.0362308524352 	0.000223592549783 	162.039622834 	11.9784978991 	34.659035997 	0.00892354946506 	6.24953636441e-23
-0.89 	0.288493723849 	4.93456943627e-20 	0.0362307663791 	0.000223590742136 	162.040547981 	11.9806573331 	34.6587129622 	0.00835231839632 	3.58619005608e-22
-0.89 	0.289958158996 	2.8064431499e-20 	0.0362307663791 	0.000223590742136 	162.040547981 	11.9806573331 	34.6587129622 	0.00835231839632 	3.58619005608e-22
-0.89 	0.291422594142 	-3.32684102358e-20 	0.0362307663791 	0.000223590742136 	162.040547981 	11.9806573331 	34.6587129622 	0.00835231839632 	3.58619005608e-22
-0.89 	0.292887029289 	5.61150789051e-19 	0.0362306707011 	0.000223588183861 	162.041974113 	11.9826995729 	34.6584081771 	0.00777524366142 	-4.84171418319e-22
-0.89 	0.294351464435 	3.48134191298e-19 	0.0362306707011 	0.000223588183861 	162.041974113 	11.9826995729 	34.6584081771 	0.00777524366142 	-4.84171418319e-22
-0.89 	0.295815899582 	3.18330591564e-19 	0.0362305587769 	0.00022358444451 	162.044183603 	11.9846201781 	34.6581222367 	0.00719232257272 	2.58222731411e-22
-0.89 	0.297280334728 	1.43724781241e-18 	0.0362305587769 	0.00022358444451 	162.044183603 	11.9846201781 	34.6581222367 	0.00719232257272 	2.58222731411e-22
-0.89 	0.298744769874 	8.10742057679e-20 	0.0362305587769 	0.00022358444451 	162.044183603 	11.9846201781 	34.6581222367 	0.00719232257272 	2.58222731411e-22
-0.89 	0.300209205021 	2.22982467196e-19 	0.0362304189483 	0.000223578771202 	162.047670061 	11.9864130442 	34.6578558005 	0.00660315850601 	2.04860555947e-22
-0.89 	0.301673640167 	1.62088372894e-18 	0.0362304189483 	0.000223578771202 	162.047670061 	11.9864130442 	34.6578558005 	0.00660315850601 	2.04860555947e-22
-0.89 	0.303138075314 	-4.15282994022e-20 	0.0362304189483 	0.000223578771202 	162.047670061 	11.9864130442 	34.6578558005 	0.00660315850601 	2.04860555947e-22
-0.89 	0.30460251046 	6.3937776691e-19 	0.0362302296519 	0.000223569776917 	162.053342592 	11.988074066 	34.6576095059 	0.00600791395049 	-2.68191623583e-22
-0.89 	0.306066945607 	-8.17260828661e-19 	0.0362302296519 	0.000223569776917 	162.053342592 	11.988074066 	34.6576095059 	0.00600791395049 	-2.68191623583e-22
-0.89 	0.307531380753 	7.69702553504e-19 	0.0362302296519 	0.000223569776917 	162.053342592 	11.988074066 	34.6576095059 	0.00600791395049 	-2.68191623583e-22
-0.89 	0.3089958159 	-7.30992114934e-19 	0.0362299483369 	0.000223554740579 	162.062983961 	11.9895958309 	34.6573840971 	0.00540591203016 	-6.04958768968e-23
-0.89 	0.310460251046 	1.11440532922e-19 	0.0362299483369 	0.000223554740579 	162.062983961 	11.9895958309 	34.6573840971 	0.00540591203016 	-6.04958768968e-23
-0.89 	0.311924686192 	5.54604436303e-19 	0.0362299483369 	0.000223554740579 	162.062983961 	11.9895958309 	34.6573840971 	0.00540591203016 	-6.04958768968e-23
-0.89 	0.313389121339 	2.05820224954e-19 	0.0362294842904 	0.000223527895868 	162.080370997 	11.9909751622 	34.6571802472 	0.00479766216543 	9.64859028009e-22
-0.89 	0.314853556485 	-7.81929893097e-19 	0.0362294842904 	0.000223527895868 	162.080370997 	11.9909751622 	34.6571802472 	0.00479766216543 	9.64859028009e-22
-0.89 	0.316317991632 	2.58675372651e-19 	0.0362294842904 	0.000223527895868 	162.080370997 	11.9909751622 	34.6571802472 	0.00479766216543 	9.64859028009e-22
-0.89 	0.317782426778 	-2.10451747801e-19 	0.0362286237269 	0.000223475779686 	162.114318509 	11.9922024756 	34.6569988125 	0.00418195550041 	4.00495768901e-22
-0.89 	0.319246861925 	9.57463367507e-20 	0.0362286237269 	0.000223475779686 	162.114318509 	11.9922024756 	34.6569988125 	0.00418195550041 	4.00495768901e-22
-0.89 	0.320711297071 	-1.52706822513e-19 	0.0362286237269 	0.000223475779686 	162.114318509 	11.9922024756 	34.6569988125 	0.00418195550041 	4.00495768901e-22
-0.89 	0.322175732218 	-1.21652970375e-18 	0.036226795984 	0.000223362897075 	162.188064618 	11.9932765643 	34.656840488 	0.00355997973356 	-4.54440322667e-22
-0.89 	0.323640167364 	-8.83200224465e-19 	0.036226795984 	0.000223362897075 	162.188064618 	11.9932765643 	34.656840488 	0.00355997973356 	-4.54440322667e-22
-0.89 	0.32510460251 	-1.24359772036e-19 	0.036226795984 	0.000223362897075 	162.188064618 	11.9932765643 	34.656840488 	0.00355997973356 	-4.54440322667e-22
-0.89 	0.326569037657 	-2.53696515854e-19 	0.0362222573518 	0.0002230819815 	162.371954509 	11.9941842843 	34.656706284 	0.00292955006601 	8.77597551456e-23
-0.89 	0.328033472803 	-4.44495519825e-19 	0.0362222573518 	0.0002230819815 	162.371954509 	11.9941842843 	34.656706284 	0.00292955006601 	8.77597551456e-23
-0.89 	0.32949790795 	-1.02905300886e-19 	0.0362222573518 	0.0002230819815 	162.371954509 	11.9941842843 	34.656706284 	0.00292955006601 	8.77597551456e-23
-0.89 	0.330962343096 	-6.95989344945e-19 	0.0362094469828 	0.000222285858 	162.8958644 	11.9949281612 	34.6565968911 	0.00229310484682 	-5.94435588768e-22
-0.89 	0.332426778243 	5.18337666562e-19 	0.0362094469828 	0.000222285858 	162.8958644 	11.9949281612 	34.6565968911 	0.00229310484682 	-5.94435588768e-22
-0.89 	0.333891213389 	1.82775233732e-19 	0.0362094469828 	0.000222285858 	162.8958644 	11.9949281612 	34.6565968911 	0.00229310484682 	-5.94435588768e-22
-0.89 	0.335355648536 	2.24226357938e-19 	0.0362094469828 	0.000222285858 	162.8958644 	11.9949281612 	34.6565968911 	0.00229310484682 	-5.94435588768e-22
-0.89 	0.336820083682 	-4.01004119911e-19 	0.0361775795224 	0.000220278775455 	164.235430525 	11.9954894585 	34.656513491 	0.0016467509644 	-2.76905322124e-22
-0.89 	0.338284518828 	5.2041793831e-19 	0.0361775795224 	0.000220278775455 	164.235430525 	11.9954894585 	34.656513491 	0.0016467509644 	-2.76905322124e-22
-0.89 	0.339748953975 	1.05474684924e-19 	0.0361775795224 	0.000220278775455 	164.235430525 	11.9954894585 	34.656513491 	0.0016467509644 	-2.76905322124e-22
-0.89 	0.341213389121 	1.02153078473e-18 	0.0361625428456 	0.000219454299241 	164.783934381 	11.9958761146 	34.6564565272 	0.0009950737797 	3.04569641406e-22
-0.89 	0.342677824268 	1.5109351659e-19 	0.0361625428456 	0.000219454299241 	164.783934381 	11.9958761146 	34.6564565272 	0.0009950737797 	3.04569641406e-22
-0.89 	0.344142259414 	1.6652471933e-19 	0.0361625428456 	0.000219454299241 	164.783934381 	11.9958761146 	34.6564565272 	0.0009950737797 	3.04569641406e-22
-0.89 	0.345606694561 	2.41264389218e-20 	0.0361614834177 	0.000219416974688 	164.807137047 	11.9960605046 	34.6564195187 	0.000331379613348 	6.097302584e-22
-0.89 	0.347071129707 	-5.05836838842e-19 	0.0361614834177 	0.000219416974688 	164.807137047 	11.9960605046 	34.6564195187 	0.000331379613348 	6.097302584e-22
-0.89 	0.348535564854 	-2.60428093345e-19 	0.0361614834177 	0.000219416974688 	164.807137047 	11.9960605046 	34.6564195187 	0.000331379613348 	6.097302584e-22
-0.89 	0.35 	-4.05827254959e-19 	0.0361614834177 	0.000219416974688 	164.807137047 	11.9960605046 	34.6564195187 	0.000331379613348 	6.097302584e-22
