0.546 	0 	0 	3.2963196177 	3.58590308084e-05 	91924.3923606 	38.3807373748 	11.4176082142 	-0.00632120093173 	-1.13105302485e-21
0.546 	0.00146443514644 	9.97339064472e-20 	10.0597230968 	0.00166798060535 	6031.07917718 	38.090557939 	16.8129917427 	-0.105359782783 	6.5893486866e-22
0.546 	0.00292887029289 	1.7929464369e-19 	13.377570082 	0.00370329304252 	3612.34445355 	37.6590285629 	18.1741067712 	-0.225521485602 	-8.13728987599e-23
0.546 	0.00439330543933 	4.59218193568e-18 	15.2921507621 	0.00500956607441 	3052.58989201 	37.3226660983 	19.0766642191 	-0.327790187505 	2.79808665583e-22
0.546 	0.00585774058577 	4.59581355331e-18 	17.1366284065 	0.00613096628089 	2795.09421866 	36.9240240121 	20.1898916701 	-0.460817007858 	5.33622190994e-22
0.546 	0.00732217573222 	1.10536557424e-18 	18.2171049053 	0.00664545366066 	2741.28838082 	36.6065934607 	21.1330446367 	-0.569844522343 	5.38628445476e-22
0.546 	0.00878661087866 	-1.3717152074e-18 	18.8941446156 	0.00687190364552 	2749.47752329 	36.2681756644 	22.1603100456 	-0.679569486562 	8.91114919842e-22
0.546 	0.0102510460251 	9.76815900456e-19 	19.0613219059 	0.00685837517432 	2779.27663935 	35.8856305551 	23.2962147945 	-0.788144356815 	4.14522845672e-21
0.546 	0.0117154811715 	9.08976281888e-19 	18.766265823 	0.00671234197626 	2795.78512081 	35.5557698092 	24.2289959222 	-0.867508694738 	1.76709814726e-21
0.546 	0.013179916318 	1.93276685591e-18 	17.6859043901 	0.00635114919349 	2784.67783566 	35.0408579718 	25.5848011516 	-0.968576437537 	-2.38267675835e-21
0.546 	0.0146443514644 	-3.90458763642e-19 	16.2900320322 	0.00595383329231 	2736.05780216 	34.5856389964 	26.6819773279 	-1.03937704382 	-6.48904901471e-22
0.546 	0.0161087866109 	-1.09557579136e-19 	14.2779824037 	0.0049113502602 	2637.29647665 	34.149325337 	27.8881726408 	-1.10177432048 	-2.38348622335e-21
0.546 	0.0175732217573 	-3.46591996254e-19 	11.7005657699 	0.00433258438087 	2472.07723923 	33.5584820614 	29.1574115838 	-1.15392711225 	9.71849197977e-21
0.546 	0.0190376569038 	-3.19634816706e-19 	9.11672971748 	0.0039895233517 	2282.05401059 	32.8483943203 	30.314358525 	-1.19879130055 	-1.27306888956e-21
0.546 	0.0205020920502 	-1.16346234528e-18 	6.66588069052 	0.00322735875964 	2065.42909759 	32.0510581815 	31.3675753494 	-1.23817493695 	-7.40192671994e-21
0.546 	0.0219665271967 	9.33908297286e-19 	5.12646550881 	0.00271603310877 	1887.48270124 	31.4627897605 	32.0213998677 	-1.26183739712 	3.38471429483e-21
0.546 	0.0234309623431 	5.48157620246e-20 	3.14953586515 	0.00202359133493 	1556.40904899 	30.4928577484 	32.8800916436 	-1.29335327671 	1.25456410892e-21
0.546 	0.0248953974895 	2.2050016847e-19 	2.16369324636 	0.00165838369427 	1304.70002439 	29.7899059571 	33.3376159821 	-1.31177038465 	2.01031634996e-21
0.546 	0.026359832636 	-2.40634348208e-18 	1.22790931806 	0.00128675851204 	954.265549105 	28.6604848799 	33.8276432504 	-1.33570089562 	2.57315284693e-21
0.546 	0.0278242677824 	-9.46345194992e-21 	0.879559768139 	0.00112569935925 	781.345179701 	27.8645924846 	34.042794216 	-1.34926511592 	-1.14060883446e-20
0.546 	0.0292887029289 	-3.45158022725e-19 	0.658633914458 	0.000998001217776 	659.953016817 	27.0389906903 	34.1932469616 	-1.36099220278 	-1.40502614993e-20
0.546 	0.0307531380753 	2.39103614058e-18 	0.452841829925 	0.000837560864749 	540.66736996 	25.7505556373 	34.3317806482 	-1.37551129518 	1.2471724616e-20
0.546 	0.0322175732218 	1.11212605188e-18 	0.362126071018 	0.000747651269571 	484.351576405 	24.8609145002 	34.3839038356 	-1.38357884219 	5.11451468497e-21
0.546 	0.0336820083682 	-1.05509032157e-18 	0.295001721518 	0.000672140577408 	438.898842642 	23.9481937349 	34.4177358778 	-1.39077921697 	-1.26062831725e-20
0.546 	0.0351464435146 	1.24162732042e-18 	0.245556702126 	0.000611570251848 	401.518388744 	23.0130840957 	34.4435548862 	-1.39740888539 	2.1861374957e-20
0.546 	0.0366108786611 	-6.36049446532e-19 	0.209825857846 	0.000565864586767 	370.805777129 	22.0558834673 	34.4678677223 	-1.4036207381 	2.09905555864e-20
0.546 	0.0380753138075 	-1.32725366134e-18 	0.184767256506 	0.000534270101355 	345.831174228 	21.0766983873 	34.4931836008 	-1.40943313013 	1.01576455112e-20
0.546 	0.039539748954 	-5.88574884539e-19 	0.167906943994 	0.000515352418748 	325.809946525 	20.0756159448 	34.5196220129 	-1.41479619382 	-1.52394431867e-20
0.546 	0.0410041841004 	-6.48605124894e-19 	0.157164591044 	0.000507131284568 	309.909082376 	19.0527795756 	34.5466905442 	-1.41965166591 	7.01288741837e-21
0.546 	0.0424686192469 	2.299684304e-19 	0.153534559134 	0.000506323254066 	303.234263688 	18.5332653383 	34.5603639271 	-1.42187443747 	-3.27081542934e-21
0.546 	0.0439330543933 	2.03397488169e-18 	0.148839152501 	0.000509878377319 	291.911089237 	17.4781936312 	34.5879566299 	-1.42588672651 	-7.54550971358e-21
0.546 	0.0453974895397 	-2.0539579438e-19 	0.146586265302 	0.000518599236332 	282.65808168 	16.4019571515 	34.6159307028 	-1.42929269851 	-1.24432159305e-20
0.546 	0.0468619246862 	-1.70059156241e-19 	0.145880786557 	0.000530778585051 	274.843014894 	15.3048614454 	34.644361246 	-1.43205753475 	-1.28142198948e-20
0.546 	0.0483263598326 	1.28310888893e-18 	0.14590529493 	0.000537758798188 	271.321074471 	14.7485988078 	34.6587647083 	-1.43318829686 	-6.87816767481e-21
0.546 	0.0497907949791 	-1.24675634553e-18 	0.146426485836 	0.000552919936996 	264.824029735 	13.6208859279 	34.6879684957 	-1.43492346576 	-8.66683432086e-21
0.546 	0.0512552301255 	-5.74508938438e-19 	0.146843087543 	0.000560933613502 	261.783362609 	13.0495426174 	34.7027738791 	-1.43551851229 	1.68879228293e-21
0.546 	0.052719665272 	-6.34662437449e-19 	0.147848492425 	0.00057752982286 	256.001485245 	11.8921766287 	34.7327997019 	-1.43613986982 	-1.06746949315e-21
0.546 	0.0541841004184 	1.37620133614e-18 	0.148399156887 	0.000586028609804 	253.228518889 	11.306282981 	34.7480223383 	-1.43615663613 	4.03068130842e-21
0.546 	0.0556485355649 	1.53058883495e-18 	0.149531204361 	0.000603275742683 	247.86543496 	10.1204262052 	34.7788913669 	-1.43557832037 	-3.02543263831e-23
0.546 	0.0571129707113 	1.61680590171e-18 	0.150094812781 	0.000611978337929 	245.261643229 	9.52061580424 	34.7945392218 	-1.43497357013 	-7.99905669481e-22
0.546 	0.0585774058577 	-9.42023886312e-19 	0.151185846165 	0.000629448285571 	240.187875049 	8.3076435162 	34.8262645691 	-1.43310856445 	4.00803891779e-21
0.546 	0.0600418410042 	-9.82162488471e-19 	0.151704117251 	0.000638182901509 	237.712600718 	7.69465916818 	34.8423427676 	-1.43183851459 	-2.91797426431e-21
0.546 	0.0615062761506 	3.7855044833e-19 	0.152668241559 	0.000655573917574 	232.877235452 	6.45616987093 	34.8749299359 	-1.4285986448 	-6.79020773394e-21
0.546 	0.0629707112971 	1.14576907589e-18 	0.153108119207 	0.000664199495737 	230.515259631 	5.83086825732 	34.8914376572 	-1.42661887155 	1.08425618861e-20
0.546 	0.0644351464435 	-7.21825302503e-19 	0.153516262083 	0.000672757426232 	228.18962095 	5.20167158338 	34.9080865317 	-1.4243925236 	2.13770870099e-21
0.546 	0.06589958159 	-1.93823588299e-18 	0.153890113999 	0.000681231311303 	225.899942421 	4.56869264272 	34.9248747352 	-1.42191455628 	-6.83720105365e-22
0.546 	0.0673640167364 	2.2354624842e-18 	0.154524901738 	0.000697857775935 	221.427498649 	3.29186192912 	34.9588594893 	-1.41618347977 	-1.59842693848e-21
0.546 	0.0688284518828 	-1.97899328493e-18 	0.154780757077 	0.000705973512 	219.244425529 	2.64825869378 	34.976050251 	-1.41292019321 	4.75991460373e-22
0.546 	0.0702928870293 	-1.07535679029e-18 	0.154992066941 	0.000713931162123 	217.096654642 	2.00137035777 	34.9933689759 	-1.4093849466 	-7.43530663739e-22
0.546 	0.0717573221757 	-5.13574058027e-19 	0.15515602089 	0.000721709206912 	214.984122973 	1.3513329342 	35.0108123219 	-1.40557264892 	-6.59322624239e-22
0.546 	0.0732217573222 	6.02944281245e-19 	0.155329586857 	0.000736631893232 	210.864596393 	0.0423786930691 	35.0460601018 	-1.39709661445 	1.79034345966e-22
0.546 	0.0746861924686 	1.10839739648e-18 	0.155332389775 	0.000743724163554 	208.857527276 	-0.616242232013 	35.0638588992 	-1.39242279714 	-1.03616710941e-21
0.546 	0.0761506276151 	-1.75413405449e-18 	0.155274118453 	0.000750531513801 	206.885541244 	-1.27742043772 	35.0817712956 	-1.38745177974 	-2.2322671281e-22
0.546 	0.0776150627615 	-3.77546679981e-19 	0.155150483502 	0.000757021417827 	204.948604951 	-1.94099597732 	35.099795734 	-1.38217860823 	-4.78855785318e-22
0.546 	0.0790794979079 	-1.06313997411e-18 	0.154956787744 	0.000763158399374 	203.046691055 	-2.60680410095 	35.1179313123 	-1.37659836967 	-1.8046535099e-21
0.546 	0.0805439330544 	-1.01674041051e-18 	0.154687931339 	0.000768903937089 	201.179788368 	-3.27467525054 	35.1361779524 	-1.37070620042 	9.6134956922e-22
0.546 	0.0820083682008 	-1.31396139896e-18 	0.154338450742 	0.000774216522159 	199.347916667 	-3.94443507108 	35.1545368009 	-1.36449730663 	-4.81766295661e-22
0.546 	0.0834728033473 	1.23279414631e-18 	0.153374438476 	0.000783363639361 	195.789580687 	-5.28889947005 	35.1916069547 	-1.35111077511 	5.70507032292e-21
0.546 	0.0849372384937 	1.61660878438e-18 	0.152748016594 	0.000787103729036 	194.063388292 	-5.9632317365 	35.2103356581 	-1.34392433855 	-7.45216347697e-21
0.546 	0.0864016736402 	2.641400586e-18 	0.152017482046 	0.000790223740485 	192.372709472 	-6.6387083305 	35.229213793 	-1.33640368229 	-3.81999751016e-21
0.546 	0.0878661087866 	4.88686937582e-19 	0.151177271124 	0.000792676041576 	190.717598609 	-7.31513211055 	35.2482631702 	-1.328545022 	4.00098308647e-21
0.546 	0.0893305439331 	5.44860162042e-19 	0.150222300897 	0.000794415431788 	189.097913869 	-7.99230183126 	35.2675074909 	-1.32034462458 	-8.6703139415e-22
0.546 	0.0907949790795 	1.36150060464e-18 	0.149148235187 	0.000795401185111 	187.513217203 	-8.67001207805 	35.2869656016 	-1.31179847946 	-2.35636492072e-21
0.546 	0.0922594142259 	9.09054790263e-19 	0.147951872937 	0.000795599617565 	185.962725058 	-9.34805285169 	35.3066417565 	-1.30290186522 	2.06699417823e-22
0.546 	0.0937238493724 	-2.91988677463e-19 	0.146631697422 	0.000794987206245 	184.445354931 	-10.026208682 	35.3265151911 	-1.29364894084 	7.42211809666e-21
0.546 	0.0951882845188 	8.80942613426e-19 	0.145188568109 	0.000793554091446 	182.959888524 	-10.7042573096 	35.3465328933 	-1.28403254463 	-1.28161837804e-21
0.546 	0.0966527196653 	3.77338120259e-19 	0.143626445573 	0.000791307499119 	181.505224875 	-11.381968147 	35.3666097698 	-1.2740443643 	5.11553206115e-21
0.546 	0.0981171548117 	-1.38640110601e-18 	0.141952950269 	0.000788274337185 	180.080643974 	-12.0591009201 	35.3866387043 	-1.26367552733 	1.43893796784e-22
0.546 	0.0995815899582 	-1.46216875436e-18 	0.140179525107 	0.000784502121924 	178.685973167 	-12.7354049335 	35.4065094412 	-1.25291748573 	-4.82453920485e-21
0.546 	0.101046025105 	1.16044878963e-18 	0.140179525107 	0.000784502121924 	178.685973167 	-12.7354049335 	35.4065094412 	-1.25291748573 	-4.82453920485e-21
0.546 	0.102510460251 	1.71704427079e-18 	0.138321044143 	0.000780057626678 	177.321571397 	-13.4106192768 	35.4261311724 	-1.24176291119 	1.28081176924e-21
0.546 	0.103974895397 	-8.46629581021e-19 	0.136394876845 	0.000775023205696 	175.988119894 	-14.0844739834 	35.4454512143 	-1.2302062706 	-2.28259458489e-21
0.546 	0.105439330544 	8.59287451613e-19 	0.134419606503 	0.000769491416065 	174.686297594 	-14.7566918094 	35.4644629042 	-1.21824386053 	-1.62172801102e-21
0.546 	0.10690376569 	8.14820836856e-19 	0.132413714195 	0.000763559024003 	173.416474736 	-15.4269900537 	35.4831999009 	-1.20587330326 	-9.46515524233e-22
0.546 	0.108368200837 	-5.53180610991e-19 	0.130394518942 	0.000757321522588 	172.178546433 	-16.0950818569 	35.5017196427 	-1.1930927337 	-4.75832922618e-22
0.546 	0.109832635983 	-9.64283504307e-19 	0.128377530716 	0.000750868927092 	170.971958066 	-16.7606766499 	35.5200829369 	-1.17990001387 	-1.8311672093e-21
0.546 	0.11129707113 	3.87758617608e-19 	0.126376203627 	0.000744283070978 	169.795886209 	-17.4234797745 	35.5383373938 	-1.16629224962 	7.20904622722e-21
0.546 	0.112761506276 	-4.68334959652e-19 	0.126376203627 	0.000744283070978 	169.795886209 	-17.4234797745 	35.5383373938 	-1.16629224962 	7.20904622722e-21
0.546 	0.114225941423 	-2.5936500635e-19 	0.124401955275 	0.000737636170035 	168.649478331 	-18.0831915933 	35.5565095282 	-1.15226570195 	-4.57312887802e-21
0.546 	0.115690376569 	-4.99627587747e-19 	0.122464288411 	0.000730990223616 	167.532046879 	-18.7395064916 	35.5746057663 	-1.1378159964 	9.66716176953e-21
0.546 	0.117154811715 	-1.69791897234e-19 	0.120570903356 	0.00072439688977 	166.44315438 	-19.3921120714 	35.5926189413 	-1.12293843981 	-1.71710491405e-21
0.546 	0.118619246862 	6.24914368549e-21 	0.118727775 	0.000717897675685 	165.38258727 	-20.0406886431 	35.6105357832 	-1.10762827842 	-5.49393471281e-22
0.546 	0.120083682008 	6.38265595274e-19 	0.118727775 	0.000717897675685 	165.38258727 	-20.0406886431 	35.6105357832 	-1.10762827842 	-5.49393471281e-22
0.546 	0.121548117155 	7.94660881499e-19 	0.116939231368 	0.000711524456149 	164.350262815 	-20.6849089556 	35.6283422341 	-1.09188082624 	-6.23316834827e-21
0.546 	0.123012552301 	8.6027557498e-19 	0.115208083206 	0.000705300369585 	163.346126238 	-21.3244380261 	35.6460257077 	-1.07569148234 	3.18435124901e-20
0.546 	0.124476987448 	2.32947843907e-19 	0.113535825094 	0.000699241059287 	162.370077653 	-21.9589329646 	35.6635751354 	-1.05905569672 	-6.04253592163e-20
0.546 	0.125941422594 	-9.13414156035e-19 	0.111922889996 	0.000693356119272 	161.421940161 	-22.5880427445 	35.6809801542 	-1.04196893381 	5.84671068307e-20
0.546 	0.127405857741 	-2.95306499549e-19 	0.111922889996 	0.000693356119272 	161.421940161 	-22.5880427445 	35.6809801542 	-1.04196893381 	5.84671068307e-20
0.546 	0.128870292887 	3.51391599277e-19 	0.110368917503 	0.000687650552935 	160.501459691 	-23.2114079134 	35.698230389 	-1.02442665377 	-2.38063923329e-20
0.546 	0.130334728033 	-5.46278800149e-19 	0.108872998106 	0.000682126079994 	159.60832066 	-23.828660272 	35.7153151346 	-1.00642430894 	-3.44063864723e-20
0.546 	0.13179916318 	7.76753350512e-21 	0.107433871529 	0.000676782199278 	158.742164973 	-24.4394225286 	35.7322233273 	-0.987957345484 	1.18723030257e-20
0.546 	0.133263598326 	-4.19088525743e-20 	0.107433871529 	0.000676782199278 	158.742164973 	-24.4394225286 	35.7322233273 	-0.987957345484 	1.18723030257e-20
0.546 	0.134728033473 	3.62934562724e-19 	0.106050073733 	0.000671616986754 	157.902607922 	-25.0433079398 	35.7489436064 	-0.969021203636 	1.03341843042e-20
0.546 	0.136192468619 	-8.72300870415e-19 	0.10472003787 	0.000666627655514 	157.089249155 	-25.6399199285 	35.765464351 	-0.949611315318 	-1.55867598174e-20
0.546 	0.137656903766 	-1.26798167598e-18 	0.10472003787 	0.000666627655514 	157.089249155 	-25.6399199285 	35.765464351 	-0.949611315318 	-1.55867598174e-20
0.546 	0.139121338912 	-2.16481454691e-19 	0.103442159497 	0.00066181092736 	156.301679559 	-26.2288516814 	35.7817736752 	-0.929723100399 	5.16870251747e-20
0.546 	0.140585774059 	-3.92133339677e-19 	0.102214836986 	0.000657163269483 	155.539485745 	-26.8096857177 	35.7978594039 	-0.909351962458 	-6.04911901669e-20
0.546 	0.142050209205 	-1.39491292908e-18 	0.101036495777 	0.000652681040695 	154.802253286 	-27.3819934287 	35.8137090503 	-0.888493284597 	-1.59331284396e-22
0.546 	0.143514644351 	-1.01862776518e-18 	0.101036495777 	0.000652681040695 	154.802253286 	-27.3819934287 	35.8137090503 	-0.888493284597 	-1.59331284396e-22
0.546 	0.144979079498 	4.49257474113e-19 	0.0999056022243 	0.000648360578969 	154.089569084 	-27.9453345853 	35.8293097971 	-0.86714242535 	4.14211391912e-21
0.546 	0.146443514644 	1.13756287924e-18 	0.0988206709149 	0.00064419825201 	153.401023065 	-28.4992568121 	35.8446484804 	-0.845294714223 	-4.8186240829e-21
0.546 	0.147907949791 	-7.07833517416e-19 	0.0988206709149 	0.00064419825201 	153.401023065 	-28.4992568121 	35.8446484804 	-0.845294714223 	-4.8186240829e-21
0.546 	0.149372384937 	-6.63386521427e-19 	0.0977802680648 	0.000640190485608 	152.736209399 	-29.0432950228 	35.8597115739 	-0.822945447113 	2.97784427504e-20
0.546 	0.150836820084 	-2.50436818378e-19 	0.0967830127326 	0.000636333779298 	152.094727455 	-29.5769708171 	35.8744851706 	-0.800089881343 	-9.99082499454e-21
0.546 	0.15230125523 	9.84198652746e-19 	0.0967830127326 	0.000636333779298 	152.094727455 	-29.5769708171 	35.8744851706 	-0.800089881343 	-9.99082499454e-21
0.546 	0.153765690377 	8.67526458019e-19 	0.0958275768942 	0.000632624715109 	151.476182649 	-30.0997918329 	35.8889549641 	-0.776723230376 	1.53072488814e-20
0.546 	0.155230125523 	-1.9236502823e-19 	0.0958275768942 	0.000632624715109 	151.476182649 	-30.0997918329 	35.8889549641 	-0.776723230376 	1.53072488814e-20
0.546 	0.156694560669 	1.15991850278e-18 	0.094912684966 	0.000629059962607 	150.880187276 	-30.6112510535 	35.9031062278 	-0.752840658195 	3.31734003764e-20
0.546 	0.158158995816 	-9.76941848955e-19 	0.0940371130966 	0.000625636281975 	150.306361389 	-31.1108260648 	35.9169237936 	-0.728437273281 	-5.47390122367e-21
0.546 	0.159623430962 	6.14498618379e-19 	0.0940371130966 	0.000625636281975 	150.306361389 	-31.1108260648 	35.9169237936 	-0.728437273281 	-5.47390122367e-21
0.546 	0.161087866109 	-7.02911440246e-19 	0.0931996883906 	0.000622350526081 	149.754333747 	-31.5979782586 	35.9303920281 	-0.703508122191 	-1.33783411377e-20
0.546 	0.162552301255 	-4.24497476447e-19 	0.0923992881472 	0.000619199642319 	149.223742768 	-32.0721519792 	35.9434948077 	-0.678048182802 	-3.35893424483e-20
0.546 	0.164016736402 	9.62384185727e-19 	0.0923992881472 	0.000619199642319 	149.223742768 	-32.0721519792 	35.9434948077 	-0.678048182802 	-3.35893424483e-20
0.546 	0.165481171548 	-9.97687722676e-20 	0.0916348391741 	0.000616180675241 	148.714237327 	-32.5327736057 	35.9562154917 	-0.652052356711 	5.77844196407e-20
0.546 	0.166945606695 	-7.09062990334e-19 	0.0916348391741 	0.000616180675241 	148.714237327 	-32.5327736057 	35.9562154917 	-0.652052356711 	5.77844196407e-20
0.546 	0.168410041841 	-1.98681245545e-18 	0.0909053172127 	0.00061329077106 	148.225477216 	-32.9792505733 	35.968536893 	-0.625515462028 	-1.39193062811e-20
0.546 	0.169874476987 	5.46579663629e-19 	0.0902097464918 	0.000610527184418 	147.75713317 	-33.41097031 	35.9804412479 	-0.59843222379 	-2.2935192192e-21
0.546 	0.171338912134 	-8.27797516148e-19 	0.0902097464918 	0.000610527184418 	147.75713317 	-33.41097031 	35.9804412479 	-0.59843222379 	-2.2935192192e-21
0.546 	0.17280334728 	6.22839718364e-19 	0.089547199425 	0.000607887286041 	147.30888683 	-33.8272991247 	35.9919101816 	-0.570797267292 	-3.37036417952e-20
0.546 	0.174267782427 	-3.08329663897e-19 	0.089547199425 	0.000607887286041 	147.30888683 	-33.8272991247 	35.9919101816 	-0.570797267292 	-3.37036417952e-20
0.546 	0.175732217573 	-1.26484294204e-18 	0.0889167961216 	0.000605368566824 	146.880431186 	-34.2275809503 	36.0029246729 	-0.542605104099 	-7.38354143573e-21
0.546 	0.17719665272 	-8.39170929754e-19 	0.0889167961216 	0.000605368566824 	146.880431186 	-34.2275809503 	36.0029246729 	-0.542605104099 	-7.38354143573e-21
0.546 	0.178661087866 	8.251962196e-19 	0.0883177046499 	0.000602968695093 	146.471459246 	-34.6111361229 	36.0134650152 	-0.513850130039 	5.57909969165e-20
0.546 	0.180125523013 	-1.12456010548e-18 	0.0883177046499 	0.000602968695093 	146.471459246 	-34.6111361229 	36.0134650152 	-0.513850130039 	5.57909969165e-20
0.546 	0.181589958159 	3.72833480624e-19 	0.0877491407046 	0.000600685421595 	146.081688601 	-34.9772598178 	36.0235107751 	-0.484526598154 	-6.24692415089e-20
0.546 	0.183054393305 	3.11250168489e-19 	0.0872103674775 	0.000598516623409 	145.710852575 	-35.3252208559 	36.0330407482 	-0.454628636846 	3.74109816256e-20
0.546 	0.184518828452 	1.47650753234e-19 	0.0872103674775 	0.000598516623409 	145.710852575 	-35.3252208559 	36.0330407482 	-0.454628636846 	3.74109816256e-20
0.546 	0.185983263598 	1.09183202525e-18 	0.0867006957923 	0.000596460311686 	145.358700476 	-35.6542595064 	36.0420329102 	-0.424150180677 	-3.7889476727e-20
0.546 	0.187447698745 	3.39849016251e-19 	0.0867006957923 	0.000596460311686 	145.358700476 	-35.6542595064 	36.0420329102 	-0.424150180677 	-3.7889476727e-20
0.546 	0.188912133891 	-1.26191615868e-18 	0.0862194848017 	0.000594514637414 	145.024999177 	-35.9635868121 	36.0504643673 	-0.393085060091 	2.70815891359e-20
0.546 	0.190376569038 	-3.72767347162e-20 	0.0862194848017 	0.000594514637414 	145.024999177 	-35.9635868121 	36.0504643673 	-0.393085060091 	2.70815891359e-20
0.546 	0.191841004184 	2.23673700399e-19 	0.0857661416652 	0.000592677892177 	144.709534128 	-36.2523807974 	36.058311297 	-0.361426797783 	-2.20996048402e-20
0.546 	0.193305439331 	-3.24611034317e-19 	0.0857661416652 	0.000592677892177 	144.709534128 	-36.2523807974 	36.058311297 	-0.361426797783 	-2.20996048402e-20
0.546 	0.194769874477 	4.09327285771e-20 	0.0853401234281 	0.000590948516663 	144.412112091 	-36.5197879058 	36.065548895 	-0.329168931093 	-6.38967687311e-22
0.546 	0.196234309623 	7.09421874683e-19 	0.0853401234281 	0.000590948516663 	144.412112091 	-36.5197879058 	36.065548895 	-0.329168931093 	-6.38967687311e-22
0.546 	0.19769874477 	-3.18200243784e-19 	0.0849409354247 	0.000589325095946 	144.132561143 	-36.7649147481 	36.0721512987 	-0.296304392404 	2.67418184674e-22
0.546 	0.199163179916 	-5.43479230758e-19 	0.0849409354247 	0.000589325095946 	144.132561143 	-36.7649147481 	36.0721512987 	-0.296304392404 	2.67418184674e-22
0.546 	0.200627615063 	-1.4241344508e-19 	0.0845681364278 	0.000587806380639 	143.870735693 	-36.9868364529 	36.0780915375 	-0.262826547054 	-8.84975752424e-21
0.546 	0.202092050209 	-3.71081013712e-19 	0.0845681364278 	0.000587806380639 	143.870735693 	-36.9868364529 	36.0780915375 	-0.262826547054 	-8.84975752424e-21
0.546 	0.203556485356 	1.3255290327e-20 	0.0842213326114 	0.000586391265936 	143.626512712 	-37.1845757138 	36.0833414241 	-0.228727335249 	2.46978960686e-20
0.546 	0.205020920502 	6.36737107761e-19 	0.0842213326114 	0.000586391265936 	143.626512712 	-37.1845757138 	36.0833414241 	-0.228727335249 	2.46978960686e-20
0.546 	0.206485355649 	-1.63372028452e-19 	0.0839001916786 	0.000585078847669 	143.399803313 	-37.3571317174 	36.08787153 	-0.194000406466 	-3.6798479688e-21
0.546 	0.207949790795 	-2.26265485054e-19 	0.0839001916786 	0.000585078847669 	143.399803313 	-37.3571317174 	36.08787153 	-0.194000406466 	-3.6798479688e-21
0.546 	0.209414225941 	-2.2119648083e-19 	0.0836044230564 	0.00058386834899 	143.190538074 	-37.5034237832 	36.0916510078 	-0.158635725296 	7.1085263668e-21
0.546 	0.210878661088 	-4.27463098913e-19 	0.0836044230564 	0.00058386834899 	143.190538074 	-37.5034237832 	36.0916510078 	-0.158635725296 	7.1085263668e-21
0.546 	0.212343096234 	-1.25454173349e-19 	0.0833338166487 	0.00058275927031 	142.998697566 	-37.6223778381 	36.0946476416 	-0.122628577174 	1.61247799373e-20
0.546 	0.213807531381 	6.05533821786e-19 	0.0833338166487 	0.00058275927031 	142.998697566 	-37.6223778381 	36.0946476416 	-0.122628577174 	1.61247799373e-20
0.546 	0.215271966527 	7.74444252457e-19 	0.0830881836702 	0.000581751164238 	142.824267106 	-37.71277482 	36.0968275258 	-0.0859644989583 	-3.53231857145e-20
0.546 	0.216736401674 	-3.71275448987e-19 	0.0830881836702 	0.000581751164238 	142.824267106 	-37.71277482 	36.0968275258 	-0.0859644989583 	-3.53231857145e-20
0.546 	0.21820083682 	7.95883735338e-19 	0.0828674617807 	0.000580844038679 	142.667319043 	-37.7734900459 	36.0981552879 	-0.0486440223685 	4.3871332356e-20
0.546 	0.219665271967 	-5.3309173507e-20 	0.0828674617807 	0.000580844038679 	142.667319043 	-37.7734900459 	36.0981552879 	-0.0486440223685 	4.3871332356e-20
0.546 	0.221129707113 	2.33832655265e-19 	0.08267154954 	0.000580037721507 	142.527884782 	-37.803095911 	36.0985934897 	-0.0106422422739 	-3.8841657056e-20
0.546 	0.222594142259 	1.08231852651e-18 	0.08267154954 	0.000580037721507 	142.527884782 	-37.803095911 	36.0985934897 	-0.0106422422739 	-3.8841657056e-20
0.546 	0.224058577406 	-7.39837633145e-19 	0.0825005849516 	0.000579332927645 	142.406172711 	-37.8004884032 	36.0981031802 	0.0280260504685 	2.8440991399e-20
0.546 	0.225523012552 	1.88388566113e-19 	0.0825005849516 	0.000579332927645 	142.406172711 	-37.8004884032 	36.0981031802 	0.0280260504685 	2.8440991399e-20
0.546 	0.226987447699 	2.96123080962e-19 	0.0825005849516 	0.000579332927645 	142.406172711 	-37.8004884032 	36.0981031802 	0.0280260504685 	2.8440991399e-20
0.546 	0.228451882845 	-9.31905961734e-20 	0.0823545050691 	0.000578729564045 	142.302225747 	-37.7638835884 	36.0966428697 	0.0674104723303 	-3.8582661031e-20
0.546 	0.229916317992 	3.87967576111e-19 	0.0823545050691 	0.000578729564045 	142.302225747 	-37.7638835884 	36.0966428697 	0.0674104723303 	-3.8582661031e-20
0.546 	0.231380753138 	8.54730334624e-19 	0.0822337612693 	0.000578229473176 	142.216481664 	-37.6923787969 	36.0941695148 	0.107460683682 	4.4145163304e-20
0.546 	0.232845188285 	-5.76231829607e-19 	0.0822337612693 	0.000578229473176 	142.216481664 	-37.6923787969 	36.0941695148 	0.107460683682 	4.4145163304e-20
0.546 	0.234309623431 	6.12272229854e-19 	0.0821381979399 	0.000577832112471 	142.148897867 	-37.5835219126 	36.0906371266 	0.148283493237 	-2.4092695424e-21
0.546 	0.235774058577 	1.21336049291e-21 	0.0821381979399 	0.000577832112471 	142.148897867 	-37.5835219126 	36.0906371266 	0.148283493237 	-2.4092695424e-21
0.546 	0.237238493724 	4.17607794195e-19 	0.0821381979399 	0.000577832112471 	142.148897867 	-37.5835219126 	36.0906371266 	0.148283493237 	-2.4092695424e-21
0.546 	0.23870292887 	6.30313632053e-19 	0.0820688266132 	0.000577541367221 	142.100343406 	-37.4370214201 	36.0859974541 	0.18974528397 	-8.99376192521e-21
0.546 	0.240167364017 	-4.88576659923e-19 	0.0820688266132 	0.000577541367221 	142.100343406 	-37.4370214201 	36.0859974541 	0.18974528397 	-8.99376192521e-21
0.546 	0.241631799163 	-2.67845828562e-19 	0.0820250832611 	0.000577354979027 	142.070452738 	-37.2491181134 	36.0801998284 	0.232080651924 	-1.43139670849e-20
0.546 	0.24309623431 	-4.04237501003e-20 	0.0820250832611 	0.000577354979027 	142.070452738 	-37.2491181134 	36.0801998284 	0.232080651924 	-1.43139670849e-20
0.546 	0.244560669456 	2.89257507549e-19 	0.082009066938 	0.000577280831676 	142.06095619 	-37.0209865853 	36.0731882784 	0.27497122645 	-6.14214101552e-20
0.546 	0.246025104603 	3.38061414579e-19 	0.082009066938 	0.000577280831676 	142.06095619 	-37.0209865853 	36.0731882784 	0.27497122645 	-6.14214101552e-20
0.546 	0.247489539749 	-4.39395332938e-19 	0.082009066938 	0.000577280831676 	142.06095619 	-37.0209865853 	36.0731882784 	0.27497122645 	-6.14214101552e-20
0.546 	0.248953974895 	-6.83180324757e-19 	0.0820190868561 	0.000577312079593 	142.070623074 	-36.7463167281 	36.0649105277 	0.318924976448 	8.52347583014e-20
0.546 	0.250418410042 	-4.73179978079e-19 	0.0820190868561 	0.000577312079593 	142.070623074 	-36.7463167281 	36.0649105277 	0.318924976448 	8.52347583014e-20
0.546 	0.251882845188 	7.79884200378e-19 	0.0820594198468 	0.00057746462676 	142.102937642 	-36.4293942477 	36.0552973009 	0.363234747449 	-4.43623938466e-20
0.546 	0.253347280335 	6.40004810863e-20 	0.0820594198468 	0.00057746462676 	142.102937642 	-36.4293942477 	36.0552973009 	0.363234747449 	-4.43623938466e-20
0.546 	0.254811715481 	3.06567408099e-19 	0.0820594198468 	0.00057746462676 	142.102937642 	-36.4293942477 	36.0552973009 	0.363234747449 	-4.43623938466e-20
0.546 	0.256276150628 	-6.9382856453e-19 	0.0821257412184 	0.000577721038365 	142.154665945 	-36.0591028598 	36.0443052456 	0.408964937268 	7.10282527546e-20
0.546 	0.257740585774 	8.40374941224e-19 	0.0821257412184 	0.000577721038365 	142.154665945 	-36.0591028598 	36.0443052456 	0.408964937268 	7.10282527546e-20
0.546 	0.259205020921 	-7.8783964181e-19 	0.0822267333675 	0.000578113453813 	142.232865928 	-35.6457224295 	36.0318315015 	0.454635341262 	-8.7529678091e-20
0.546 	0.260669456067 	-1.57542860438e-19 	0.0822267333675 	0.000578113453813 	142.232865928 	-35.6457224295 	36.0318315015 	0.454635341262 	-8.7529678091e-20
0.546 	0.262133891213 	-5.96957382819e-19 	0.0822267333675 	0.000578113453813 	142.232865928 	-35.6457224295 	36.0318315015 	0.454635341262 	-8.7529678091e-20
0.546 	0.26359832636 	-1.77765764095e-19 	0.082352420951 	0.000578601800697 	142.330046073 	-35.1696277311 	36.0178702614 	0.502380765503 	2.93120934928e-20
0.546 	0.265062761506 	4.30201470386e-19 	0.082352420951 	0.000578601800697 	142.330046073 	-35.1696277311 	36.0178702614 	0.502380765503 	2.93120934928e-20
0.546 	0.266527196653 	6.39051385659e-19 	0.0825200935489 	0.000579249655535 	142.460323904 	-34.6515442662 	36.002230485 	0.549278176925 	9.74588280651e-22
0.546 	0.267991631799 	9.78568954253e-20 	0.0825200935489 	0.000579249655535 	142.460323904 	-34.6515442662 	36.002230485 	0.549278176925 	9.74588280651e-22
0.546 	0.269456066946 	-7.13098999745e-19 	0.0825200935489 	0.000579249655535 	142.460323904 	-34.6515442662 	36.002230485 	0.549278176925 	9.74588280651e-22
0.546 	0.270920502092 	3.79856592263e-19 	0.0827083873432 	0.000579971282309 	142.607728807 	-34.0581355507 	35.985030337 	0.599386866003 	-2.38841826401e-21
0.546 	0.272384937238 	1.86578623661e-19 	0.0827083873432 	0.000579971282309 	142.607728807 	-34.0581355507 	35.985030337 	0.599386866003 	-2.38841826401e-21
0.546 	0.273849372385 	4.88258062621e-19 	0.0829507095163 	0.000580888100568 	142.799808492 	-33.4261063601 	35.9658525932 	0.647287295588 	1.87634814985e-20
0.546 	0.275313807531 	-4.42314216059e-19 	0.0829507095163 	0.000580888100568 	142.799808492 	-33.4261063601 	35.9658525932 	0.647287295588 	1.87634814985e-20
0.546 	0.276778242678 	-8.33092700657e-20 	0.0829507095163 	0.000580888100568 	142.799808492 	-33.4261063601 	35.9658525932 	0.647287295588 	1.87634814985e-20
0.546 	0.278242677824 	-1.56656536641e-19 	0.0832039114969 	0.000581826129539 	143.004769419 	-32.7031454983 	35.9451602991 	0.700216760208 	3.24172636235e-20
0.546 	0.279707112971 	-1.13570505371e-18 	0.0832039114969 	0.000581826129539 	143.004769419 	-32.7031454983 	35.9451602991 	0.700216760208 	3.24172636235e-20
0.546 	0.281171548117 	-1.24256101263e-19 	0.0832039114969 	0.000581826129539 	143.004769419 	-32.7031454983 	35.9451602991 	0.700216760208 	3.24172636235e-20
0.546 	0.282635983264 	-2.30007704487e-19 	0.0835292813369 	0.000583002690259 	143.274263966 	-31.9455904769 	35.9219634125 	0.748845890487 	-6.64758829997e-20
0.546 	0.28410041841 	4.7800324652e-19 	0.0835292813369 	0.000583002690259 	143.274263966 	-31.9455904769 	35.9219634125 	0.748845890487 	-6.64758829997e-20
0.546 	0.285564853556 	-8.81705535237e-19 	0.0838428291101 	0.000584074120426 	143.548269266 	-31.0821401942 	35.8975995276 	0.805068462392 	6.34522285487e-20
0.546 	0.287029288703 	-1.76539338331e-19 	0.0838428291101 	0.000584074120426 	143.548269266 	-31.0821401942 	35.8975995276 	0.805068462392 	6.34522285487e-20
0.546 	0.288493723849 	-1.38473456954e-19 	0.0838428291101 	0.000584074120426 	143.548269266 	-31.0821401942 	35.8975995276 	0.805068462392 	6.34522285487e-20
0.546 	0.289958158996 	9.0342067434e-19 	0.0842461253512 	0.00058537989874 	143.917011043 	-30.1818362597 	35.8696816661 	0.854293815647 	-2.55168752853e-20
0.546 	0.291422594142 	-1.02832960296e-18 	0.0842461253512 	0.00058537989874 	143.917011043 	-30.1818362597 	35.8696816661 	0.854293815647 	-2.55168752853e-20
0.546 	0.292887029289 	5.92649875262e-19 	0.0842461253512 	0.00058537989874 	143.917011043 	-30.1818362597 	35.8696816661 	0.854293815647 	-2.55168752853e-20
0.546 	0.294351464435 	8.53958241517e-19 	0.0845753746814 	0.000586231177426 	144.269663467 	-29.1730980328 	35.8416192527 	0.913970627916 	2.55245207876e-20
0.546 	0.295815899582 	-4.14946660431e-19 	0.0845753746814 	0.000586231177426 	144.269663467 	-29.1730980328 	35.8416192527 	0.913970627916 	2.55245207876e-20
0.546 	0.297280334728 	5.11561977137e-19 	0.0845753746814 	0.000586231177426 	144.269663467 	-29.1730980328 	35.8416192527 	0.913970627916 	2.55245207876e-20
0.546 	0.298744769874 	8.7299784467e-19 	0.0849674640942 	0.000587012504627 	144.745577691 	-28.1003177818 	35.8078152346 	0.964323674137 	-1.92044072201e-20
0.546 	0.300209205021 	-6.52257041887e-19 	0.0849674640942 	0.000587012504627 	144.745577691 	-28.1003177818 	35.8078152346 	0.964323674137 	-1.92044072201e-20
0.546 	0.301673640167 	-3.99163360901e-19 	0.0849674640942 	0.000587012504627 	144.745577691 	-28.1003177818 	35.8078152346 	0.964323674137 	-1.92044072201e-20
0.546 	0.303138075314 	-7.67601006864e-19 	0.085104796008 	0.000586339373534 	145.145968102 	-26.9571723202 	35.7764285501 	1.02651506998 	1.42768254767e-20
0.546 	0.30460251046 	1.19289730478e-18 	0.085104796008 	0.000586339373534 	145.145968102 	-26.9571723202 	35.7764285501 	1.02651506998 	1.42768254767e-20
0.546 	0.306066945607 	2.43528317242e-19 	0.085104796008 	0.000586339373534 	145.145968102 	-26.9571723202 	35.7764285501 	1.02651506998 	1.42768254767e-20
0.546 	0.307531380753 	3.55782808821e-19 	0.085126007828 	0.000584388189749 	145.666886021 	-25.6573588119 	35.7349054379 	1.08032796838 	-4.8340704682e-20
0.546 	0.3089958159 	5.81969992182e-19 	0.085126007828 	0.000584388189749 	145.666886021 	-25.6573588119 	35.7349054379 	1.08032796838 	-4.8340704682e-20
0.546 	0.310460251046 	4.38492867185e-19 	0.085126007828 	0.000584388189749 	145.666886021 	-25.6573588119 	35.7349054379 	1.08032796838 	-4.8340704682e-20
0.546 	0.311924686192 	-6.84845420754e-21 	0.0845353666224 	0.000578875486229 	146.033764831 	-24.4221005945 	35.7017212923 	1.14140846939 	2.88040645557e-20
0.546 	0.313389121339 	4.33558660995e-19 	0.0845353666224 	0.000578875486229 	146.033764831 	-24.4221005945 	35.7017212923 	1.14140846939 	2.88040645557e-20
0.546 	0.314853556485 	1.52522477441e-19 	0.0845353666224 	0.000578875486229 	146.033764831 	-24.4221005945 	35.7017212923 	1.14140846939 	2.88040645557e-20
0.546 	0.316317991632 	-4.763163241e-19 	0.0837105458169 	0.000570576351142 	146.712259717 	-22.7973661146 	35.649880433 	1.20491046992 	-4.85295242561e-21
0.546 	0.317782426778 	-5.70799678408e-19 	0.0837105458169 	0.000570576351142 	146.712259717 	-22.7973661146 	35.649880433 	1.20491046992 	-4.85295242561e-21
0.546 	0.319246861925 	1.05319307065e-18 	0.0837105458169 	0.000570576351142 	146.712259717 	-22.7973661146 	35.649880433 	1.20491046992 	-4.85295242561e-21
0.546 	0.320711297071 	-7.24301650787e-20 	0.0825214310192 	0.00055895164467 	147.636082309 	-21.5597203618 	35.6188066204 	1.2558275896 	2.83510873075e-20
0.546 	0.322175732218 	-4.18897507432e-19 	0.0825214310192 	0.00055895164467 	147.636082309 	-21.5597203618 	35.6188066204 	1.2558275896 	2.83510873075e-20
0.546 	0.323640167364 	5.13084709364e-20 	0.0825214310192 	0.00055895164467 	147.636082309 	-21.5597203618 	35.6188066204 	1.2558275896 	2.83510873075e-20
0.546 	0.32510460251 	-3.13002558042e-19 	0.0816045154315 	0.000546180647421 	149.409386467 	-19.451741192 	35.5495875189 	1.34234626697 	-3.86565630983e-20
0.546 	0.326569037657 	2.18331317233e-20 	0.0816045154315 	0.000546180647421 	149.409386467 	-19.451741192 	35.5495875189 	1.34234626697 	-3.86565630983e-20
0.546 	0.328033472803 	2.50063621267e-19 	0.0816045154315 	0.000546180647421 	149.409386467 	-19.451741192 	35.5495875189 	1.34234626697 	-3.86565630983e-20
0.546 	0.32949790795 	-4.26012482448e-19 	0.0807741161315 	0.000534354706221 	151.161981342 	-18.4366683819 	35.5164806896 	1.36337945694 	1.42448743061e-20
0.546 	0.330962343096 	6.50492517431e-19 	0.0807741161315 	0.000534354706221 	151.161981342 	-18.4366683819 	35.5164806896 	1.36337945694 	1.42448743061e-20
0.546 	0.332426778243 	9.37059905916e-19 	0.0807741161315 	0.000534354706221 	151.161981342 	-18.4366683819 	35.5164806896 	1.36337945694 	1.42448743061e-20
0.546 	0.333891213389 	-2.10794447791e-20 	0.0792369559166 	0.000523563199033 	151.341721616 	-15.6622893656 	35.4175344273 	1.49969913296 	-9.04596867365e-21
0.546 	0.335355648536 	2.69296642855e-19 	0.0792369559166 	0.000523563199033 	151.341721616 	-15.6622893656 	35.4175344273 	1.49969913296 	-9.04596867365e-21
0.546 	0.336820083682 	-2.64341244025e-19 	0.0792369559166 	0.000523563199033 	151.341721616 	-15.6622893656 	35.4175344273 	1.49969913296 	-9.04596867365e-21
0.546 	0.338284518828 	-5.72103900419e-19 	0.0775957714341 	0.000514951241461 	150.685667276 	-14.8903913619 	35.4579224745 	1.46398505381 	2.28609958159e-21
0.546 	0.339748953975 	1.01791525663e-18 	0.0775957714341 	0.000514951241461 	150.685667276 	-14.8903913619 	35.4579224745 	1.46398505381 	2.28609958159e-21
0.546 	0.341213389121 	2.71366164057e-19 	0.0775957714341 	0.000514951241461 	150.685667276 	-14.8903913619 	35.4579224745 	1.46398505381 	2.28609958159e-21
0.546 	0.342677824268 	-5.37630836328e-19 	0.076989518209 	0.000511554344531 	150.501152091 	-10.6036312519 	34.8560257788 	1.65615097908 	1.18888020392e-20
0.546 	0.344142259414 	-1.26646205848e-19 	0.076989518209 	0.000511554344531 	150.501152091 	-10.6036312519 	34.8560257788 	1.65615097908 	1.18888020392e-20
0.546 	0.345606694561 	2.19587911358e-19 	0.076989518209 	0.000511554344531 	150.501152091 	-10.6036312519 	34.8560257788 	1.65615097908 	1.18888020392e-20
0.546 	0.347071129707 	5.03288669269e-19 	0.076989518209 	0.000511554344531 	150.501152091 	-10.6036312519 	34.8560257788 	1.65615097908 	1.18888020392e-20
