0.462 	0 	0 	3.57634360233 	2.77394722059e-05 	128926.158933 	75.1815681827 	11.2214138427 	-0.0130748744706 	1.55132401625e-21
0.462 	0.00146443514644 	1.55190197905e-18 	11.7315168944 	0.00165292771809 	7097.41676297 	74.4603089939 	17.7473075218 	-0.246146713033 	-3.79900254135e-21
0.462 	0.00292887029289 	2.27894282525e-19 	14.7725303666 	0.00302392099775 	4885.22364758 	73.5700240619 	19.6864617378 	-0.520854281927 	-2.87015733751e-21
0.462 	0.00439330543933 	4.06206515118e-18 	16.047845397 	0.00352815509019 	4548.50906119 	72.8536771255 	21.2027153604 	-0.759143722059 	-3.47112164677e-21
0.462 	0.00585774058577 	2.90849898855e-18 	16.1958272511 	0.00360974027032 	4486.7015459 	71.8502179578 	23.1697458959 	-1.04667379361 	6.5822889135e-23
0.462 	0.00732217573222 	4.03663395467e-18 	14.9010364127 	0.003384541959 	4402.67445143 	70.759238415 	25.0024294573 	-1.2802193072 	4.17497918333e-23
0.462 	0.00878661087866 	-5.78355133948e-19 	12.7803436678 	0.00293367827248 	4207.30509465 	69.6969119182 	26.6033139117 	-1.45769382069 	-2.35854470923e-21
0.462 	0.0102510460251 	-4.79338217431e-18 	8.81811405357 	0.0022746911814 	3708.04785345 	68.0197812933 	28.7603555286 	-1.65278118282 	-2.77341437026e-20
0.462 	0.0117154811715 	-2.81118413051e-18 	5.7535572999 	0.00179292272379 	3209.03808266 	66.271831709 	30.2280778898 	-1.78160072436 	-2.58881645141e-20
0.462 	0.013179916318 	-1.57469312492e-18 	3.16103660288 	0.00123979288185 	2549.64893665 	64.2022346673 	31.4476865383 	-1.89295431627 	-2.04590443764e-20
0.462 	0.0146443514644 	-1.42755524277e-18 	1.80062764597 	0.000920272654956 	1956.62408991 	62.4462494575 	32.1223474839 	-1.96273924152 	-5.95741646127e-21
0.462 	0.0161087866109 	-2.30545665495e-18 	0.865265833404 	0.000677818093123 	1276.54579036 	59.8751043054 	32.6860637072 	-2.0386201924 	4.86097739033e-20
0.462 	0.0175732217573 	-2.03125158182e-18 	0.575219759009 	0.000589437981848 	975.878339576 	57.805544812 	32.9498124806 	-2.08616270912 	-1.94985130954e-20
0.462 	0.0190376569038 	-1.5153142064e-18 	0.390814410157 	0.000512938341173 	761.913038638 	54.8857069421 	33.1928300759 	-2.14060394065 	-2.63200580215e-20
0.462 	0.0205020920502 	-2.76445174537e-18 	0.310690880823 	0.000467978554156 	663.899826314 	52.585662598 	33.3218345971 	-2.17613132277 	2.21388106457e-20
0.462 	0.0219665271967 	-2.00232504733e-19 	0.255959807778 	0.000432730382175 	591.499507133 	50.1971015792 	33.4218266827 	-2.20833471263 	2.10467761285e-21
0.462 	0.0234309623431 	1.46625959785e-19 	0.218938891787 	0.000408396769936 	536.093593055 	47.7236653559 	33.5064141951 	-2.23822114778 	5.02800715604e-20
0.462 	0.0248953974895 	1.26246999068e-18 	0.201722045474 	0.000398309757231 	506.445151824 	46.0287611654 	33.559255656 	-2.25717292754 	-2.08615649933e-21
0.462 	0.026359832636 	3.58764873118e-19 	0.184311901779 	0.000391541449278 	470.734074564 	43.4187487974 	33.6372615742 	-2.28429005857 	-3.51241366073e-24
0.462 	0.0278242677824 	-1.45123683558e-18 	0.174287787251 	0.000393070720738 	443.400584312 	40.728851481 	33.7156749108 	-2.30976465542 	-3.07670269273e-20
0.462 	0.0292887029289 	-3.27180112727e-20 	0.170475029589 	0.000397611719208 	428.747497505 	38.8919456304 	33.7685670787 	-2.3257510609 	-3.06180725444e-20
0.462 	0.0307531380753 	-5.99302813682e-19 	0.167628990637 	0.000408203222934 	410.65082591 	36.0723332019 	33.8491136138 	-2.34810509949 	4.20845950599e-20
0.462 	0.0322175732218 	-3.14266856485e-18 	0.167018836789 	0.000417086575284 	400.441650935 	34.1505223713 	33.9037506472 	-2.36185486035 	-6.9821621316e-21
0.462 	0.0336820083682 	2.81423118758e-18 	0.167273570367 	0.000432307919376 	386.931543166 	31.2061337702 	33.9872832917 	-2.38063924496 	-1.00199677549e-20
0.462 	0.0351464435146 	8.1680661254e-19 	0.167932064915 	0.000443417387642 	378.72232708 	29.2030048445 	34.044072666 	-2.3918723512 	-1.03987613328e-20
0.462 	0.0366108786611 	1.20407971431e-18 	0.168831121604 	0.000455154738371 	370.931262209 	27.1685038964 	34.1017487745 	-2.40202341759 	2.01556224299e-20
0.462 	0.0380753138075 	1.95066938084e-18 	0.169891947164 	0.000467456529059 	363.439029305 	25.1033643366 	34.1602962782 	-2.41104953697 	-6.01954703593e-21
0.462 	0.039539748954 	1.61312122246e-18 	0.171064604554 	0.000480289677863 	356.169646024 	23.0083705155 	34.2196909824 	-2.41890810998 	-5.69502773132e-20
0.462 	0.0410041841004 	1.42536458743e-18 	0.172317142784 	0.000493637370884 	349.076372552 	20.8843575458 	34.2799048258 	-2.42555692753 	-1.50524551858e-20
0.462 	0.0424686192469 	-2.95817441982e-19 	0.17362795271 	0.00050748965987 	342.131015546 	18.732210522 	34.3409065437 	-2.4309541079 	3.78133462566e-21
0.462 	0.0439330543933 	1.26291738104e-18 	0.174980874041 	0.000521837585372 	335.316732536 	16.5528635945 	34.4026616014 	-2.43505809394 	-3.83375227954e-20
0.462 	0.0453974895397 	1.69611656028e-19 	0.176362217772 	0.000536669407382 	328.623572252 	14.3472988486 	34.4651338198 	-2.43782778423 	-3.4294769513e-21
0.462 	0.0468619246862 	-1.35554822484e-18 	0.177758963388 	0.000551968192002 	322.045664885 	12.1165448699 	34.5282868426 	-2.43922263155 	-1.25691296562e-22
0.462 	0.0483263598326 	3.72043041686e-19 	0.179157761362 	0.0005677105462 	315.579413773 	9.86167523692 	34.5920832378 	-2.43920258835 	-7.8933255545e-21
0.462 	0.0497907949791 	-7.03835078134e-19 	0.17985356735 	0.000575738841073 	312.387413389 	8.72554453444 	34.6242103164 	-2.43864958911 	-5.46404911813e-21
0.462 	0.0512552301255 	-8.1761687539e-20 	0.181228864367 	0.000592087143844 	306.084782031 	6.43660975315 	34.6888966346 	-2.43643315902 	9.18276335646e-21
0.462 	0.052719665272 	-3.05188199277e-19 	0.182569729447 	0.000608788502795 	299.890238743 	4.1264319865 	34.7541267544 	-2.43270415316 	-2.21270822717e-21
0.462 	0.0541841004184 	8.80599450696e-19 	0.183222334944 	0.000617256159595 	296.833546487 	2.96375694174 	34.7869349686 	-2.43026069303 	5.46540485594e-22
0.462 	0.0556485355649 	6.09447310273e-19 	0.184481696698 	0.000634390059697 	290.801682464 	0.624015399168 	34.8529199965 	-2.42419300362 	-1.92299010383e-22
0.462 	0.0571129707113 	5.05022947169e-19 	0.185665926305 	0.000651735668266 	284.879185452 	-1.73384701681 	34.9193771578 	-2.41652124772 	2.66965847391e-21
0.462 	0.0585774058577 	8.20549164057e-20 	0.186224523177 	0.000660466010728 	281.959283524 	-2.91916494713 	34.9527766491 	-2.41207293265 	-2.43630433589e-21
0.462 	0.0600418410042 	-7.02024634081e-19 	0.18726383891 	0.000677993196646 	276.203123919 	-5.30173859917 	35.0199075022 	-2.40193011218 	5.41093074595e-21
0.462 	0.0615062761506 	-1.27493916076e-18 	0.187740170557 	0.000686768846691 	273.367336712 	-6.49865394942 	35.0536354282 	-2.39622722884 	3.82685494759e-21
0.462 	0.0629707112971 	-2.05419706347e-18 	0.188595057815 	0.00070428680849 	267.781613316 	-8.90287584684 	35.1214070578 	-2.38353777152 	2.41166774175e-21
0.462 	0.0644351464435 	1.73651095725e-18 	0.188969093155 	0.000713004339832 	265.032178064 	-10.1098300953 	35.1554458322 	-2.37654290648 	1.14098060022e-20
0.462 	0.06589958159 	-8.32756553214e-19 	0.189598859225 	0.000730289744738 	259.621418199 	-12.5325292465 	35.2238118786 	-2.36123206984 	1.01563045407e-20
0.462 	0.0673640167364 	1.40587615379e-18 	0.189849909179 	0.000738828737202 	256.960645438 	-13.7479095164 	35.2581301141 	-2.35290772909 	-3.71537688674e-21
0.462 	0.0688284518828 	-8.75728584163e-19 	0.19005522048 	0.000747277948331 	254.330026605 	-14.9657302633 	35.292531635 	-2.34413186658 	-1.75257742876e-20
0.462 	0.0702928870293 	-2.67439518301e-19 	0.190318750878 	0.000763839531295 	249.160645765 	-17.4079402151 	35.3615628448 	-2.32520900625 	3.30253666729e-21
0.462 	0.0717573221757 	5.95546463437e-20 	0.190371838791 	0.000771915633694 	246.622597706 	-18.6319474868 	35.3961819916 	-2.31505383482 	-1.04218446969e-20
0.462 	0.0732217573222 	2.41630779023e-19 	0.190368890872 	0.000779829406351 	244.116071183 	-19.8576313893 	35.4308637157 	-2.30443081786 	-4.47626720348e-21
0.462 	0.0746861924686 	1.42510256936e-18 	0.19018330284 	0.000795084099576 	239.198976487 	-22.3132416252 	35.5003990269 	-2.2817656358 	-3.45528946771e-21
0.462 	0.0761506276151 	8.75990261815e-19 	0.189994439311 	0.000802378751687 	236.788971433 	-23.5427690342 	35.535246483 	-2.26971586419 	-3.80902620725e-20
0.462 	0.0776150627615 	1.92519348055e-19 	0.189737006311 	0.000809417780639 	234.411710306 	-24.7731753227 	35.5701441658 	-2.25718301792 	-3.61205907924e-20
0.462 	0.0790794979079 	-5.0400583018e-19 	0.189407274328 	0.000816173305364 	232.067470332 	-26.0042560372 	35.6050904177 	-2.24416344435 	4.52883940405e-20
0.462 	0.0805439330544 	-2.41978707537e-18 	0.189001196964 	0.000822615172182 	229.756517209 	-27.2358047638 	35.6400837708 	-2.23065352088 	3.00724137979e-20
0.462 	0.0820083682008 	-9.2526975748e-19 	0.187942014466 	0.000834424656045 	225.235451882 	-29.699470809 	35.7102060807 	-2.2021482448 	1.37961820873e-20
0.462 	0.0834728033473 	-2.14088386495e-19 	0.187278905253 	0.000839718643787 	223.025779693 	-30.931165474 	35.7453323614 	-2.18714577555 	-8.57684899323e-21
0.462 	0.0849372384937 	-1.84821218179e-18 	0.186519386944 	0.000844551260424 	220.850285452 	-32.1624828418 	35.7805007032 	-2.17163874684 	-1.549604388e-20
0.462 	0.0864016736402 	-8.41580990532e-20 	0.185657359806 	0.000848877740359 	218.709186234 	-33.3932066792 	35.8157107019 	-2.15562372205 	-4.29824128451e-21
0.462 	0.0878661087866 	-6.16168155031e-19 	0.184686340795 	0.000852650028586 	216.602749784 	-34.6231188257 	35.8509627751 	-2.1390973323 	4.83967166167e-20
0.462 	0.0893305439331 	-1.45289889858e-18 	0.183599595461 	0.000855817167437 	214.531330343 	-35.8519992392 	35.8862588644 	-2.12205632372 	-3.33635601747e-20
0.462 	0.0907949790795 	-1.78344282585e-18 	0.182390350284 	0.000858326132056 	212.495394783 	-37.0796260817 	35.9216038943 	-2.10449766767 	-3.24345392255e-22
0.462 	0.0922594142259 	3.17668791291e-19 	0.181052064648 	0.000860123141828 	210.495516099 	-38.3057759327 	35.9570078852 	-2.08641871839 	8.0031868362e-21
0.462 	0.0937238493724 	1.30494720955e-18 	0.17796513162 	0.000861373527481 	206.606223598 	-40.7527452916 	36.0280660193 	-2.04869177816 	-6.12430963969e-21
0.462 	0.0951882845188 	-2.96921895862e-19 	0.176207226739 	0.000860733904697 	204.717422861 	-41.9731134368 	36.0637659842 	-2.02904031251 	2.18253960457e-20
0.462 	0.0966527196653 	-1.51681277526e-19 	0.174302532727 	0.000859202437764 	202.865500686 	-43.1911017951 	36.0995989211 	-2.0088603252 	3.25056462177e-21
0.462 	0.0981171548117 	-1.783872705e-20 	0.172250854844 	0.000856758522019 	201.049479424 	-44.4064813334 	36.1355487152 	-1.9881473257 	-9.47826491087e-20
0.462 	0.0995815899582 	2.7814497135e-19 	0.170055278226 	0.000853399959447 	199.267970831 	-45.6190181691 	36.1715580605 	-1.96689420716 	8.72660134175e-20
0.462 	0.101046025105 	8.23071616509e-19 	0.167723324002 	0.00084914789608 	197.519566116 	-46.8284701752 	36.2075251851 	-1.94509134209 	-6.95492766749e-20
0.462 	0.102510460251 	9.40463455214e-19 	0.165267887426 	0.000844050451907 	195.803327933 	-48.0345838916 	36.2433170809 	-1.92272777657 	-1.14417076115e-20
0.462 	0.103974895397 	-4.92849762668e-19 	0.162707447786 	0.000838183376982 	194.119153701 	-49.2370930603 	36.2787982484 	-1.89979324273 	5.94392307319e-20
0.462 	0.105439330544 	-6.75227605901e-19 	0.160065176314 	0.000831646548595 	192.467793661 	-50.4357197442 	36.3138653007 	-1.87628018738 	-5.93916406311e-20
0.462 	0.10690376569 	2.4771404597e-19 	0.160065176314 	0.000831646548595 	192.467793661 	-50.4357197442 	36.3138653007 	-1.87628018738 	-5.93916406311e-20
0.462 	0.108368200837 	9.89986149135e-19 	0.157366985067 	0.000824556426717 	190.850474229 	-51.6301779187 	36.3484728887 	-1.85218488763 	1.16530364253e-19
0.462 	0.109832635983 	-1.0429740901e-19 	0.154639046041 	0.000817036139721 	189.268305921 	-52.8201783611 	36.3826392941 	-1.82750714312 	2.84987254336e-20
0.462 	0.11129707113 	-1.09230454251e-18 	0.151905554344 	0.000809205773993 	187.721787493 	-54.0054330477 	36.416429787 	-1.80224876647 	-1.71016893217e-19
0.462 	0.112761506276 	-1.21081402851e-18 	0.149187337352 	0.000801175112695 	186.210648569 	-55.1856576476 	36.4499267487 	-1.77641167977 	6.49318626236e-20
0.462 	0.114225941423 	1.15991615461e-18 	0.146501449757 	0.000793039753486 	184.734055402 	-56.3605717042 	36.4832009091 	-1.74999650057 	-3.37636614514e-20
0.462 	0.115690376569 	-7.79666742358e-19 	0.143861477046 	0.000784880133889 	183.29101583 	-57.5298971593 	36.5162950503 	-1.72300207736 	6.74414025896e-20
0.462 	0.117154811715 	-1.27439729946e-18 	0.141278111832 	0.00077676226145 	181.880761777 	-58.6933563527 	36.5492230321 	-1.69542584972 	1.70792801496e-20
0.462 	0.118619246862 	2.41233247292e-19 	0.138759643999 	0.000768738982468 	180.50293684 	-59.8506704801 	36.5819790478 	-1.6672645531 	-1.57749535928e-20
0.462 	0.120083682008 	-3.25586430551e-19 	0.136312239211 	0.000760851191101 	179.157555125 	-61.0015588724 	36.6145490783 	-1.63851481013 	5.6487622551e-20
0.462 	0.121548117155 	7.39706025232e-19 	0.136312239211 	0.000760851191101 	179.157555125 	-61.0015588724 	36.6145490783 	-1.63851481013 	5.6487622551e-20
0.462 	0.123012552301 	-4.57813004316e-19 	0.133940082504 	0.000753128961847 	177.844817142 	-62.1457389573 	36.6469187857 	-1.60917340999 	-7.27036303271e-20
0.462 	0.124476987448 	-1.40639574848e-18 	0.131645532951 	0.000745592847122 	176.564908662 	-63.2829265167 	36.6790764261 	-1.57923733001 	3.71843859216e-20
0.462 	0.125941422594 	-1.02169427416e-18 	0.129429394319 	0.000738255528596 	175.317880199 	-64.4128359542 	36.7110124914 	-1.54870365623 	-2.29380510291e-20
0.462 	0.127405857741 	1.41974493967e-18 	0.127291304339 	0.000731123758461 	174.103635487 	-65.5351804706 	36.7427184205 	-1.51756951583 	-2.21124132642e-20
0.462 	0.128870292887 	5.28392375777e-19 	0.127291304339 	0.000731123758461 	174.103635487 	-65.5351804706 	36.7427184205 	-1.51756951583 	-2.21124132642e-20
0.462 	0.130334728033 	9.35567394706e-19 	0.125230128653 	0.000724200205882 	172.921973283 	-66.6496721714 	36.7741857119 	-1.4858320512 	-4.50469772926e-20
0.462 	0.13179916318 	1.95011535731e-19 	0.123244249191 	0.000717484848692 	171.772615709 	-67.7560221688 	36.8054056477 	-1.45348841944 	2.62602307234e-22
0.462 	0.133263598326 	7.42557674782e-19 	0.121331770948 	0.000710975977355 	170.655232824 	-68.8539406995 	36.8363693412 	-1.42053579704 	9.24025349821e-20
0.462 	0.134728033473 	6.08490075812e-19 	0.119490662076 	0.000704670882303 	169.569461541 	-69.9431372741 	36.867067839 	-1.38697138041 	-2.42128892624e-20
0.462 	0.136192468619 	-5.7354081267e-20 	0.119490662076 	0.000704670882303 	169.569461541 	-69.9431372741 	36.867067839 	-1.38697138041 	-2.42128892624e-20
0.462 	0.137656903766 	-1.48984836835e-18 	0.117718846073 	0.000698566308325 	168.514920731 	-71.0233208401 	36.8974921828 	-1.35279238315 	-4.53863961893e-20
0.462 	0.139121338912 	1.65362396872e-18 	0.116014259537 	0.000692658740986 	167.491222838 	-72.0941999651 	36.9276334451 	-1.31799603278 	-7.55769746708e-20
0.462 	0.140585774059 	-9.84429428323e-19 	0.114374874416 	0.000686944538723 	166.497974682 	-73.1554830289 	36.9574827333 	-1.28257956402 	1.8239425319e-19
0.462 	0.142050209205 	1.48359461561e-20 	0.114374874416 	0.000686944538723 	166.497974682 	-73.1554830289 	36.9574827333 	-1.28257956402 	1.8239425319e-19
0.462 	0.143514644351 	1.3419783659e-18 	0.112798686142 	0.000681419928058 	165.534762776 	-74.2068784254 	36.987031151 	-1.24654020931 	-1.85160575738e-19
0.462 	0.144979079498 	7.72034760603e-19 	0.111283705855 	0.000676080997658 	164.601144301 	-75.2480947651 	37.0162697605 	-1.20987519023 	9.46817941649e-20
0.462 	0.146443514644 	1.78280692235e-18 	0.109827996117 	0.000670923829689 	163.696669066 	-76.2788410749 	37.0451895872 	-1.17258171163 	-1.71687961912e-19
0.462 	0.147907949791 	-9.31293363067e-19 	0.109827996117 	0.000670923829689 	163.696669066 	-76.2788410749 	37.0451895872 	-1.17258171163 	-1.71687961912e-19
0.462 	0.149372384937 	1.22513967586e-19 	0.108429690377 	0.000665944578612 	162.820892098 	-77.2988269944 	37.0737816448 	-1.13465695398 	2.74142210831e-19
0.462 	0.150836820084 	-9.3773558478e-19 	0.107086981679 	0.00066113944379 	161.973366866 	-78.3077629849 	37.102036946 	-1.09609806389 	-1.77697217337e-19
0.462 	0.15230125523 	4.19727345581e-19 	0.107086981679 	0.00066113944379 	161.973366866 	-78.3077629849 	37.102036946 	-1.09609806389 	-1.77697217337e-19
0.462 	0.153765690377 	-2.06146797929e-19 	0.105798117327 	0.000656504657401 	161.153643215 	-79.3053605394 	37.1299465066 	-1.05690214349 	2.23084849331e-19
0.462 	0.155230125523 	4.09773094937e-19 	0.10456139684 	0.000652036483261 	160.36126739 	-80.2913323907 	37.1575013451 	-1.01706623842 	-1.61731666908e-20
0.462 	0.156694560669 	-2.21953190142e-20 	0.10456139684 	0.000652036483261 	160.36126739 	-80.2913323907 	37.1575013451 	-1.01706623842 	-1.61731666908e-20
0.462 	0.158158995816 	2.08855427797e-18 	0.103375171257 	0.000647731219924 	159.595783062 	-81.2653927159 	37.1846924785 	-0.9765873241 	-2.22633693897e-19
0.462 	0.159623430962 	-3.78470599555e-19 	0.102237845648 	0.000643585213879 	158.856734808 	-82.227257337 	37.2115109266 	-0.935462292303 	1.3573619237e-19
0.462 	0.161087866109 	-7.65740299742e-19 	0.102237845648 	0.000643585213879 	158.856734808 	-82.227257337 	37.2115109266 	-0.935462292303 	1.3573619237e-19
0.462 	0.162552301255 	1.36809157397e-19 	0.101147885866 	0.000639594886315 	158.143675052 	-83.176643908 	37.2379477389 	-0.893687937402 	-2.23839230429e-19
0.462 	0.164016736402 	-2.22809130717e-19 	0.100103821141 	0.000635756745511 	157.456168334 	-84.1132721045 	37.2639940258 	-0.851260942232 	9.37819471655e-21
0.462 	0.165481171548 	-2.67524886724e-19 	0.100103821141 	0.000635756745511 	157.456168334 	-84.1132721045 	37.2639940258 	-0.851260942232 	9.37819471655e-21
0.462 	0.166945606695 	7.45592973984e-19 	0.0991042247272 	0.000632067328697 	156.793778491 	-85.0368637886 	37.2896409478 	-0.80817785764 	2.79586880366e-19
0.462 	0.168410041841 	4.95622358063e-19 	0.0981476891601 	0.0006285231354 	156.156048413 	-85.9471431946 	37.3148796787 	-0.764435084871 	-5.90971649815e-20
0.462 	0.169874476987 	6.10769089901e-21 	0.0981476891601 	0.0006285231354 	156.156048413 	-85.9471431946 	37.3148796787 	-0.764435084871 	-5.90971649815e-20
0.462 	0.171338912134 	3.5618206194e-19 	0.0972328587511 	0.00062512082345 	155.542504911 	-86.8438370188 	37.3397014039 	-0.720028852342 	1.15942909835e-19
0.462 	0.17280334728 	1.7043259654e-20 	0.0972328587511 	0.00062512082345 	155.542504911 	-86.8438370188 	37.3397014039 	-0.720028852342 	1.15942909835e-19
0.462 	0.174267782427 	4.64502618925e-19 	0.0963584359104 	0.000621857103538 	154.952697914 	-87.726674636 	37.3640973374 	-0.674955204521 	1.42432835984e-21
0.462 	0.175732217573 	5.91018036057e-19 	0.095523171737 	0.000618728761492 	154.3861829 	-88.5953880491 	37.3880587281 	-0.629209961468 	2.35078571791e-20
0.462 	0.17719665272 	-1.36580434396e-19 	0.095523171737 	0.000618728761492 	154.3861829 	-88.5953880491 	37.3880587281 	-0.629209961468 	2.35078571791e-20
0.462 	0.178661087866 	-1.78294670325e-20 	0.0947258640037 	0.000615732660734 	153.842519724 	-89.449712252 	37.4115768532 	-0.582788726447 	-3.76385310655e-19
0.462 	0.180125523013 	9.16161244365e-19 	0.0947258640037 	0.000615732660734 	153.842519724 	-89.449712252 	37.4115768532 	-0.582788726447 	-3.76385310655e-19
0.462 	0.181589958159 	-8.14156409927e-19 	0.0939653558267 	0.000612865743555 	153.32127275 	-90.2893847969 	37.4346430224 	-0.535686805174 	2.44275429297e-19
0.462 	0.183054393305 	7.06005137544e-19 	0.0932405358692 	0.000610125036137 	152.822012451 	-91.1141466892 	37.4572485643 	-0.487899275849 	-7.6178671071e-20
0.462 	0.184518828452 	-1.08217705552e-19 	0.0932405358692 	0.000610125036137 	152.822012451 	-91.1141466892 	37.4572485643 	-0.487899275849 	-7.6178671071e-20
0.462 	0.185983263598 	-7.79263234133e-19 	0.0925503360989 	0.000607507643318 	152.344315527 	-91.9237408797 	37.4793848443 	-0.439420792497 	1.45965641968e-19
0.462 	0.187447698745 	7.10664181788e-19 	0.0925503360989 	0.000607507643318 	152.344315527 	-91.9237408797 	37.4793848443 	-0.439420792497 	1.45965641968e-19
0.462 	0.188912133891 	-7.84720228741e-19 	0.0918937334462 	0.000605010756372 	151.887768074 	-92.7179148247 	37.5010432276 	-0.390245845699 	-1.40678733349e-19
0.462 	0.190376569038 	8.39015138491e-19 	0.0918937334462 	0.000605010756372 	151.887768074 	-92.7179148247 	37.5010432276 	-0.390245845699 	-1.40678733349e-19
0.462 	0.191841004184 	1.4924287564e-18 	0.0912697445807 	0.000602631636016 	151.451963564 	-93.4964159829 	37.5222151254 	-0.34036823366 	3.32604246306e-21
0.462 	0.193305439331 	-1.26646846511e-19 	0.0906774324537 	0.000600367638498 	151.036509364 	-94.2589991931 	37.5428918923 	-0.289781872738 	-9.76143294413e-20
0.462 	0.194769874477 	8.40775200932e-20 	0.0906774324537 	0.000600367638498 	151.036509364 	-94.2589991931 	37.5428918923 	-0.289781872738 	-9.76143294413e-20
0.462 	0.196234309623 	-4.92632697532e-20 	0.0901158964839 	0.000598216183874 	150.64102061 	-95.0054139407 	37.5630649657 	-0.238479342648 	1.66262320393e-19
0.462 	0.19769874477 	2.63974157799e-19 	0.0901158964839 	0.000598216183874 	150.64102061 	-95.0054139407 	37.5630649657 	-0.238479342648 	1.66262320393e-19
0.462 	0.199163179916 	1.09622474006e-18 	0.0895842964039 	0.000596174846934 	150.26513927 	-95.7354250541 	37.5827256398 	-0.186454220031 	-1.70994245191e-19
0.462 	0.200627615063 	-9.49512108511e-19 	0.0895842964039 	0.000596174846934 	150.26513927 	-95.7354250541 	37.5827256398 	-0.186454220031 	-1.70994245191e-19
0.462 	0.202092050209 	1.07643435763e-18 	0.0890818180395 	0.000594241236093 	149.90850959 	-96.4487779873 	37.6018654297 	-0.133697122143 	2.40596669491e-19
0.462 	0.203556485356 	6.32902487845e-19 	0.0890818180395 	0.000594241236093 	149.90850959 	-96.4487779873 	37.6018654297 	-0.133697122143 	2.40596669491e-19
0.462 	0.205020920502 	8.80230258151e-19 	0.0886077009517 	0.000592413096918 	149.570800195 	-97.1452547834 	37.6204754433 	-0.0802020887922 	-1.53320080013e-19
0.462 	0.206485355649 	-3.66496903585e-19 	0.0886077009517 	0.000592413096918 	149.570800195 	-97.1452547834 	37.6204754433 	-0.0802020887922 	-1.53320080013e-19
0.462 	0.207949790795 	-6.02539622165e-19 	0.0881611834258 	0.000590688115109 	149.251662884 	-97.8245825731 	37.6385472725 	-0.025956100177 	1.3039338355e-19
0.462 	0.209414225941 	-7.21195361778e-19 	0.0881611834258 	0.000590688115109 	149.251662884 	-97.8245825731 	37.6385472725 	-0.025956100177 	1.3039338355e-19
0.462 	0.210878661088 	3.40502604365e-19 	0.0877416253752 	0.000589064370562 	148.95082738 	-98.4865793394 	37.6560715761 	0.0290441347015 	-1.82486143645e-19
0.462 	0.212343096234 	-6.91470843384e-19 	0.0877416253752 	0.000589064370562 	148.95082738 	-98.4865793394 	37.6560715761 	0.0290441347015 	-1.82486143645e-19
0.462 	0.213807531381 	5.86923040432e-19 	0.087348307982 	0.000587539603107 	148.667949395 	-99.1309208257 	37.6730402171 	0.0848191306829 	2.70077019919e-19
0.462 	0.215271966527 	7.39252411236e-19 	0.087348307982 	0.000587539603107 	148.667949395 	-99.1309208257 	37.6730402171 	0.0848191306829 	2.70077019919e-19
0.462 	0.216736401674 	2.06177716182e-19 	0.0869807425242 	0.000586112349884 	148.402848944 	-99.7575066571 	37.6894429737 	0.141364014357 	-2.01835584991e-19
0.462 	0.21820083682 	1.80925857496e-18 	0.0869807425242 	0.000586112349884 	148.402848944 	-99.7575066571 	37.6894429737 	0.141364014357 	-2.01835584991e-19
0.462 	0.219665271967 	-8.71056463933e-19 	0.0866381917696 	0.000584780180273 	148.15514392 	-100.365886485 	37.7052724078 	0.198715646318 	-1.75754606669e-20
0.462 	0.221129707113 	1.14845388263e-18 	0.0866381917696 	0.000584780180273 	148.15514392 	-100.365886485 	37.7052724078 	0.198715646318 	-1.75754606669e-20
0.462 	0.222594142259 	1.65537147957e-19 	0.0863204067223 	0.000583542416765 	147.924819589 	-100.95614725 	37.7205165697 	0.256848084439 	-1.1199242316e-19
0.462 	0.224058577406 	4.60060858153e-19 	0.0863204067223 	0.000583542416765 	147.924819589 	-100.95614725 	37.7205165697 	0.256848084439 	-1.1199242316e-19
0.462 	0.225523012552 	-2.92202867816e-19 	0.0860265029697 	0.000582395972962 	147.711362996 	-101.527548683 	37.7351696428 	0.315834358146 	1.07199842399e-19
0.462 	0.226987447699 	8.14957439358e-19 	0.0860265029697 	0.000582395972962 	147.711362996 	-101.527548683 	37.7351696428 	0.315834358146 	1.07199842399e-19
0.462 	0.228451882845 	-7.17657628452e-19 	0.0857566636494 	0.00058134166241 	147.515083116 	-102.080597632 	37.7492163644 	0.375598557378 	2.3418837693e-19
0.462 	0.229916317992 	-1.28795091918e-19 	0.0857566636494 	0.00058134166241 	147.515083116 	-102.080597632 	37.7492163644 	0.375598557378 	2.3418837693e-19
0.462 	0.231380753138 	6.93346338254e-19 	0.0855095811916 	0.000580374691654 	147.335130944 	-102.613917233 	37.7626543876 	0.43629286322 	-1.72515803151e-19
0.462 	0.232845188285 	4.00080343828e-20 	0.0855095811916 	0.000580374691654 	147.335130944 	-102.613917233 	37.7626543876 	0.43629286322 	-1.72515803151e-19
0.462 	0.234309623431 	3.67338581801e-19 	0.0852862735688 	0.000579498838309 	147.172466847 	-103.128922733 	37.7754622568 	0.497729402684 	-6.07768390506e-20
0.462 	0.235774058577 	-3.44027435259e-19 	0.0852862735688 	0.000579498838309 	147.172466847 	-103.128922733 	37.7754622568 	0.497729402684 	-6.07768390506e-20
0.462 	0.237238493724 	-6.11419943489e-19 	0.0850844390343 	0.000578705417331 	147.025475287 	-103.622895568 	37.7876445901 	0.560229364593 	2.11519003052e-19
0.462 	0.23870292887 	6.44582966708e-19 	0.0850844390343 	0.000578705417331 	147.025475287 	-103.622895568 	37.7876445901 	0.560229364593 	2.11519003052e-19
0.462 	0.240167364017 	2.11762153276e-19 	0.0849067446379 	0.000578004146913 	146.896428151 	-104.099138807 	37.7991686096 	0.623365336702 	-1.40477071981e-19
0.462 	0.241631799163 	-2.90192848003e-19 	0.0849067446379 	0.000578004146913 	146.896428151 	-104.099138807 	37.7991686096 	0.623365336702 	-1.40477071981e-19
0.462 	0.24309623431 	-1.78224787943e-19 	0.0847487551174 	0.000577378080221 	146.782079231 	-104.552218205 	37.8100522714 	0.687808188666 	5.36332817243e-21
0.462 	0.244560669456 	2.32238408322e-19 	0.0847487551174 	0.000577378080221 	146.782079231 	-104.552218205 	37.8100522714 	0.687808188666 	5.36332817243e-21
0.462 	0.246025104603 	4.36399532015e-19 	0.0847487551174 	0.000577378080221 	146.782079231 	-104.552218205 	37.8100522714 	0.687808188666 	5.36332817243e-21
0.462 	0.247489539749 	-1.09229387954e-18 	0.0846163761061 	0.000576848676632 	146.687302119 	-104.9891976 	37.8202428033 	0.752639166819 	4.03665656751e-20
0.462 	0.248953974895 	-1.08288071895e-18 	0.0846163761061 	0.000576848676632 	146.687302119 	-104.9891976 	37.8202428033 	0.752639166819 	4.03665656751e-20
0.462 	0.250418410042 	1.6592096283e-19 	0.0845008394395 	0.000576382265396 	146.605550713 	-105.399370973 	37.8297833207 	0.819227445581 	4.82413105825e-21
0.462 	0.251882845188 	-3.88412088593e-19 	0.0845008394395 	0.000576382265396 	146.605550713 	-105.399370973 	37.8297833207 	0.819227445581 	4.82413105825e-21
0.462 	0.253347280335 	-2.08441873282e-19 	0.0844142546046 	0.000576022811197 	146.546721699 	-105.796970649 	37.8385828853 	0.885686856542 	-4.68943668723e-20
0.462 	0.254811715481 	4.34831586744e-19 	0.0844142546046 	0.000576022811197 	146.546721699 	-105.796970649 	37.8385828853 	0.885686856542 	-4.68943668723e-20
0.462 	0.256276150628 	1.12065809418e-18 	0.0844142546046 	0.000576022811197 	146.546721699 	-105.796970649 	37.8385828853 	0.885686856542 	-4.68943668723e-20
0.462 	0.257740585774 	-6.35214251368e-19 	0.0843393959071 	0.00057570398062 	146.497850885 	-106.161496073 	37.8467222035 	0.954729030385 	-1.85760216012e-20
0.462 	0.259205020921 	-4.43779356823e-19 	0.0843393959071 	0.00057570398062 	146.497850885 	-106.161496073 	37.8467222035 	0.954729030385 	-1.85760216012e-20
0.462 	0.260669456067 	-1.03174333177e-18 	0.0843000188961 	0.000575511800589 	146.478349896 	-106.520224935 	37.8540334211 	1.02263927969 	-1.1702384066e-19
0.462 	0.262133891213 	-2.1964519322e-19 	0.0843000188961 	0.000575511800589 	146.478349896 	-106.520224935 	37.8540334211 	1.02263927969 	-1.1702384066e-19
0.462 	0.26359832636 	-2.26578239217e-19 	0.0842632671919 	0.000575319263065 	146.463490103 	-106.835289593 	37.8606698251 	1.09460972687 	6.05431031224e-20
0.462 	0.265062761506 	1.30540827387e-19 	0.0842632671919 	0.000575319263065 	146.463490103 	-106.835289593 	37.8606698251 	1.09460972687 	6.05431031224e-20
0.462 	0.266527196653 	1.63027273674e-19 	0.0842632671919 	0.000575319263065 	146.463490103 	-106.835289593 	37.8606698251 	1.09460972687 	6.05431031224e-20
0.462 	0.267991631799 	-5.6545485125e-19 	0.0842741407579 	0.000575288136127 	146.490315836 	-107.156570995 	37.8663872319 	1.16361414178 	-1.5393131268e-20
0.462 	0.269456066946 	-2.15455392304e-19 	0.0842741407579 	0.000575288136127 	146.490315836 	-107.156570995 	37.8663872319 	1.16361414178 	-1.5393131268e-20
0.462 	0.270920502092 	-1.63607570985e-18 	0.0842708702417 	0.00057517783472 	146.512722074 	-107.416916643 	37.8716078539 	1.23924001043 	8.20547028159e-20
0.462 	0.272384937238 	-7.45852446759e-20 	0.0842708702417 	0.00057517783472 	146.512722074 	-107.416916643 	37.8716078539 	1.23924001043 	8.20547028159e-20
0.462 	0.273849372385 	5.38066227892e-19 	0.0842708702417 	0.00057517783472 	146.512722074 	-107.416916643 	37.8716078539 	1.23924001043 	8.20547028159e-20
0.462 	0.275313807531 	-1.44762842609e-19 	0.0843330152835 	0.000575269213576 	146.597476961 	-107.703352683 	37.8758378379 	1.30871845322 	-1.26443635661e-19
0.462 	0.276778242678 	3.89388964828e-19 	0.0843330152835 	0.000575269213576 	146.597476961 	-107.703352683 	37.8758378379 	1.30871845322 	-1.26443635661e-19
0.462 	0.278242677824 	1.03554513432e-18 	0.0843457554029 	0.000575109135794 	146.660433913 	-107.902026203 	37.8796432507 	1.38907710088 	5.39833247266e-20
0.462 	0.279707112971 	5.74831110779e-19 	0.0843457554029 	0.000575109135794 	146.660433913 	-107.902026203 	37.8796432507 	1.38907710088 	5.39833247266e-20
0.462 	0.281171548117 	-3.94729498333e-19 	0.0843457554029 	0.000575109135794 	146.660433913 	-107.902026203 	37.8796432507 	1.38907710088 	5.39833247266e-20
0.462 	0.282635983264 	-7.7527650252e-19 	0.0844452114334 	0.000575161236296 	146.820067321 	-108.157433893 	37.8819917037 	1.45802873632 	1.06408235115e-19
0.462 	0.28410041841 	-7.21497058894e-19 	0.0844452114334 	0.000575161236296 	146.820067321 	-108.157433893 	37.8819917037 	1.45802873632 	1.06408235115e-19
0.462 	0.285564853556 	-1.93090900577e-19 	0.0844223401578 	0.000574582229536 	146.928212914 	-108.285874391 	37.8841894943 	1.54463036958 	-1.11576984539e-19
0.462 	0.287029288703 	-9.8495725904e-19 	0.0844223401578 	0.000574582229536 	146.928212914 	-108.285874391 	37.8841894943 	1.54463036958 	-1.11576984539e-19
0.462 	0.288493723849 	6.08054407583e-19 	0.0844223401578 	0.000574582229536 	146.928212914 	-108.285874391 	37.8841894943 	1.54463036958 	-1.11576984539e-19
0.462 	0.289958158996 	-2.70733413485e-19 	0.0844961076173 	0.000574066061881 	147.188822381 	-108.514619927 	37.8843932756 	1.61161469417 	4.26293185305e-20
0.462 	0.291422594142 	6.82754358981e-20 	0.0844961076173 	0.000574066061881 	147.188822381 	-108.514619927 	37.8843932756 	1.61161469417 	4.26293185305e-20
0.462 	0.292887029289 	1.22108046063e-18 	0.0844961076173 	0.000574066061881 	147.188822381 	-108.514619927 	37.8843932756 	1.61161469417 	4.26293185305e-20
0.462 	0.294351464435 	6.24075749578e-19 	0.0842983729869 	0.000572079808079 	147.354218409 	-108.563805823 	37.8852448884 	1.70646744085 	7.44412766665e-20
0.462 	0.295815899582 	-9.12320767057e-19 	0.0842983729869 	0.000572079808079 	147.354218409 	-108.563805823 	37.8852448884 	1.70646744085 	7.44412766665e-20
0.462 	0.297280334728 	6.27764039667e-19 	0.0841769807145 	0.000569596584718 	147.783506736 	-108.768877713 	37.8826073159 	1.76960550989 	-1.57625146303e-23
0.462 	0.298744769874 	-1.15007249399e-19 	0.0841769807145 	0.000569596584718 	147.783506736 	-108.768877713 	37.8826073159 	1.76960550989 	-1.57625146303e-23
0.462 	0.300209205021 	-7.62106850634e-19 	0.0841769807145 	0.000569596584718 	147.783506736 	-108.768877713 	37.8826073159 	1.76960550989 	-1.57625146303e-23
0.462 	0.301673640167 	5.15300804203e-19 	0.0835306940195 	0.000564033594896 	148.095246055 	-108.732470728 	37.8801359467 	1.87499658715 	-2.07742377733e-19
0.462 	0.303138075314 	2.39160983812e-19 	0.0835306940195 	0.000564033594896 	148.095246055 	-108.732470728 	37.8801359467 	1.87499658715 	-2.07742377733e-19
0.462 	0.30460251046 	3.28021001529e-19 	0.0835306940195 	0.000564033594896 	148.095246055 	-108.732470728 	37.8801359467 	1.87499658715 	-2.07742377733e-19
0.462 	0.306066945607 	1.0915946046e-19 	0.082924445533 	0.000556817685749 	148.925667513 	-108.910370302 	37.8673183993 	1.93193418487 	-1.03793681062e-19
0.462 	0.307531380753 	9.97773178115e-20 	0.082924445533 	0.000556817685749 	148.925667513 	-108.910370302 	37.8673183993 	1.93193418487 	-1.03793681062e-19
0.462 	0.3089958159 	1.14259560326e-18 	0.0815295826615 	0.000545407620225 	149.483761572 	-108.791542505 	37.8507261372 	2.04949429184 	3.49103714387e-19
0.462 	0.310460251046 	-5.86249072619e-19 	0.0815295826615 	0.000545407620225 	149.483761572 	-108.791542505 	37.8507261372 	2.04949429184 	3.49103714387e-19
0.462 	0.311924686192 	-4.52539329884e-20 	0.0815295826615 	0.000545407620225 	149.483761572 	-108.791542505 	37.8507261372 	2.04949429184 	3.49103714387e-19
0.462 	0.313389121339 	3.87045544767e-20 	0.0809226681366 	0.000535255008274 	151.185261017 	-108.921897173 	37.8018365908 	2.097256103 	-1.95207797738e-19
0.462 	0.314853556485 	-3.30524762794e-19 	0.0809226681366 	0.000535255008274 	151.185261017 	-108.921897173 	37.8018365908 	2.097256103 	-1.95207797738e-19
0.462 	0.316317991632 	9.14217655912e-19 	0.0809226681366 	0.000535255008274 	151.185261017 	-108.921897173 	37.8018365908 	2.097256103 	-1.95207797738e-19
0.462 	0.317782426778 	1.36321092859e-19 	0.0807018065025 	0.000517604538492 	153.074467722 	-108.743756828 	37.7096489591 	2.22486868845 	1.05492440965e-19
0.462 	0.319246861925 	-7.71583506382e-19 	0.0807018065025 	0.000517604538492 	153.074467722 	-108.743756828 	37.7096489591 	2.22486868845 	1.05492440965e-19
0.462 	0.320711297071 	3.84709226962e-19 	0.0807018065025 	0.000517604538492 	153.074467722 	-108.743756828 	37.7096489591 	2.22486868845 	1.05492440965e-19
0.462 	0.322175732218 	-3.77794311035e-20 	0.0822631953775 	0.000454846515753 	156.790688037 	-108.776449593 	37.5426345242 	2.25916443784 	1.10586311635e-19
0.462 	0.323640167364 	-3.70443363102e-19 	0.0822631953775 	0.000454846515753 	156.790688037 	-108.776449593 	37.5426345242 	2.25916443784 	1.10586311635e-19
0.462 	0.32510460251 	9.16194345883e-19 	0.0822631953775 	0.000454846515753 	156.790688037 	-108.776449593 	37.5426345242 	2.25916443784 	1.10586311635e-19
0.462 	0.326569037657 	1.17313283342e-18 	0.0834577452386 	0.000371849094004 	160.951595467 	-108.617785148 	37.3485592678 	2.39248777509 	1.6168764523e-19
0.462 	0.328033472803 	-9.18594782745e-19 	0.0834577452386 	0.000371849094004 	160.951595467 	-108.617785148 	37.3485592678 	2.39248777509 	1.6168764523e-19
0.462 	0.32949790795 	2.8815831475e-19 	0.0834577452386 	0.000371849094004 	160.951595467 	-108.617785148 	37.3485592678 	2.39248777509 	1.6168764523e-19
0.462 	0.330962343096 	1.92164503853e-18 	0.0773308695157 	0.00050833663017 	152.125314066 	-108.420036222 	37.0112944539 	2.41648066176 	-9.37462969462e-20
0.462 	0.332426778243 	-1.13500357226e-18 	0.0773308695157 	0.00050833663017 	152.125314066 	-108.420036222 	37.0112944539 	2.41648066176 	-9.37462969462e-20
0.462 	0.333891213389 	6.51590868975e-19 	0.0773308695157 	0.00050833663017 	152.125314066 	-108.420036222 	37.0112944539 	2.41648066176 	-9.37462969462e-20
