0.546 	0 	0 	3.36150152719 	3.27662103536e-05 	92241.5435823 	6.8819127218 	12.7322507591 	0.00243681582621 	-2.17000786402e-22
0.546 	0.00146443514644 	9.97339064472e-20 	3.01310760831 	0.000385940779863 	7785.76663984 	6.8935519659 	22.1068048675 	0.0293726840157 	3.08279993913e-22
0.546 	0.00292887029289 	1.7929464369e-19 	2.09326213279 	0.000497530657959 	3968.29804994 	6.87870241971 	24.5819667088 	0.0519311147423 	-6.24330212437e-23
0.546 	0.00439330543933 	4.59218193568e-18 	1.5539439575 	0.000418929391703 	3165.49396456 	6.85678531616 	26.1057750345 	0.068706072152 	2.77401406478e-22
0.546 	0.00585774058577 	4.59581355331e-18 	0.809598440745 	0.000349819122743 	2177.33236208 	6.82503233438 	27.7269894282 	0.0996887686723 	6.0271975829e-22
0.546 	0.00732217573222 	1.10536557424e-18 	0.455771214173 	0.000331528985805 	1374.75525124 	6.79242177107 	28.4847031713 	0.135009107744 	6.1375021653e-22
0.546 	0.00878661087866 	-1.3717152074e-18 	0.365967719586 	0.000393941690982 	928.989563591 	6.7519492917 	28.8757633124 	0.175446105156 	9.36443621971e-22
0.546 	0.0102510460251 	9.76815900456e-19 	0.367872349937 	0.000458175251682 	802.907508834 	6.69634653619 	29.2093105241 	0.212651798875 	3.93478688225e-21
0.546 	0.0117154811715 	9.08976281888e-19 	0.371869321568 	0.00048949785243 	759.695511884 	6.64272026505 	29.4848645052 	0.234704729901 	1.55005017189e-21
0.546 	0.013179916318 	1.93276685591e-18 	0.37001773938 	0.000518067836421 	714.226426285 	6.55662595894 	29.8668440522 	0.254942089248 	-1.86311477712e-21
0.546 	0.0146443514644 	-3.90458763642e-19 	0.363086027439 	0.000533721895024 	680.290673522 	6.48097723656 	30.1510851944 	0.263027126687 	-4.58446257574e-22
0.546 	0.0161087866109 	-1.09557579136e-19 	0.351115742208 	0.000545934405467 	643.146390285 	6.39511423776 	30.4246378582 	0.264893216006 	-1.41286267782e-21
0.546 	0.0175732217573 	-3.46591996254e-19 	0.336290973057 	0.00055680505756 	603.965370809 	6.29768594601 	30.6794219348 	0.26079111137 	5.11142052542e-21
0.546 	0.0190376569038 	-3.19634816706e-19 	0.322959802953 	0.000569354647294 	567.238371529 	6.18825132374 	30.9111300831 	0.251337271723 	-6.10946752107e-22
0.546 	0.0205020920502 	-1.16346234528e-18 	0.3140573881 	0.000584997121005 	536.852878114 	6.06621218464 	31.1220038602 	0.237516169867 	-3.09897226461e-21
0.546 	0.0219665271967 	9.33908297286e-19 	0.310415851567 	0.000596658773549 	520.256912876 	5.97743439503 	31.2538771936 	0.226344154909 	1.28895072013e-21
0.546 	0.0234309623431 	5.48157620246e-20 	0.306675913544 	0.000614484406322 	499.078431266 	5.83240610099 	31.4420030816 	0.207157745828 	4.12504306015e-22
0.546 	0.0248953974895 	2.2050016847e-19 	0.304454257668 	0.000625869687058 	486.449917553 	5.72736043696 	31.5617330218 	0.192957311489 	6.16818907702e-22
0.546 	0.026359832636 	-2.40634348208e-18 	0.300899339753 	0.000641624466672 	468.964878028 	5.55656564498 	31.7330411815 	0.169866850055 	7.35260918109e-22
0.546 	0.0278242677824 	-9.46345194992e-21 	0.298368409273 	0.000651207328834 	458.177290184 	5.43341774445 	31.8418853671 	0.153470849808 	-3.13280952119e-21
0.546 	0.0292887029289 	-3.45158022725e-19 	0.295773279836 	0.000660125994543 	448.055798863 	5.30229277358 	31.9467144715 	0.136401433324 	-3.75996066274e-21
0.546 	0.0307531380753 	2.39103614058e-18 	0.291881614232 	0.000672480637581 	434.037201848 	5.08926773673 	32.0969680722 	0.109721524893 	3.23040667128e-21
0.546 	0.0322175732218 	1.11212605188e-18 	0.289361432294 	0.000680223737303 	425.391553434 	4.93550915261 	32.1927291961 	0.0913581514904 	1.30047595017e-21
0.546 	0.0336820083682 	-1.05509032157e-18 	0.286951763216 	0.000687737571187 	417.240202132 	4.77177983192 	32.2851804013 	0.0726409936002 	-3.15739728073e-21
0.546 	0.0351464435146 	1.24162732042e-18 	0.284691161306 	0.000695153373819 	409.537192839 	4.59751846952 	32.3744923839 	0.053655268412 	5.39375828401e-21
0.546 	0.0366108786611 	-6.36049446532e-19 	0.282609638382 	0.000702588698524 	402.2405128 	4.41215649401 	32.4608229084 	0.0344826333597 	5.12302898081e-21
0.546 	0.0380753138075 	-1.32725366134e-18 	0.280727040509 	0.000710143759136 	395.310156425 	4.21518525985 	32.5443203717 	0.0151991855768 	2.45715482925e-21
0.546 	0.039539748954 	-5.88574884539e-19 	0.279054215676 	0.000717901945063 	388.707981077 	4.00601129161 	32.6251259043 	-0.00411886987522 	-3.65997089221e-21
0.546 	0.0410041841004 	-6.48605124894e-19 	0.277597039797 	0.000725933895223 	382.399887406 	3.78404361127 	32.7033787908 	-0.0233992519839 	1.66363663971e-21
0.546 	0.0424686192469 	2.299684304e-19 	0.276951289147 	0.000730072731012 	379.347532626 	3.6680776219 	32.7415958619 	-0.033002921076 	-7.80701277277e-22
0.546 	0.0439330543933 	2.03397488169e-18 	0.275833228808 	0.000738636469075 	373.435702618 	3.42580788547 	32.8163344874 	-0.052092558562 	-1.77639495722e-21
0.546 	0.0453974895397 	-2.0539579438e-19 	0.274966349125 	0.000747638531634 	367.779799315 	3.16925340795 	32.8890558097 	-0.0709650696016 	-2.88629503839e-21
0.546 	0.0468619246862 	-1.70059156241e-19 	0.274387391115 	0.000757145649715 	362.397104464 	2.89781060718 	32.9602246943 	-0.0895466646595 	-2.9334453945e-21
0.546 	0.0483263598326 	1.28310888893e-18 	0.274219109964 	0.000762102517692 	359.819189149 	2.75631710428 	32.9954539891 	-0.0987049980076 	-1.53906069297e-21
0.546 	0.0497907949791 	-1.24675634553e-18 	0.27413974166 	0.000772405178856 	354.917016566 	2.46140786324 	33.0658782421 	-0.116711616618 	-1.91886681993e-21
0.546 	0.0512552301255 	-5.74508938438e-19 	0.274222552084 	0.000777713359405 	352.601056376 	2.30784104222 	33.1014248343 	-0.125543839968 	3.64726063566e-22
0.546 	0.052719665272 	-6.34662437449e-19 	0.274563738097 	0.000788431465008 	348.240462593 	1.98810615645 	33.1742094874 	-0.142835830571 	-1.93190919321e-22
0.546 	0.0541841004184 	1.37620133614e-18 	0.274766144543 	0.000793699116866 	346.184263916 	1.82178809914 	33.2118633661 	-0.151288989192 	8.34683548764e-22
0.546 	0.0556485355649 	1.53058883495e-18 	0.275022399753 	0.000803553948711 	342.257542501 	1.47587990354 	33.2905451684 	-0.167808544773 	-2.34650422616e-23
0.546 	0.0571129707113 	1.61680590171e-18 	0.274970113525 	0.000807900616605 	340.35140941 	1.29614435726 	33.331766021 	-0.17587977393 	-1.55088453195e-22
0.546 	0.0585774058577 	-9.42023886312e-19 	0.274228788537 	0.000814808889505 	336.55596063 	0.9227590248 	33.4179511363 	-0.191663855692 	5.95875084515e-22
0.546 	0.0600418410042 	-9.82162488471e-19 	0.273443044979 	0.000817146773411 	334.631493235 	0.72897548335 	33.4627024256 	-0.199383962737 	-4.3290373072e-22
0.546 	0.0615062761506 	3.7855044833e-19 	0.27087766035 	0.000819184483546 	330.667469649 	0.326914625005 	33.55454876 	-0.214491211708 	-5.46484204237e-22
0.546 	0.0629707112971 	1.14576907589e-18 	0.269073661007 	0.000818805991783 	328.617112853 	0.118523163204 	33.6011236286 	-0.221878825078 	7.64053638039e-22
0.546 	0.0644351464435 	-7.21825302503e-19 	0.266931418654 	0.000817497529657 	326.522599727 	-0.0948450109454 	33.6477451391 	-0.229154055837 	-1.46504347504e-22
0.546 	0.06589958159 	-1.93823588299e-18 	0.264477025914 	0.000815301715777 	324.391597364 	-0.313236465481 	33.6941167094 	-0.23631444331 	-2.98074279882e-22
0.546 	0.0673640167364 	2.2354624842e-18 	0.25880234967 	0.000808568500538 	320.074736399 	-0.765252857746 	33.7850441177 	-0.250277354096 	1.35280790681e-22
0.546 	0.0688284518828 	-1.97899328493e-18 	0.255690575707 	0.000804248756248 	317.924738734 	-0.998948462225 	33.8291926575 	-0.257071437779 	-3.07446348217e-22
0.546 	0.0702928870293 	-1.07535679029e-18 	0.252474145999 	0.000799459231244 	315.806155126 	-1.23780910421 	33.8723123216 	-0.263733478012 	2.19808059034e-22
0.546 	0.0717573221757 	-5.13574058027e-19 	0.249208106809 	0.000794323733198 	313.736196457 	-1.48186006278 	33.9143909456 	-0.270256716149 	7.72703613247e-22
0.546 	0.0732217573222 	6.02944281245e-19 	0.242700720594 	0.000783441333921 	309.787995713 	-1.98561682522 	33.995735411 	-0.28285393368 	1.94227049864e-21
0.546 	0.0746861924686 	1.10839739648e-18 	0.23951606839 	0.00077785596341 	307.918277491 	-2.24535632662 	34.0352748083 	-0.288909328898 	-3.38263947482e-21
0.546 	0.0761506276151 	-1.75413405449e-18 	0.236395690685 	0.000772245126884 	306.11483641 	-2.51035331672 	34.0742690489 	-0.29478962968 	2.40399697272e-22
0.546 	0.0776150627615 	-3.77546679981e-19 	0.233342012725 	0.000766638148207 	304.370469003 	-2.78061553575 	34.1128614427 	-0.300485406024 	-2.87278265553e-22
0.546 	0.0790794979079 	-1.06313997411e-18 	0.230352385864 	0.000761051630385 	302.676423867 	-3.05614625676 	34.1511656877 	-0.305987858928 	-1.68724700439e-21
0.546 	0.0805439330544 	-1.01674041051e-18 	0.227422253829 	0.000755495059651 	301.024144266 	-3.33694370355 	34.18926114 	-0.311288924852 	1.28079863898e-21
0.546 	0.0820083682008 	-1.31396139896e-18 	0.224547501259 	0.000749975345983 	299.406510442 	-3.62300047094 	34.2271957386 	-0.316381185988 	-2.59172582158e-22
0.546 	0.0834728033473 	1.23279414631e-18 	0.218956541175 	0.000739076526966 	296.256927647 	-4.2108308606 	34.3026638265 	-0.325911517823 	4.50784182737e-21
0.546 	0.0849372384937 	1.61660878438e-18 	0.216241134693 	0.000733715637724 	294.720629593 	-4.51255678326 	34.3402084082 	-0.33033591579 	-5.78524327036e-21
0.546 	0.0864016736402 	2.641400586e-18 	0.213581595411 	0.000728426954914 	293.209351974 	-4.81944589071 	34.3776271722 	-0.334523787556 	-2.7285742029e-21
0.546 	0.0878661087866 	4.88686937582e-19 	0.210980197128 	0.000723219744953 	291.723502574 	-5.13145559405 	34.4149204491 	-0.338467788254 	2.95126630286e-21
0.546 	0.0893305439331 	5.44860162042e-19 	0.208438905993 	0.000718101875836 	290.263697962 	-5.44853524197 	34.452089711 	-0.34216025879 	-5.6963473817e-22
0.546 	0.0907949790795 	1.36150060464e-18 	0.205959134723 	0.000713079517709 	288.830529566 	-5.77062580452 	34.489137254 	-0.345593224989 	-1.5564865527e-21
0.546 	0.0922594142259 	9.09054790263e-19 	0.203541700803 	0.000708157188179 	287.424464795 	-6.09765955729 	34.5260656336 	-0.34875840689 	1.99557071901e-22
0.546 	0.0937238493724 	-2.91988677463e-19 	0.201186904117 	0.000703338002025 	286.045832214 	-6.4295597466 	34.5628772288 	-0.351647228445 	4.91054414419e-21
0.546 	0.0951882845188 	8.80942613426e-19 	0.198894647249 	0.000698623987769 	284.694844053 	-6.76624024361 	34.5995740118 	-0.354250824176 	-8.47560182694e-22
0.546 	0.0966527196653 	3.77338120259e-19 	0.196664550406 	0.000694016380721 	283.371626188 	-7.10760521366 	34.6361574597 	-0.356560043529 	3.26836278503e-21
0.546 	0.0981171548117 	-1.38640110601e-18 	0.194496041537 	0.000689515854395 	282.076242769 	-7.45354881305 	34.6726285275 	-0.358565453126 	5.55952010262e-23
0.546 	0.0995815899582 	-1.46216875436e-18 	0.192388420206 	0.000685122687357 	280.808713179 	-7.80395483827 	34.7089876424 	-0.360257337631 	-3.06182661856e-21
0.546 	0.101046025105 	1.16044878963e-18 	0.192388420206 	0.000685122687357 	280.808713179 	-7.80395483827 	34.7089876424 	-0.360257337631 	-3.06182661856e-21
0.546 	0.102510460251 	1.71704427079e-18 	0.190340901084 	0.000680836878196 	279.569023329 	-8.15869633294 	34.7452347137 	-0.361625697336 	7.99250191128e-22
0.546 	0.103974895397 	-8.46629581021e-19 	0.188352643494 	0.000676658223561 	278.357133536 	-8.51763524081 	34.7813691642 	-0.362660240623 	-1.42880112806e-21
0.546 	0.105439330544 	8.59287451613e-19 	0.186422771318 	0.000672586370472 	277.172984025 	-8.88062208236 	34.8173899793 	-0.363350372639 	-1.01073085543e-21
0.546 	0.10690376569 	8.14820836856e-19 	0.184550385302 	0.00066862084935 	276.016497961 	-9.24749563426 	34.853295765 	-0.363685182624 	-5.81212141672e-22
0.546 	0.108368200837 	-5.53180610991e-19 	0.182734568862 	0.000664761091457 	274.887581736 	-9.61808261072 	34.8890848009 	-0.36365343246 	-2.89161011735e-22
0.546 	0.109832635983 	-9.64283504307e-19 	0.180974389159 	0.000661006434851 	273.786123125 	-9.99219731647 	34.9247550737 	-0.363243549688 	-1.1243081543e-21
0.546 	0.11129707113 	3.87758617608e-19 	0.17926889553 	0.000657356123502 	272.711988404 	-10.3696412946 	34.9603042833 	-0.362443625361 	4.41316186441e-21
0.546 	0.112761506276 	-4.68334959652e-19 	0.17926889553 	0.000657356123502 	272.711988404 	-10.3696412946 	34.9603042833 	-0.362443625361 	4.41316186441e-21
0.546 	0.114225941423 	-2.5936500635e-19 	0.177617117321 	0.000653809304047 	271.665019481 	-10.7502029904 	34.9957298167 	-0.361241417642 	-2.79652396674e-21
0.546 	0.115690376569 	-4.99627587747e-19 	0.176018062413 	0.000650365023313 	270.645031795 	-11.1336574184 	35.0310286914 	-0.359624361703 	5.89799842342e-21
0.546 	0.117154811715 	-1.69791897234e-19 	0.174470717289 	0.000647022228622 	269.651813448 	-11.5197658194 	35.0661974749 	-0.35757958561 	-1.04551729125e-21
0.546 	0.118619246862 	6.24914368549e-21 	0.172974048933 	0.000643779771783 	268.685125744 	-11.9082753188 	35.1012321891 	-0.355093929288 	-3.31509484077e-22
0.546 	0.120083682008 	6.38265595274e-19 	0.172974048933 	0.000643779771783 	268.685125744 	-11.9082753188 	35.1012321891 	-0.355093929288 	-3.31509484077e-22
0.546 	0.121548117155 	7.94660881499e-19 	0.171527008418 	0.000640636416664 	267.74470504 	-12.298918588 	35.1361282112 	-0.352153964078 	-3.79874982746e-21
0.546 	0.123012552301 	8.6027557498e-19 	0.170128535663 	0.000637590849442 	266.830265541 	-12.6914134954 	35.1708801813 	-0.348746010675 	1.9422114593e-20
0.546 	0.124476987448 	2.32947843907e-19 	0.168777564587 	0.000634641690029 	265.941502486 	-13.0854627564 	35.2054819252 	-0.34485615421 	-3.68454208402e-20
0.546 	0.125941422594 	-9.13414156035e-19 	0.16747302781 	0.000631787503046 	265.078095092 	-13.4807535852 	35.2399263906 	-0.340470256906 	3.56764813701e-20
0.546 	0.127405857741 	-2.95306499549e-19 	0.16747302781 	0.000631787503046 	265.078095092 	-13.4807535852 	35.2399263906 	-0.340470256906 	3.56764813701e-20
0.546 	0.128870292887 	3.51391599277e-19 	0.166213860256 	0.000629026806974 	264.239708727 	-13.8769573496 	35.2742055934 	-0.335573970884 	-1.45177307206e-20
0.546 	0.130334728033 	-5.46278800149e-19 	0.164999001172 	0.000626358080452 	263.425995962 	-14.2737292131 	35.308310569 	-0.33015275395 	-2.10588386222e-20
0.546 	0.13179916318 	7.76753350512e-21 	0.163827394287 	0.000623779764783 	262.636596337 	-14.6707077799 	35.3422313323 	-0.324191890032 	7.23107262032e-21
0.546 	0.133263598326 	-4.19088525743e-20 	0.163827394287 	0.000623779764783 	262.636596337 	-14.6707077799 	35.3422313323 	-0.324191890032 	7.23107262032e-21
0.546 	0.134728033473 	3.62934562724e-19 	0.162697986479 	0.000621290262963 	261.871135246 	-15.0675147267 	35.3759568492 	-0.317676513853 	6.31539090783e-21
0.546 	0.136192468619 	-8.72300870415e-19 	0.161609726639 	0.000618887938307 	261.129223299 	-15.46375443 	35.4094750194 	-0.310591638242 	-9.60449287724e-21
0.546 	0.137656903766 	-1.26798167598e-18 	0.161609726639 	0.000618887938307 	261.129223299 	-15.46375443 	35.4094750194 	-0.310591638242 	-9.60449287724e-21
0.546 	0.139121338912 	-2.16481454691e-19 	0.160561567014 	0.000616571117649 	260.410457801 	-15.8590135759 	35.4427726667 	-0.302922182714 	3.18034538249e-20
0.546 	0.140585774059 	-3.92133339677e-19 	0.15955246739 	0.000614338100688 	259.714426326 	-16.2528607556 	35.4758355353 	-0.294653000846 	-3.7294172458e-20
0.546 	0.142050209205 	-1.39491292908e-18 	0.158581399514 	0.000612187170792 	259.040710228 	-16.6448460537 	35.5086482903 	-0.285768904012 	-1.59732342365e-22
0.546 	0.143514644351 	-1.01862776518e-18 	0.158581399514 	0.000612187170792 	259.040710228 	-16.6448460537 	35.5086482903 	-0.285768904012 	-1.59732342365e-22
0.546 	0.144979079498 	4.49257474113e-19 	0.15764734966 	0.000610116602473 	258.388886683 	-17.0345006278 	35.5411945081 	-0.276254680233 	2.5068651296e-21
0.546 	0.146443514644 	1.13756287924e-18 	0.156749319784 	0.000608124665735 	257.758529814 	-17.4213362732 	35.5734566398 	-0.266095109659 	-3.04528648012e-21
0.546 	0.147907949791 	-7.07833517416e-19 	0.156749319784 	0.000608124665735 	257.758529814 	-17.4213362732 	35.5734566398 	-0.266095109659 	-3.04528648012e-21
0.546 	0.149372384937 	-6.63386521427e-19 	0.155886327522 	0.000606209627892 	257.149211014 	-17.8048449609 	35.6054159348 	-0.255274981036 	1.84698455165e-20
0.546 	0.150836820084 	-2.50436818378e-19 	0.155057405264 	0.000604369753461 	256.560498562 	-18.1844983488 	35.6370523286 	-0.243779113881 	-6.23585215763e-21
0.546 	0.15230125523 	9.84198652746e-19 	0.155057405264 	0.000604369753461 	256.560498562 	-18.1844983488 	35.6370523286 	-0.243779113881 	-6.23585215763e-21
0.546 	0.153765690377 	8.67526458019e-19 	0.154261598774 	0.000602603303075 	255.991956876 	-18.5597472697 	35.6683443086 	-0.231592390469 	9.54294481648e-21
0.546 	0.155230125523 	-1.9236502823e-19 	0.154261598774 	0.000602603303075 	255.991956876 	-18.5597472697 	35.6683443086 	-0.231592390469 	9.54294481648e-21
0.546 	0.156694560669 	1.15991850278e-18 	0.153497965802 	0.000600908532286 	255.443145761 	-18.9300211962 	35.6992687799 	-0.218699799513 	2.07807254607e-20
0.546 	0.158158995816 	-9.76941848955e-19 	0.152765575038 	0.000599283690904 	254.913619971 	-19.2947276759 	35.7298009488 	-0.205086490945 	-3.36861273143e-21
0.546 	0.159623430962 	6.14498618379e-19 	0.152765575038 	0.000599283690904 	254.913619971 	-19.2947276759 	35.7298009488 	-0.205086490945 	-3.36861273143e-21
0.546 	0.161087866109 	-7.02911440246e-19 	0.152063505549 	0.000597727023094 	254.402929219 	-19.6532517251 	35.7599142363 	-0.190737839458 	-8.35991985356e-21
0.546 	0.162552301255 	-4.24497476447e-19 	0.151390846792 	0.000596236768427 	253.910618748 	-20.0049551754 	35.7895802245 	-0.175639513759 	-2.11403839998e-20
0.546 	0.164016736402 	9.62384185727e-19 	0.151390846792 	0.000596236768427 	253.910618748 	-20.0049551754 	35.7895802245 	-0.175639513759 	-2.11403839998e-20
0.546 	0.165481171548 	-9.97687722676e-20 	0.150746699368 	0.000594811164376 	253.436230515 	-20.3491759667 	35.8187686337 	-0.159777547944 	3.64591103328e-20
0.546 	0.166945606695 	-7.09062990334e-19 	0.150746699368 	0.000594811164376 	253.436230515 	-20.3491759667 	35.8187686337 	-0.159777547944 	3.64591103328e-20
0.546 	0.168410041841 	-1.98681245545e-18 	0.150130176756 	0.000593448451221 	252.979305021 	-20.6852273797 	35.847447329 	-0.143138411277 	-8.73923704498e-21
0.546 	0.169874476987 	5.46579663629e-19 	0.149540408297 	0.000592146880409 	252.539383799 	-21.0123972128 	35.8755823536 	-0.12570907237 	-1.41221198431e-21
0.546 	0.171338912134 	-8.27797516148e-19 	0.149540408297 	0.000592146880409 	252.539383799 	-21.0123972128 	35.8755823536 	-0.12570907237 	-1.41221198431e-21
0.546 	0.17280334728 	6.22839718364e-19 	0.148976543509 	0.000590904726431 	252.116012693 	-21.3299469038 	35.9031379851 	-0.107477054232 	-2.13734620876e-20
0.546 	0.174267782427 	-3.08329663897e-19 	0.148976543509 	0.000590904726431 	252.116012693 	-21.3299469038 	35.9031379851 	-0.107477054232 	-2.13734620876e-20
0.546 	0.175732217573 	-1.26484294204e-18 	0.148437757305 	0.000589720299262 	251.708746487 	-21.6371105963 	35.9300768058 	-0.0884304764614 	-4.72008157584e-21
0.546 	0.17719665272 	-8.39170929754e-19 	0.148437757305 	0.000589720299262 	251.708746487 	-21.6371105963 	35.9300768058 	-0.0884304764614 	-4.72008157584e-21
0.546 	0.178661087866 	8.251962196e-19 	0.147923255492 	0.000588591986866 	251.317141233 	-21.9330941275 	35.9563597656 	-0.0685580823433 	3.55319209066e-20
0.546 	0.180125523013 	-1.12456010548e-18 	0.147923255492 	0.000588591986866 	251.317141233 	-21.9330941275 	35.9563597656 	-0.0685580823433 	3.55319209066e-20
0.546 	0.181589958159 	3.72833480624e-19 	0.147432278346 	0.000587518217672 	250.940777514 	-22.2170739273 	35.9819462039 	-0.047849251792 	-3.9830330355e-20
0.546 	0.183054393305 	3.11250168489e-19 	0.146964101795 	0.000586497482589 	250.57925423 	-22.4881958166 	36.0067937938 	-0.0262940065276 	2.38857696525e-20
0.546 	0.184518828452 	1.47650753234e-19 	0.146964101795 	0.000586497482589 	250.57925423 	-22.4881958166 	36.0067937938 	-0.0262940065276 	2.38857696525e-20
0.546 	0.185983263598 	1.09183202525e-18 	0.146518035888 	0.000585528335239 	250.232187018 	-22.7455737114 	36.0308583938 	-0.00388302485708 	-2.42444012789e-20
0.546 	0.187447698745 	3.39849016251e-19 	0.146518035888 	0.000585528335239 	250.232187018 	-22.7455737114 	36.0308583938 	-0.00388302485708 	-2.42444012789e-20
0.546 	0.188912133891 	-1.26191615868e-18 	0.146093422097 	0.000584609387351 	249.899206646 	-22.988288059 	36.0540938331 	0.019392345245 	1.73325300305e-20
0.546 	0.190376569038 	-3.72767347162e-20 	0.146093422097 	0.000584609387351 	249.899206646 	-22.988288059 	36.0540938331 	0.019392345245 	1.73325300305e-20
0.546 	0.191841004184 	2.23673700399e-19 	0.145689631664 	0.000583739305891 	249.579958371 	-23.2153844115 	36.0764517005 	0.0435400214573 	-1.41822170155e-20
0.546 	0.193305439331 	-3.24611034317e-19 	0.145689631664 	0.000583739305891 	249.579958371 	-23.2153844115 	36.0764517005 	0.0435400214573 	-1.41822170155e-20
0.546 	0.194769874477 	4.09327285771e-20 	0.145306065581 	0.000582916814071 	249.274102365 	-23.425872034 	36.0978811969 	0.0685670431666 	-4.302295252e-22
0.546 	0.196234309623 	7.09421874683e-19 	0.145306065581 	0.000582916814071 	249.274102365 	-23.425872034 	36.0978811969 	0.0685670431666 	-4.302295252e-22
0.546 	0.19769874477 	-3.18200243784e-19 	0.144942153061 	0.000582140689214 	248.981312844 	-23.6187191378 	36.1183290656 	0.0944799610709 	1.54150551777e-22
0.546 	0.199163179916 	-5.43479230758e-19 	0.144942153061 	0.000582140689214 	248.981312844 	-23.6187191378 	36.1183290656 	0.0944799610709 	1.54150551777e-22
0.546 	0.200627615063 	-1.4241344508e-19 	0.144597359429 	0.00058140978125 	248.701284519 	-23.7928625639 	36.1377396012 	0.121283109096 	-5.70672223969e-21
0.546 	0.202092050209 	-3.71081013712e-19 	0.144597359429 	0.00058140978125 	248.701284519 	-23.7928625639 	36.1377396012 	0.121283109096 	-5.70672223969e-21
0.546 	0.203556485356 	1.3255290327e-20 	0.144271172713 	0.000580722984014 	248.433722592 	-23.9471724953 	36.1560545672 	0.148982903072 	1.58862200697e-20
0.546 	0.205020920502 	6.36737107761e-19 	0.144271172713 	0.000580722984014 	248.433722592 	-23.9471724953 	36.1560545672 	0.148982903072 	1.58862200697e-20
0.546 	0.206485355649 	-1.63372028452e-19 	0.143963139442 	0.000580079315576 	248.178370745 	-24.0805261344 	36.1732133896 	0.177578256202 	-2.37012948983e-21
0.546 	0.207949790795 	-2.26265485054e-19 	0.143963139442 	0.000580079315576 	248.178370745 	-24.0805261344 	36.1732133896 	0.177578256202 	-2.37012948983e-21
0.546 	0.209414225941 	-2.2119648083e-19 	0.143672804498 	0.000579477786404 	247.934964668 	-24.1916555814 	36.1891525832 	0.207078477443 	4.57412087902e-21
0.546 	0.210878661088 	-4.27463098913e-19 	0.143672804498 	0.000579477786404 	247.934964668 	-24.1916555814 	36.1891525832 	0.207078477443 	4.57412087902e-21
0.546 	0.212343096234 	-1.25454173349e-19 	0.143399817456 	0.000578917635747 	247.703314948 	-24.2794047866 	36.2038067305 	0.237473037991 	1.03849273709e-20
0.546 	0.213807531381 	6.05533821786e-19 	0.143399817456 	0.000578917635747 	247.703314948 	-24.2794047866 	36.2038067305 	0.237473037991 	1.03849273709e-20
0.546 	0.215271966527 	7.74444252457e-19 	0.143143768806 	0.000578397970622 	247.483179535 	-24.3423147235 	36.2171065981 	0.268778373267 	-2.2734896722e-20
0.546 	0.216736401674 	-3.71275448987e-19 	0.143143768806 	0.000578397970622 	247.483179535 	-24.3423147235 	36.2171065981 	0.268778373267 	-2.2734896722e-20
0.546 	0.21820083682 	7.95883735338e-19 	0.14290443957 	0.000577918318494 	247.274459032 	-24.3792414506 	36.2289817764 	0.300967908771 	2.82189924034e-20
0.546 	0.219665271967 	-5.3309173507e-20 	0.14290443957 	0.000577918318494 	247.274459032 	-24.3792414506 	36.2289817764 	0.300967908771 	2.82189924034e-20
0.546 	0.221129707113 	2.33832655265e-19 	0.142681418381 	0.000577477780832 	247.076897358 	-24.3884286624 	36.2393563507 	0.334075596599 	-2.49633401602e-20
0.546 	0.222594142259 	1.08231852651e-18 	0.142681418381 	0.000577477780832 	247.076897358 	-24.3884286624 	36.2393563507 	0.334075596599 	-2.49633401602e-20
0.546 	0.224058577406 	-7.39837633145e-19 	0.142474679476 	0.000577076313224 	246.890534599 	-24.3688765448 	36.2481541292 	0.368041285363 	1.82571417696e-20
0.546 	0.225523012552 	1.88388566113e-19 	0.142474679476 	0.000577076313224 	246.890534599 	-24.3688765448 	36.2481541292 	0.368041285363 	1.82571417696e-20
0.546 	0.226987447699 	2.96123080962e-19 	0.142474679476 	0.000577076313224 	246.890534599 	-24.3688765448 	36.2481541292 	0.368041285363 	1.82571417696e-20
0.546 	0.228451882845 	-9.31905961734e-20 	0.142283688703 	0.000576712744051 	246.71500703 	-24.3183071862 	36.2552913381 	0.402941466811 	-2.47219990176e-20
0.546 	0.229916317992 	3.87967576111e-19 	0.142283688703 	0.000576712744051 	246.71500703 	-24.3183071862 	36.2552913381 	0.402941466811 	-2.47219990176e-20
0.546 	0.231380753138 	8.54730334624e-19 	0.142108773239 	0.000576387813304 	246.550620882 	-24.2361348873 	36.2606850499 	0.438645788737 	2.82433308598e-20
0.546 	0.232845188285 	-5.76231829607e-19 	0.142108773239 	0.000576387813304 	246.550620882 	-24.2361348873 	36.2606850499 	0.438645788737 	2.82433308598e-20
0.546 	0.234309623431 	6.12272229854e-19 	0.14194904442 	0.000576099559657 	246.396724386 	-24.1191389714 	36.2642430579 	0.475324166481 	-1.55847472834e-21
0.546 	0.235774058577 	1.21336049291e-21 	0.14194904442 	0.000576099559657 	246.396724386 	-24.1191389714 	36.2642430579 	0.475324166481 	-1.55847472834e-21
0.546 	0.237238493724 	4.17607794195e-19 	0.14194904442 	0.000576099559657 	246.396724386 	-24.1191389714 	36.2642430579 	0.475324166481 	-1.55847472834e-21
0.546 	0.23870292887 	6.30313632053e-19 	0.141805545501 	0.000575850315287 	246.254177059 	-23.9677208957 	36.2658764923 	0.512701210407 	-5.74381618645e-21
0.546 	0.240167364017 	-4.88576659923e-19 	0.141805545501 	0.000575850315287 	246.254177059 	-23.9677208957 	36.2658764923 	0.512701210407 	-5.74381618645e-21
0.546 	0.241631799163 	-2.67845828562e-19 	0.141676557157 	0.000575636264352 	246.121667329 	-23.7768539923 	36.2654827586 	0.551144933808 	-9.08281531807e-21
0.546 	0.24309623431 	-4.04237501003e-20 	0.141676557157 	0.000575636264352 	246.121667329 	-23.7768539923 	36.2654827586 	0.551144933808 	-9.08281531807e-21
0.546 	0.244560669456 	2.89257507549e-19 	0.141564550693 	0.000575462916344 	246.001169966 	-23.5490506512 	36.262968551 	0.590089074743 	-3.87307822125e-20
0.546 	0.246025104603 	3.38061414579e-19 	0.141564550693 	0.000575462916344 	246.001169966 	-23.5490506512 	36.262968551 	0.590089074743 	-3.87307822125e-20
0.546 	0.247489539749 	-4.39395332938e-19 	0.141564550693 	0.000575462916344 	246.001169966 	-23.5490506512 	36.262968551 	0.590089074743 	-3.87307822125e-20
0.546 	0.248953974895 	-6.83180324757e-19 	0.141466009998 	0.000575322435696 	245.889958779 	-23.2759699328 	36.2582197747 	0.63029614353 	5.36919364621e-20
0.546 	0.250418410042 	-4.73179978079e-19 	0.141466009998 	0.000575322435696 	245.889958779 	-23.2759699328 	36.2582197747 	0.63029614353 	5.36919364621e-20
0.546 	0.251882845188 	7.79884200378e-19 	0.141386247671 	0.000575226652094 	245.792240599 	-22.9641144461 	36.2511358309 	0.670641951248 	-2.776665335e-20
0.546 	0.253347280335 	6.40004810863e-20 	0.141386247671 	0.000575226652094 	245.792240599 	-22.9641144461 	36.2511358309 	0.670641951248 	-2.776665335e-20
0.546 	0.254811715481 	3.06567408099e-19 	0.141386247671 	0.000575226652094 	245.792240599 	-22.9641144461 	36.2511358309 	0.670641951248 	-2.776665335e-20
0.546 	0.256276150628 	-6.9382856453e-19 	0.141318022216 	0.000575159375518 	245.702370911 	-22.5993230302 	36.2415955566 	0.712643220326 	4.41480923527e-20
0.546 	0.257740585774 	8.40374941224e-19 	0.141318022216 	0.000575159375518 	245.702370911 	-22.5993230302 	36.2415955566 	0.712643220326 	4.41480923527e-20
0.546 	0.259205020921 	-7.8783964181e-19 	0.141272159079 	0.000575144685499 	245.628904588 	-22.1952630647 	36.2294804264 	0.754136309488 	-5.41149161447e-20
0.546 	0.260669456067 	-1.57542860438e-19 	0.141272159079 	0.000575144685499 	245.628904588 	-22.1952630647 	36.2294804264 	0.754136309488 	-5.41149161447e-20
0.546 	0.262133891213 	-5.96957382819e-19 	0.141272159079 	0.000575144685499 	245.628904588 	-22.1952630647 	36.2294804264 	0.754136309488 	-5.41149161447e-20
0.546 	0.26359832636 	-1.77765764095e-19 	0.14123389561 	0.000575149492849 	245.560323647 	-21.7280902331 	36.2146819103 	0.798014964568 	1.80995210398e-20
0.546 	0.265062761506 	4.30201470386e-19 	0.14123389561 	0.000575149492849 	245.560323647 	-21.7280902331 	36.2146819103 	0.798014964568 	1.80995210398e-20
0.546 	0.266527196653 	6.39051385659e-19 	0.141224265261 	0.000575220529856 	245.513256101 	-21.2229704115 	36.1970123931 	0.840286275047 	6.5161787498e-22
0.546 	0.267991631799 	9.78568954253e-20 	0.141224265261 	0.000575220529856 	245.513256101 	-21.2229704115 	36.1970123931 	0.840286275047 	6.5161787498e-22
0.546 	0.269456066946 	-7.13098999745e-19 	0.141224265261 	0.000575220529856 	245.513256101 	-21.2229704115 	36.1970123931 	0.840286275047 	6.5161787498e-22
0.546 	0.270920502092 	3.79856592263e-19 	0.141214470514 	0.000575293123288 	245.465250318 	-20.6416055465 	36.1764469971 	0.886191424943 	-1.35173611108e-21
0.546 	0.272384937238 	1.86578623661e-19 	0.141214470514 	0.000575293123288 	245.465250318 	-20.6416055465 	36.1764469971 	0.886191424943 	-1.35173611108e-21
0.546 	0.273849372385 	4.88258062621e-19 	0.141244283298 	0.000575455471063 	245.447806825 	-20.0253855079 	36.1525804169 	0.928721959277 	1.1187604388e-20
0.546 	0.275313807531 	-4.42314216059e-19 	0.141244283298 	0.000575455471063 	245.447806825 	-20.0253855079 	36.1525804169 	0.928721959277 	1.1187604388e-20
0.546 	0.276778242678 	-8.33092700657e-20 	0.141244283298 	0.000575455471063 	245.447806825 	-20.0253855079 	36.1525804169 	0.928721959277 	1.1187604388e-20
0.546 	0.278242677824 	-1.56656536641e-19 	0.141260519963 	0.000575587809521 	245.419582602 	-19.3175392958 	36.1257265802 	0.976852402187 	1.88095097174e-20
0.546 	0.279707112971 	-1.13570505371e-18 	0.141260519963 	0.000575587809521 	245.419582602 	-19.3175392958 	36.1257265802 	0.976852402187 	1.88095097174e-20
0.546 	0.281171548117 	-1.24256101263e-19 	0.141260519963 	0.000575587809521 	245.419582602 	-19.3175392958 	36.1257265802 	0.976852402187 	1.88095097174e-20
0.546 	0.282635983264 	-2.30007704487e-19 	0.141335155485 	0.000575849057449 	245.437851564 	-18.5776384812 	36.0948993568 	1.01901514328 	-3.83305856869e-20
0.546 	0.28410041841 	4.7800324652e-19 	0.141335155485 	0.000575849057449 	245.437851564 	-18.5776384812 	36.0948993568 	1.01901514328 	-3.83305856869e-20
0.546 	0.285564853556 	-8.81705535237e-19 	0.141374262334 	0.000576026667285 	245.430064897 	-17.7331925721 	36.0613859774 	1.06946712153 	3.58966921323e-20
0.546 	0.287029288703 	-1.76539338331e-19 	0.141374262334 	0.000576026667285 	245.430064897 	-17.7331925721 	36.0613859774 	1.06946712153 	3.58966921323e-20
0.546 	0.288493723849 	-1.38473456954e-19 	0.141374262334 	0.000576026667285 	245.430064897 	-17.7331925721 	36.0613859774 	1.06946712153 	3.58966921323e-20
0.546 	0.289958158996 	9.0342067434e-19 	0.141497902614 	0.000576383122798 	245.49279293 	-16.8504197673 	36.022664182 	1.11081656088 	-1.43272077691e-20
0.546 	0.291422594142 	-1.02832960296e-18 	0.141497902614 	0.000576383122798 	245.49279293 	-16.8504197673 	36.022664182 	1.11081656088 	-1.43272077691e-20
0.546 	0.292887029289 	5.92649875262e-19 	0.141497902614 	0.000576383122798 	245.49279293 	-16.8504197673 	36.022664182 	1.11081656088 	-1.43272077691e-20
0.546 	0.294351464435 	8.53958241517e-19 	0.14154842402 	0.000576558185805 	245.505878686 	-15.8666478488 	35.9823952681 	1.16317920534 	1.35159347206e-20
0.546 	0.295815899582 	-4.14946660431e-19 	0.14154842402 	0.000576558185805 	245.505878686 	-15.8666478488 	35.9823952681 	1.16317920534 	1.35159347206e-20
0.546 	0.297280334728 	5.11561977137e-19 	0.14154842402 	0.000576558185805 	245.505878686 	-15.8666478488 	35.9823952681 	1.16317920534 	1.35159347206e-20
0.546 	0.298744769874 	8.7299784467e-19 	0.141704526414 	0.000576933184399 	245.616876002 	-14.8081536939 	35.9340974981 	1.20408792278 	-1.03569945551e-20
0.546 	0.300209205021 	-6.52257041887e-19 	0.141704526414 	0.000576933184399 	245.616876002 	-14.8081536939 	35.9340974981 	1.20408792278 	-1.03569945551e-20
0.546 	0.301673640167 	-3.99163360901e-19 	0.141704526414 	0.000576933184399 	245.616876002 	-14.8081536939 	35.9340974981 	1.20408792278 	-1.03569945551e-20
0.546 	0.303138075314 	-7.67601006864e-19 	0.141724500289 	0.000576942793826 	245.647405264 	-13.6989920445 	35.8863416829 	1.25650269131 	6.83354328004e-21
0.546 	0.30460251046 	1.19289730478e-18 	0.141724500289 	0.000576942793826 	245.647405264 	-13.6989920445 	35.8863416829 	1.25650269131 	6.83354328004e-21
0.546 	0.306066945607 	2.43528317242e-19 	0.141724500289 	0.000576942793826 	245.647405264 	-13.6989920445 	35.8863416829 	1.25650269131 	6.83354328004e-21
0.546 	0.307531380753 	3.55782808821e-19 	0.141839049017 	0.000577041369306 	245.803951956 	-12.4076556843 	35.8237520503 	1.29920178158 	-2.30901842175e-20
0.546 	0.3089958159 	5.81969992182e-19 	0.141839049017 	0.000577041369306 	245.803951956 	-12.4076556843 	35.8237520503 	1.29920178158 	-2.30901842175e-20
0.546 	0.310460251046 	4.38492867185e-19 	0.141839049017 	0.000577041369306 	245.803951956 	-12.4076556843 	35.8237520503 	1.29920178158 	-2.30901842175e-20
0.546 	0.311924686192 	-6.84845420754e-21 	0.141718010709 	0.00057638719383 	245.87293442 	-11.2205510407 	35.7680168743 	1.3464237525 	1.34491903279e-20
0.546 	0.313389121339 	4.33558660995e-19 	0.141718010709 	0.00057638719383 	245.87293442 	-11.2205510407 	35.7680168743 	1.3464237525 	1.34491903279e-20
0.546 	0.314853556485 	1.52522477441e-19 	0.141718010709 	0.00057638719383 	245.87293442 	-11.2205510407 	35.7680168743 	1.3464237525 	1.34491903279e-20
0.546 	0.316317991632 	-4.763163241e-19 	0.141515269187 	0.000575079323394 	246.079564036 	-9.59763710536 	35.6908885177 	1.39754234626 	-1.94579028407e-21
0.546 	0.317782426778 	-5.70799678408e-19 	0.141515269187 	0.000575079323394 	246.079564036 	-9.59763710536 	35.6908885177 	1.39754234626 	-1.94579028407e-21
0.546 	0.319246861925 	1.05319307065e-18 	0.141515269187 	0.000575079323394 	246.079564036 	-9.59763710536 	35.6908885177 	1.39754234626 	-1.94579028407e-21
0.546 	0.320711297071 	-7.24301650787e-20 	0.140860598814 	0.00057189239346 	246.306124062 	-8.42238334061 	35.6401009582 	1.42980356558 	1.02553619717e-20
0.546 	0.322175732218 	-4.18897507432e-19 	0.140860598814 	0.00057189239346 	246.306124062 	-8.42238334061 	35.6401009582 	1.42980356558 	1.02553619717e-20
0.546 	0.323640167364 	5.13084709364e-20 	0.140860598814 	0.00057189239346 	246.306124062 	-8.42238334061 	35.6401009582 	1.42980356558 	1.02553619717e-20
0.546 	0.32510460251 	-3.13002558042e-19 	0.140391386021 	0.000567488509707 	247.390711212 	-6.34839367322 	35.5388249343 	1.50214625226 	-1.29182295794e-20
0.546 	0.326569037657 	2.18331317233e-20 	0.140391386021 	0.000567488509707 	247.390711212 	-6.34839367322 	35.5388249343 	1.50214625226 	-1.29182295794e-20
0.546 	0.328033472803 	2.50063621267e-19 	0.140391386021 	0.000567488509707 	247.390711212 	-6.34839367322 	35.5388249343 	1.50214625226 	-1.29182295794e-20
0.546 	0.32949790795 	-4.26012482448e-19 	0.13969019747 	0.000560618168439 	249.17172745 	-5.2376988292 	35.4627781893 	1.50154653145 	4.39928242987e-21
0.546 	0.330962343096 	6.50492517431e-19 	0.13969019747 	0.000560618168439 	249.17172745 	-5.2376988292 	35.4627781893 	1.50154653145 	4.39928242987e-21
0.546 	0.332426778243 	9.37059905916e-19 	0.13969019747 	0.000560618168439 	249.17172745 	-5.2376988292 	35.4627781893 	1.50154653145 	4.39928242987e-21
0.546 	0.333891213389 	-2.10794447791e-20 	0.137530826057 	0.000553137206542 	248.637814326 	-2.63405504327 	35.3651929407 	1.61404257935 	-1.04349370364e-21
0.546 	0.335355648536 	2.69296642855e-19 	0.137530826057 	0.000553137206542 	248.637814326 	-2.63405504327 	35.3651929407 	1.61404257935 	-1.04349370364e-21
0.546 	0.336820083682 	-2.64341244025e-19 	0.137530826057 	0.000553137206542 	248.637814326 	-2.63405504327 	35.3651929407 	1.61404257935 	-1.04349370364e-21
0.546 	0.338284518828 	-5.72103900419e-19 	0.13729734378 	0.000551536267132 	248.936202318 	-1.66278610459 	35.6424804143 	1.55943863866 	1.32082326137e-21
0.546 	0.339748953975 	1.01791525663e-18 	0.13729734378 	0.000551536267132 	248.936202318 	-1.66278610459 	35.6424804143 	1.55943863866 	1.32082326137e-21
0.546 	0.341213389121 	2.71366164057e-19 	0.13729734378 	0.000551536267132 	248.936202318 	-1.66278610459 	35.6424804143 	1.55943863866 	1.32082326137e-21
0.546 	0.342677824268 	-5.37630836328e-19 	0.136399729497 	0.000549968384448 	248.013764707 	2.63874756881 	34.9809203646 	1.67966109614 	-1.22841860963e-21
0.546 	0.344142259414 	-1.26646205848e-19 	0.136399729497 	0.000549968384448 	248.013764707 	2.63874756881 	34.9809203646 	1.67966109614 	-1.22841860963e-21
0.546 	0.345606694561 	2.19587911358e-19 	0.136399729497 	0.000549968384448 	248.013764707 	2.63874756881 	34.9809203646 	1.67966109614 	-1.22841860963e-21
0.546 	0.347071129707 	5.03288669269e-19 	0.136399729497 	0.000549968384448 	248.013764707 	2.63874756881 	34.9809203646 	1.67966109614 	-1.22841860963e-21
