-0.89 	0 	0 	4.66738747915 	3.54381049884e-05 	126417.628224 	12.7569940085 	14.760380093 	0.000359459008216 	0
-0.89 	0.00146443514644 	-2.25789687032e-18 	5.89358013607 	0.000606067053972 	9724.30376713 	12.7601935007 	26.1136562352 	0.0036306871218 	0
-0.89 	0.00292887029289 	-6.93673600023e-19 	4.87176417377 	0.000759926213287 	6069.47765492 	12.7618957022 	29.1319861097 	0.00734808130359 	0
-0.89 	0.00439330543933 	-3.50512268337e-19 	2.98806373063 	0.000612244055486 	4348.10483616 	12.766198971 	31.9607233161 	0.0144494768478 	0
-0.89 	0.00585774058577 	-1.11686650579e-18 	1.30881144409 	0.000404328750637 	3236.99821501 	12.7732067318 	33.8113384835 	0.0241156958585 	0
-0.89 	0.00732217573222 	-1.04111083049e-18 	0.246616809633 	0.000179499479202 	1373.91378922 	12.7838452629 	34.8780560747 	0.0331057884785 	0
-0.89 	0.00878661087866 	-2.28251491979e-18 	0.138752527717 	0.000330688860622 	419.586337005 	12.793848086 	34.9738426155 	0.0344946688786 	0
-0.89 	0.0102510460251 	-3.68607159608e-18 	0.131391583095 	0.000500085394146 	262.738293566 	12.8030168103 	34.9678554286 	0.0350495801576 	0
-0.89 	0.0117154811715 	-8.67145947621e-19 	0.130538785631 	0.000535593483885 	243.727359571 	12.8121693082 	34.9561667444 	0.0354252251128 	0
-0.89 	0.013179916318 	-2.04556651961e-18 	0.1303100939 	0.000540429963272 	241.122999752 	12.8220634133 	34.9414457604 	0.0355384468661 	0
-0.89 	0.0146443514644 	-2.71752295282e-18 	0.130148671037 	0.000541850245046 	240.193064831 	12.8328191617 	34.9254556274 	0.0354743170384 	0
-0.89 	0.0161087866109 	-1.50899363373e-18 	0.130054379503 	0.000543087662665 	239.4721671 	12.8414679272 	34.9139621918 	0.0353756838612 	0
-0.89 	0.0175732217573 	-4.26720396054e-18 	0.12998994105 	0.000544578294785 	238.698351174 	12.8506276141 	34.9033887638 	0.0352585817688 	0
-0.89 	0.0190376569038 	3.62338203121e-20 	0.129944966825 	0.000546661627134 	237.70639894 	12.863657006 	34.8907684244 	0.0350799795177 	0
-0.89 	0.0205020920502 	9.21902927374e-19 	0.129931652064 	0.000548095825423 	237.060101606 	12.8740588958 	34.8822602137 	0.0349266647249 	0
-0.89 	0.0219665271967 	-1.80974658986e-19 	0.129927446468 	0.000549327593131 	236.520881334 	12.8850162965 	34.8744191083 	0.0347545231536 	0
-0.89 	0.0234309623431 	1.60624158766e-19 	0.129927090354 	0.0005503356127 	236.087011917 	12.8965437186 	34.8671204853 	0.0345623285494 	0
-0.89 	0.0248953974895 	-1.71282364216e-18 	0.129927354333 	0.000550889168886 	235.850261125 	12.9045526878 	34.8625033952 	0.0344226001168 	0
-0.89 	0.026359832636 	-3.53292423416e-18 	0.129927173239 	0.000551563124658 	235.561747025 	12.9170634769 	34.8558875972 	0.0341950081951 	0
-0.89 	0.0278242677824 	-1.71445794376e-18 	0.129925655244 	0.000552079983201 	235.338463985 	12.9301850457 	34.8495872442 	0.0339451852148 	0
-0.89 	0.0292887029289 	-8.84493182381e-19 	0.129923851034 	0.000552353927896 	235.218479444 	12.9392800963 	34.8455390621 	0.0337659743974 	0
-0.89 	0.0307531380753 	-6.45968704434e-19 	0.129921498498 	0.000552581823824 	235.117213227 	12.9486588126 	34.8416002587 	0.0335764330324 	0
-0.89 	0.0322175732218 	-1.16469493174e-18 	0.129917178583 	0.000552853884873 	234.993697499 	12.9632699989 	34.8358784476 	0.0332723928944 	0
-0.89 	0.0336820083682 	-2.67559517133e-18 	0.129913925143 	0.000552997919992 	234.926607219 	12.9733806253 	34.8321772111 	0.033056310583 	0
-0.89 	0.0351464435146 	1.43569946674e-18 	0.129910476286 	0.000553118073333 	234.869339023 	12.9837935769 	34.8285587066 	0.0328293235857 	0
-0.89 	0.0366108786611 	8.99046265216e-19 	0.129905082195 	0.000553262359118 	234.798337632 	12.9999925032 	34.8232727884 	0.0324680226827 	0
-0.89 	0.0380753138075 	9.6815184287e-20 	0.129901411257 	0.000553339309268 	234.759051238 	13.0111868694 	34.8198354367 	0.032213016924 	0
-0.89 	0.039539748954 	1.2313142948e-18 	0.129897722945 	0.000553403890123 	234.724990669 	13.0227045761 	34.8164616605 	0.031946488936 	0
-0.89 	0.0410041841004 	8.32555961452e-19 	0.129894043868 	0.000553458174818 	234.695320763 	13.0345520846 	34.813147098 	0.0316682544731 	0
-0.89 	0.0424686192469 	9.64340352238e-19 	0.129890394082 	0.000553503869478 	234.669351462 	13.0467360733 	34.8098877971 	0.0313781279342 	0
-0.89 	0.0439330543933 	-9.759192552e-19 	0.129886788558 	0.000553542381234 	234.6465112 	13.059263493 	34.8066801649 	0.031075926641 	0
-0.89 	0.0453974895397 	-8.45461904171e-19 	0.12988500596 	0.000553559315289 	234.63611283 	13.065658236 	34.8050946888 	0.0309202413522 	0
-0.89 	0.0468619246862 	3.08129207353e-19 	0.129881486445 	0.000553589170068 	234.617101395 	13.0787144006 	34.8019584996 	0.0305995883048 	0
-0.89 	0.0483263598326 	-9.89547571334e-19 	0.129878033062 	0.000553614388127 	234.60017631 	13.0921324278 	34.7988662869 	0.0302664081662 	0
-0.89 	0.0497907949791 	-1.6744716327e-18 	0.129874650249 	0.000553635700143 	234.585035277 	13.1059200797 	34.7958153958 	0.0299205203943 	0
-0.89 	0.0512552301255 	2.82108355214e-19 	0.129872986221 	0.00055364508591 	234.578052847 	13.1129550184 	34.7943046706 	0.0297427554098 	0
-0.89 	0.052719665272 	-9.01840417141e-19 	0.129869714004 	0.000553661649255 	234.565125069 	13.1273122714 	34.7913112073 	0.0293774758123 	0
-0.89 	0.0541841004184 	5.63979185025e-19 	0.129866516884 	0.000553675647731 	234.553420249 	13.1420597455 	34.7883532388 	0.028999060427 	0
-0.89 	0.0556485355649 	5.5099049399e-19 	0.129864946522 	0.000553681809832 	234.547973612 	13.1495825333 	34.7868869158 	0.0288048775097 	0
-0.89 	0.0571129707113 	-8.75488978191e-19 	0.129861861877 	0.000553692673819 	234.537800511 	13.1649318249 	34.7839783655 	0.0284064669302 	0
-0.89 	0.0585774058577 	-1.38322618172e-18 	0.129860347361 	0.000553697450896 	234.533041739 	13.1727606355 	34.78253567 	0.0282022040584 	0
-0.89 	0.0600418410042 	-8.9777010175e-19 	0.129857373155 	0.000553705860676 	234.524108154 	13.1887325126 	34.7796723201 	0.0277834825077 	0
-0.89 	0.0615062761506 	-4.42138696007e-19 	0.12985591308 	0.000553709551634 	234.51990795 	13.1968780171 	34.7782512375 	0.0275689944225 	0
-0.89 	0.0629707112971 	-1.69475632965e-18 	0.129853045903 	0.000553716034151 	234.511984292 	13.2134944284 	34.7754292315 	0.0271296977 	0
-0.89 	0.0644351464435 	-5.41885295875e-19 	0.129851638327 	0.000553718871034 	234.508240769 	13.2219679128 	34.7740279146 	0.0269048661131 	0
-0.89 	0.06589958159 	-1.04336957094e-18 	0.129848873942 	0.000553723836199 	234.501145614 	13.2392520615 	34.7712437079 	0.0264447880936 	0
-0.89 	0.0673640167364 	-1.17309624996e-19 	0.129847516611 	0.000553725999885 	234.497778032 	13.2480654466 	34.7698604549 	0.0262095261743 	0
-0.89 	0.0688284518828 	-2.2529826151e-19 	0.1298461755 	0.000553727972286 	234.494520773 	13.2569948916 	34.7684828678 	0.025970774443 	0
-0.89 	0.0702928870293 	2.29149467907e-18 	0.129843540849 	0.000553731399863 	234.488311267 	13.2752076619 	34.7657440142 	0.0254827868787 	0
-0.89 	0.0717573221757 	-1.5831509622e-18 	0.129842246767 	0.000553732880651 	234.485347185 	13.2844938979 	34.7643824198 	0.0252335474479 	0
-0.89 	0.0732217573222 	-6.58979130504e-19 	0.12984096782 	0.000553734221556 	234.482469686 	13.2939020148 	34.7630258349 	0.0249808112432 	0
-0.89 	0.0746861924686 	-4.39025887166e-19 	0.12983845425 	0.000553736524848 	234.476955056 	13.3130899682 	34.7603270813 	0.0244648602303 	0
-0.89 	0.0761506276151 	-5.33902090517e-19 	0.129837219095 	0.000553737505875 	234.474309068 	13.3228728994 	34.7589846153 	0.0242016559374 	0
-0.89 	0.0776150627615 	-1.20108021675e-18 	0.12983599801 	0.000553738384417 	234.471731894 	13.3327838995 	34.7576465646 	0.0239349760202 	0
-0.89 	0.0790794979079 	2.69097929144e-19 	0.129834790738 	0.000553739168128 	234.469219826 	13.3428245697 	34.7563127892 	0.0236648307045 	0
-0.89 	0.0805439330544 	-1.07531276474e-18 	0.129833597025 	0.000553739864092 	234.466769405 	13.3529965313 	34.7549831529 	0.0233912323809 	0
-0.89 	0.0820083682008 	1.56786068897e-19 	0.129831249281 	0.000553741018499 	234.462040816 	13.3737409073 	34.7523357685 	0.0228337372376 	0
-0.89 	0.0834728033473 	1.06948912706e-18 	0.129830094766 	0.000553741488625 	234.459756824 	13.3843166568 	34.7510177642 	0.0225498764915 	0
-0.89 	0.0849372384937 	1.80559574287e-18 	0.129828952842 	0.000553741894441 	234.457522802 	13.395030369 	34.749703386 	0.022262635302 	0
-0.89 	0.0864016736402 	-9.1051403452e-19 	0.129827823279 	0.000553742240766 	234.455336294 	13.4058837518 	34.7483925138 	0.0219720381524 	0
-0.89 	0.0878661087866 	-1.25745872972e-18 	0.129826705854 	0.000553742532067 	234.453195006 	13.4168785309 	34.7470850302 	0.0216781119648 	0
-0.89 	0.0893305439331 	-4.72496356836e-19 	0.129825600347 	0.000553742772481 	234.451096788 	13.4280164423 	34.7457808212 	0.0213808866719 	0
-0.89 	0.0907949790795 	-1.0492919126e-18 	0.129824506546 	0.000553742965848 	234.449039632 	13.4392992304 	34.7444797757 	0.0210803951714 	0
-0.89 	0.0922594142259 	-7.19694452163e-19 	0.129823424245 	0.000553743115725 	234.447021656 	13.4507286526 	34.7431817856 	0.020776673103 	0
-0.89 	0.0937238493724 	-7.71736156442e-19 	0.129822353241 	0.000553743225415 	234.445041099 	13.4623064708 	34.741886746 	0.0204697595872 	0
-0.89 	0.0951882845188 	-2.13210380979e-19 	0.129820244348 	0.000553743336261 	234.441185739 	13.485914364 	34.7393051136 	0.019846531092 	0
-0.89 	0.0966527196653 	-3.91642294974e-19 	0.129819206085 	0.000553743342897 	234.439307939 	13.497947989 	34.738018326 	0.0195303104958 	0
-0.89 	0.0981171548117 	-2.55138973734e-19 	0.12981817837 	0.000553743320338 	234.437461549 	13.5101370999 	34.7367340996 	0.0192110879957 	0
-0.89 	0.0995815899582 	-1.16016763506e-19 	0.12981716103 	0.000553743270856 	234.435645294 	13.5224834656 	34.7354523448 	0.0188889201102 	0
-0.89 	0.101046025105 	-1.47812901871e-19 	0.129816153898 	0.000553743196563 	234.433857976 	13.5349888479 	34.7341729753 	0.0185638671947 	0
-0.89 	0.102510460251 	-4.54674477192e-19 	0.129815156812 	0.000553743099421 	234.432098472 	13.5476549988 	34.7328959081 	0.0182359935231 	0
-0.89 	0.103974895397 	-6.04995312918e-20 	0.129815156812 	0.000553743099421 	234.432098472 	13.5476549988 	34.7328959081 	0.0182359935231 	0
-0.89 	0.105439330544 	-3.16371243998e-19 	0.129814169613 	0.000553742981251 	234.430365727 	13.5604836576 	34.7316210633 	0.0179053674742 	0
-0.89 	0.10690376569 	-4.50812313387e-19 	0.129813192152 	0.000553742843746 	234.42865875 	13.5734765463 	34.7303483647 	0.0175720617082 	0
-0.89 	0.108368200837 	2.64761120454e-19 	0.129812224281 	0.000553742688479 	234.426976611 	13.5866353661 	34.7290777394 	0.0172361533188 	0
-0.89 	0.109832635983 	1.1928381801e-18 	0.129811265858 	0.000553742516909 	234.425318436 	13.5999617928 	34.7278091181 	0.0168977239298 	0
-0.89 	0.11129707113 	3.64507720322e-19 	0.129810316748 	0.000553742330395 	234.423683404 	13.6134574735 	34.7265424353 	0.0165568598409 	0
-0.89 	0.112761506276 	-4.85938363641e-19 	0.129809376819 	0.000553742130198 	234.422070744 	13.6271240207 	34.7252776292 	0.0162136521617 	0
-0.89 	0.114225941423 	3.18549915287e-19 	0.129808445944 	0.000553741917489 	234.42047973 	13.6409630084 	34.7240146419 	0.0158681969773 	0
-0.89 	0.115690376569 	-4.58316845581e-19 	0.129807524002 	0.000553741693357 	234.418909681 	13.6549759656 	34.7227534197 	0.0155205954773 	0
-0.89 	0.117154811715 	-1.59319874551e-18 	0.129806610874 	0.000553741458814 	234.417359957 	13.6691643715 	34.7214939129 	0.0151709541205 	0
-0.89 	0.118619246862 	1.24632381945e-18 	0.129805706449 	0.000553741214801 	234.415829957 	13.6835296485 	34.7202360765 	0.0148193847652 	0
-0.89 	0.120083682008 	3.16802824733e-19 	0.129805706449 	0.000553741214801 	234.415829957 	13.6835296485 	34.7202360765 	0.0148193847652 	0
-0.89 	0.121548117155 	1.65014520585e-19 	0.129804810619 	0.000553740962191 	234.414319116 	13.6980731564 	34.7189798698 	0.0144660048351 	0
-0.89 	0.123012552301 	-6.42063476479e-19 	0.12980392328 	0.000553740701796 	234.412826904 	13.712796185 	34.717725257 	0.0141109374511 	0
-0.89 	0.124476987448 	-7.85463811112e-19 	0.129803044334 	0.000553740434372 	234.411352823 	13.7276999471 	34.7164722071 	0.0137543115975 	0
-0.89 	0.125941422594 	4.84628012866e-19 	0.129802173687 	0.000553740160621 	234.409896406 	13.7427855699 	34.7152206945 	0.0133962622535 	0
-0.89 	0.127405857741 	-9.1485084321e-19 	0.129802173687 	0.000553740160621 	234.409896406 	13.7427855699 	34.7152206945 	0.0133962622535 	0
-0.89 	0.128870292887 	-2.0361421806e-19 	0.12980131125 	0.000553739881197 	234.408457216 	13.7580540878 	34.7139706988 	0.0130369305562 	0
-0.89 	0.130334728033 	-1.36587894696e-18 	0.12980045694 	0.000553739596708 	234.407034843 	13.7735064327 	34.7127222055 	0.0126764639319 	0
-0.89 	0.13179916318 	7.59838466035e-19 	0.129799610676 	0.000553739307721 	234.405628905 	13.7891434253 	34.7114752057 	0.0123150162536 	0
-0.89 	0.133263598326 	-2.69050930658e-19 	0.129798772384 	0.000553739014765 	234.404239043 	13.8049657644 	34.7102296972 	0.0119527479687 	0
-0.89 	0.134728033473 	-2.81676774479e-19 	0.129798772384 	0.000553739014765 	234.404239043 	13.8049657644 	34.7102296972 	0.0119527479687 	0
-0.89 	0.136192468619 	1.52004094515e-19 	0.129797941996 	0.000553738718332 	234.402864923 	13.8209740177 	34.7089856839 	0.0115898262466 	0
-0.89 	0.137656903766 	-5.83341070137e-19 	0.129797119446 	0.000553738418881 	234.401506235 	13.8371686093 	34.7077431769 	0.0112264251038 	0
-0.89 	0.139121338912 	-6.21729188038e-19 	0.129796304676 	0.000553738116843 	234.40016269 	13.8535498094 	34.7065021941 	0.0108627255422 	0
-0.89 	0.140585774059 	-1.23143787758e-18 	0.129796304676 	0.000553738116843 	234.40016269 	13.8535498094 	34.7065021941 	0.0108627255422 	0
-0.89 	0.142050209205 	-5.46222104565e-19 	0.129795497631 	0.000553737812619 	234.39883402 	13.870117721 	34.7052627614 	0.0104989156645 	0
-0.89 	0.143514644351 	8.31842422975e-20 	0.129794698262 	0.000553737506584 	234.397519978 	13.8868722679 	34.7040249123 	0.0101351907956 	0
-0.89 	0.144979079498 	5.05696986213e-19 	0.129793906525 	0.00055373719909 	234.396220334 	13.9038131798 	34.702788689 	0.0097717535905 	0
-0.89 	0.146443514644 	-5.67906148015e-19 	0.129793906525 	0.00055373719909 	234.396220334 	13.9038131798 	34.702788689 	0.0097717535905 	0
-0.89 	0.147907949791 	-3.0345410048e-19 	0.129793122382 	0.000553736890466 	234.394934882 	13.9209399794 	34.7015541423 	0.00940881414065 	0
-0.89 	0.149372384937 	1.85972304553e-19 	0.129792345799 	0.000553736581021 	234.393663427 	13.9382519657 	34.7003213322 	0.00904659006308 	0
-0.89 	0.150836820084 	3.77518146392e-19 	0.129792345799 	0.000553736581021 	234.393663427 	13.9382519657 	34.7003213322 	0.00904659006308 	0
-0.89 	0.15230125523 	7.63494119797e-19 	0.129791576748 	0.000553736271044 	234.392405799 	13.9557481996 	34.6990903286 	0.00868530658164 	0
-0.89 	0.153765690377 	-2.26482227792e-19 	0.129790815205 	0.000553735960809 	234.391161838 	13.9734274859 	34.6978612116 	0.00832519659776 	0
-0.89 	0.155230125523 	6.16042624339e-19 	0.129790815205 	0.000553735960809 	234.391161838 	13.9734274859 	34.6978612116 	0.00832519659776 	0
-0.89 	0.156694560669 	3.99202189842e-19 	0.129790061154 	0.00055373565057 	234.389931406 	13.9912883572 	34.6966340721 	0.00796650075148 	0
-0.89 	0.158158995816 	3.78009461381e-19 	0.129789314581 	0.000553735340569 	234.388714377 	14.0093290538 	34.6954090124 	0.00760946746766 	0
-0.89 	0.159623430962 	-1.03867618191e-19 	0.129789314581 	0.000553735340569 	234.388714377 	14.0093290538 	34.6954090124 	0.00760946746766 	0
-0.89 	0.161087866109 	2.64761120454e-19 	0.12978857548 	0.000553735031032 	234.387510644 	14.0275475065 	34.6941861467 	0.0072543529824 	0
-0.89 	0.162552301255 	2.6419706679e-19 	0.129787843849 	0.000553734722165 	234.386320116 	14.0459413147 	34.6929656017 	0.00690142135043 	0
-0.89 	0.164016736402 	-4.94180400286e-19 	0.129787843849 	0.000553734722165 	234.386320116 	14.0459413147 	34.6929656017 	0.00690142135043 	0
-0.89 	0.165481171548 	-5.22574946466e-20 	0.129787119689 	0.000553734414131 	234.385142727 	14.0645077267 	34.6917475176 	0.00655094442817 	0
-0.89 	0.166945606695 	5.41796245891e-19 	0.129786402998 	0.000553734106908 	234.383978481 	14.0832436165 	34.6905320483 	0.00620320185427 	0
-0.89 	0.168410041841 	2.73434737834e-19 	0.129786402998 	0.000553734106908 	234.383978481 	14.0832436165 	34.6905320483 	0.00620320185427 	0
-0.89 	0.169874476987 	-4.29983666685e-19 	0.129785693737 	0.000553733799687 	234.382827652 	14.1021454623 	34.6893193622 	0.00585848098372 	0
-0.89 	0.171338912134 	-6.2848843169e-19 	0.129784991749 	0.000553733488615 	234.381691586 	14.1212093212 	34.6881096435 	0.00551707679432 	0
-0.89 	0.17280334728 	-7.15357643473e-19 	0.129784991749 	0.000553733488615 	234.381691586 	14.1212093212 	34.6881096435 	0.00551707679432 	0
-0.89 	0.174267782427 	-5.53370919751e-19 	0.129784296587 	0.000553733160015 	234.380575263 	14.1404308058 	34.6869030921 	0.00517929177173 	0
-0.89 	0.175732217573 	-5.80916574085e-19 	0.129784296587 	0.000553733160015 	234.380575263 	14.1404308058 	34.6869030921 	0.00517929177173 	0
-0.89 	0.17719665272 	-7.04389204793e-19 	0.129783607514 	0.000553732769678 	234.379496069 	14.1598050569 	34.6856999252 	0.00484543576665 	0
-0.89 	0.178661087866 	-9.45768532071e-19 	0.129782925134 	0.000553732355111 	234.378439215 	14.1793267186 	34.6845003775 	0.00451582582883 	0
-0.89 	0.180125523013 	3.38486868183e-19 	0.129782925134 	0.000553732355111 	234.378439215 	14.1793267186 	34.6845003775 	0.00451582582883 	0
-0.89 	0.181589958159 	7.52002215045e-19 	0.129782249985 	0.00055373193196 	234.377399051 	14.1989899085 	34.6833047028 	0.00419078598925 	0
-0.89 	0.183054393305 	1.38993668445e-19 	0.129782249985 	0.00055373193196 	234.377399051 	14.1989899085 	34.6833047028 	0.00419078598925 	0
-0.89 	0.184518828452 	3.71587444677e-19 	0.129781582332 	0.000553731505067 	234.376374009 	14.2187881906 	34.6821131741 	0.00387064695427 	0
-0.89 	0.185983263598 	2.04045798795e-19 	0.129781582332 	0.000553731505067 	234.376374009 	14.2187881906 	34.6821131741 	0.00387064695427 	0
-0.89 	0.187447698745 	7.32704878233e-19 	0.129780922287 	0.000553731075132 	234.37536399 	14.2387145442 	34.6809260853 	0.00355574585672 	0
-0.89 	0.188912133891 	-1.2349674597e-19 	0.129780269903 	0.000553730641543 	234.374369352 	14.2587613343 	34.6797437519 	0.00324642591596 	0
-0.89 	0.190376569038 	-8.49798712861e-19 	0.129780269903 	0.000553730641543 	234.374369352 	14.2587613343 	34.6797437519 	0.00324642591596 	0
-0.89 	0.191841004184 	8.57685066405e-19 	0.129779625223 	0.000553730203269 	234.373390609 	14.2789202785 	34.6785665118 	0.00294303601216 	0
-0.89 	0.193305439331 	8.50230293596e-19 	0.129779625223 	0.000553730203269 	234.373390609 	14.2789202785 	34.6785665118 	0.00294303601216 	0
-0.89 	0.194769874477 	6.36419506885e-19 	0.129778988288 	0.00055372975906 	234.372428364 	14.299182416 	34.6773947267 	0.00264593022697 	0
-0.89 	0.196234309623 	-7.32704878233e-19 	0.129778988288 	0.00055372975906 	234.372428364 	14.299182416 	34.6773947267 	0.00264593022697 	0
-0.89 	0.19769874477 	-1.19502892626e-18 	0.129778359142 	0.000553729307463 	234.371483309 	14.3195380724 	34.6762287832 	0.00235546730997 	0
-0.89 	0.199163179916 	1.10176519761e-18 	0.129778359142 	0.000553729307463 	234.371483309 	14.3195380724 	34.6762287832 	0.00235546730997 	0
-0.89 	0.200627615063 	2.20824037396e-20 	0.129777737828 	0.000553728846797 	234.370556236 	14.3399768271 	34.6750690934 	0.00207201010684 	0
-0.89 	0.202092050209 	-3.15601947473e-19 	0.129777124391 	0.000553728375105 	234.369648054 	14.360487476 	34.6739160971 	0.00179592505814 	0
-0.89 	0.203556485356 	-9.62987319534e-19 	0.129777124391 	0.000553728375105 	234.369648054 	14.360487476 	34.6739160971 	0.00179592505814 	0
-0.89 	0.205020920502 	-5.69601913898e-19 	0.129776518874 	0.000553727890102 	234.368759807 	14.3810579965 	34.672770262 	0.00152758126786 	0
-0.89 	0.206485355649 	-7.19694452163e-19 	0.129776518874 	0.000553727890102 	234.368759807 	14.3810579965 	34.672770262 	0.00152758126786 	0
-0.89 	0.207949790795 	-3.52387857937e-19 	0.129775921317 	0.000553727389105 	234.367892703 	14.4016755101 	34.6716320849 	0.0012673496695 	0
-0.89 	0.209414225941 	-8.65203834315e-20 	0.129775921317 	0.000553727389105 	234.367892703 	14.4016755101 	34.6716320849 	0.0012673496695 	0
-0.89 	0.210878661088 	-1.15056873706e-19 	0.129775331754 	0.000553726868944 	234.367048147 	14.4223262475 	34.6705020939 	0.00101560224171 	0
-0.89 	0.212343096234 	-4.59485930767e-19 	0.129775331754 	0.000553726868944 	234.367048147 	14.4223262475 	34.6705020939 	0.00101560224171 	0
-0.89 	0.213807531381 	2.63753970185e-19 	0.129774750213 	0.000553726325864 	234.366227777 	14.4429955099 	34.6693808487 	0.000772711035208 	0
-0.89 	0.215271966527 	8.69519641662e-20 	0.129774750213 	0.000553726325864 	234.366227777 	14.4429955099 	34.6693808487 	0.000772711035208 	0
-0.89 	0.216736401674 	-2.2216139727e-19 	0.129774176706 	0.000553725755381 	234.365433512 	14.4636676318 	34.6682689427 	0.000539047142339 	0
-0.89 	0.21820083682 	3.38486868183e-19 	0.129774176706 	0.000553725755381 	234.365433512 	14.4636676318 	34.6682689427 	0.000539047142339 	0
-0.89 	0.219665271967 	-9.48367743211e-19 	0.129773611231 	0.000553725152124 	234.364667621 	14.4843259419 	34.6671670038 	0.000314979616896 	0
-0.89 	0.221129707113 	2.64761120454e-19 	0.129773611231 	0.000553725152124 	234.364667621 	14.4843259419 	34.6671670038 	0.000314979616896 	0
-0.89 	0.222594142259 	-4.92455820053e-19 	0.129773053757 	0.000553724509611 	234.363932795 	14.5049527248 	34.6660756955 	0.000100873823648 	0
-0.89 	0.224058577406 	-2.38308687579e-19 	0.129773053757 	0.000553724509611 	234.363932795 	14.5049527248 	34.6660756955 	0.000100873823648 	0
-0.89 	0.225523012552 	-5.14476332669e-20 	0.129772504225 	0.000553723819983 	234.36323225 	14.5255291828 	34.6649957188 	-0.000102909457794 	0
-0.89 	0.226987447699 	-1.07574434547e-18 	0.129772504225 	0.000553723819983 	234.36323225 	14.5255291828 	34.6649957188 	-0.000102909457794 	0
-0.89 	0.228451882845 	-1.45821856882e-19 	0.129771962541 	0.00055372307366 	234.362569874 	14.5460353999 	34.663927815 	-0.000296015387777 	0
-0.89 	0.229916317992 	6.80663173954e-19 	0.129771962541 	0.00055372307366 	234.362569874 	14.5460353999 	34.663927815 	-0.000296015387777 	0
-0.89 	0.231380753138 	-6.89336791333e-19 	0.129771962541 	0.00055372307366 	234.362569874 	14.5460353999 	34.663927815 	-0.000296015387777 	0
-0.89 	0.232845188285 	2.76799831598e-19 	0.129771428542 	0.000553722258855 	234.361950358 	14.5664503038 	34.6628727649 	-0.000478097187345 	0
-0.89 	0.234309623431 	-1.21214852951e-19 	0.129771428542 	0.000553722258855 	234.361950358 	14.5664503038 	34.6628727649 	-0.000478097187345 	0
-0.89 	0.235774058577 	-3.9725416406e-19 	0.129770901992 	0.000553721360995 	234.361379448 	14.5867516297 	34.6618313903 	-0.000648817786443 	0
-0.89 	0.237238493724 	5.6833772875e-19 	0.129770901992 	0.000553721360995 	234.361379448 	14.5867516297 	34.6618313903 	-0.000648817786443 	0
-0.89 	0.23870292887 	4.61774120505e-19 	0.129770382558 	0.000553720361919 	234.360864224 	14.6069158839 	34.660804556 	-0.000807851517088 	0
-0.89 	0.240167364017 	4.94611981021e-19 	0.129770382558 	0.000553720361919 	234.360864224 	14.6069158839 	34.660804556 	-0.000807851517088 	0
-0.89 	0.241631799163 	6.5259764211e-20 	0.129769869769 	0.000553719238816 	234.360413496 	14.6269183109 	34.6597931713 	-0.000954886119671 	0
-0.89 	0.24309623431 	-5.67906148015e-19 	0.129769869769 	0.000553719238816 	234.360413496 	14.6269183109 	34.6597931713 	-0.000954886119671 	0
-0.89 	0.244560669456 	3.64710822987e-19 	0.12976936298 	0.000553717962796 	234.36003832 	14.6467328598 	34.6587981907 	-0.00108962502525 	0
-0.89 	0.246025104603 	2.73003157099e-19 	0.12976936298 	0.000553717962796 	234.36003832 	14.6467328598 	34.6587981907 	-0.00108962502525 	0
-0.89 	0.247489539749 	5.2930645054e-19 	0.12976936298 	0.000553717962796 	234.36003832 	14.6467328598 	34.6587981907 	-0.00108962502525 	0
-0.89 	0.248953974895 	4.10450294198e-19 	0.129768861299 	0.000553716496931 	234.359752722 	14.6663321562 	34.6578206157 	-0.0012117895239 	0
-0.89 	0.250418410042 	1.73688137965e-19 	0.129768861299 	0.000553716496931 	234.359752722 	14.6663321562 	34.6578206157 	-0.0012117895239 	0
-0.89 	0.251882845188 	4.98182323539e-19 	0.129768363517 	0.000553714793582 	234.359574678 	14.6856874736 	34.656861497 	-0.00132112099775 	0
-0.89 	0.253347280335 	1.47667285825e-19 	0.129768363517 	0.000553714793582 	234.359574678 	14.6856874736 	34.656861497 	-0.00132112099775 	0
-0.89 	0.254811715481 	-8.43331869676e-19 	0.129767867972 	0.000553712790604 	234.359527491 	14.7047687095 	34.6559219346 	-0.00141738366743 	0
-0.89 	0.256276150628 	-5.7267453744e-19 	0.129767867972 	0.000553712790604 	234.359527491 	14.7047687095 	34.6559219346 	-0.00141738366743 	0
-0.89 	0.257740585774 	9.58650510845e-19 	0.129767867972 	0.000553712790604 	234.359527491 	14.7047687095 	34.6559219346 	-0.00141738366743 	0
-0.89 	0.259205020921 	3.05489246806e-19 	0.129767372388 	0.000553710406031 	234.359641746 	14.7235443625 	34.6550030788 	-0.00150036747274 	0
-0.89 	0.260669456067 	-1.27946357025e-20 	0.129767372388 	0.000553710406031 	234.359641746 	14.7235443625 	34.6550030788 	-0.00150036747274 	0
-0.89 	0.262133891213 	-4.32806800067e-19 	0.129766873628 	0.000553707530393 	234.35995811 	14.7419815159 	34.6541061319 	-0.00156989074829 	0
-0.89 	0.26359832636 	1.65014520585e-19 	0.129766873628 	0.000553707530393 	234.35995811 	14.7419815159 	34.6541061319 	-0.00156989074829 	0
-0.89 	0.265062761506 	-6.4027680386e-19 	0.129766367335 	0.000553704015513 	234.360531437 	14.7600458233 	34.6532323492 	-0.00162580330585 	0
-0.89 	0.266527196653 	6.90334292501e-20 	0.129766367335 	0.000553704015513 	234.360531437 	14.7600458233 	34.6532323492 	-0.00162580330585 	0
-0.89 	0.267991631799 	5.8134815482e-19 	0.129766367335 	0.000553704015513 	234.360531437 	14.7600458233 	34.6532323492 	-0.00162580330585 	0
-0.89 	0.269456066946 	3.53289418389e-19 	0.129765847395 	0.000553699657809 	234.361436863 	14.7777015011 	34.6523830395 	-0.00166798955339 	0
-0.89 	0.270920502092 	3.99202189842e-19 	0.129765847395 	0.000553699657809 	234.361436863 	14.7777015011 	34.6523830395 	-0.00166798955339 	0
-0.89 	0.272384937238 	-5.4369300302e-19 	0.129765305127 	0.000553694172983 	234.362779055 	14.7949113243 	34.6515595665 	-0.00169637218644 	0
-0.89 	0.273849372385 	1.47235705091e-19 	0.129765305127 	0.000553694172983 	234.362779055 	14.7949113243 	34.6515595665 	-0.00169637218644 	0
-0.89 	0.275313807531 	4.03538998532e-19 	0.129765305127 	0.000553694172983 	234.362779055 	14.7949113243 	34.6515595665 	-0.00169637218644 	0
-0.89 	0.276778242678 	-2.89699922034e-19 	0.129764728013 	0.000553687156762 	234.364706546 	14.8116366327 	34.6507633492 	-0.00171091481694 	0
-0.89 	0.278242677824 	1.21646433686e-19 	0.129764728013 	0.000553687156762 	234.364706546 	14.8116366327 	34.6507633492 	-0.00171091481694 	0
-0.89 	0.279707112971 	1.44154118437e-20 	0.129764097689 	0.000553678022601 	234.367434488 	14.8278373369 	34.6499958631 	-0.00171162687684 	0
-0.89 	0.281171548117 	1.69538211987e-19 	0.129764097689 	0.000553678022601 	234.367434488 	14.8278373369 	34.6499958631 	-0.00171162687684 	0
-0.89 	0.282635983264 	-4.59485930767e-19 	0.129764097689 	0.000553678022601 	234.367434488 	14.8278373369 	34.6499958631 	-0.00171162687684 	0
-0.89 	0.28410041841 	-1.66840968653e-18 	0.129763386654 	0.00055366590011 	234.371281721 	14.8434719396 	34.6492586401 	-0.00169856570927 	0
-0.89 	0.285564853556 	3.99202189842e-19 	0.129763386654 	0.00055366590011 	234.371281721 	14.8434719396 	34.6492586401 	-0.00169856570927 	0
-0.89 	0.287029288703 	-4.58328881976e-19 	0.129762552714 	0.000553649464379 	234.376733047 	14.8584975562 	34.6485532691 	-0.00167184253874 	0
-0.89 	0.288493723849 	-5.93929553978e-19 	0.129762552714 	0.000553649464379 	234.376733047 	14.8584975562 	34.6485532691 	-0.00167184253874 	0
-0.89 	0.289958158996 	2.86445163904e-19 	0.129762552714 	0.000553649464379 	234.376733047 	14.8584975562 	34.6485532691 	-0.00167184253874 	0
-0.89 	0.291422594142 	-2.2716162637e-19 	0.129761529307 	0.000553626639561 	234.384547336 	14.8728699543 	34.6478813959 	-0.00163162388294 	0
-0.89 	0.292887029289 	-3.49102598869e-20 	0.129761529307 	0.000553626639561 	234.384547336 	14.8728699543 	34.6478813959 	-0.00163162388294 	0
-0.89 	0.294351464435 	-8.10767434652e-19 	0.129761529307 	0.000553626639561 	234.384547336 	14.8728699543 	34.6478813959 	-0.00163162388294 	0
-0.89 	0.295815899582 	1.80763270288e-19 	0.129760207926 	0.000553594063741 	234.395952603 	14.8865435901 	34.6472447235 	-0.0015781388782 	0
-0.89 	0.297280334728 	4.29559850672e-19 	0.129760207926 	0.000553594063741 	234.395952603 	14.8865435901 	34.6472447235 	-0.0015781388782 	0
-0.89 	0.298744769874 	3.03902648527e-19 	0.129758404741 	0.000553546079325 	234.413013817 	14.8994716686 	34.6466450119 	-0.00151167991192 	0
-0.89 	0.300209205021 	-7.17820102612e-19 	0.129758404741 	0.000553546079325 	234.413013817 	14.8994716686 	34.6466450119 	-0.00151167991192 	0
-0.89 	0.301673640167 	-2.42645496269e-19 	0.129758404741 	0.000553546079325 	234.413013817 	14.8994716686 	34.6466450119 	-0.00151167991192 	0
-0.89 	0.303138075314 	2.31494569721e-19 	0.129755793738 	0.000553472728752 	234.439362588 	14.9116062085 	34.6460840779 	-0.00143260956948 	0
-0.89 	0.30460251046 	-3.80358001302e-20 	0.129755793738 	0.000553472728752 	234.439362588 	14.9116062085 	34.6460840779 	-0.00143260956948 	0
-0.89 	0.306066945607 	6.09311120265e-20 	0.129755793738 	0.000553472728752 	234.439362588 	14.9116062085 	34.6460840779 	-0.00143260956948 	0
-0.89 	0.307531380753 	-8.78678251388e-19 	0.129751764284 	0.000553355533731 	234.481732584 	14.9228981029 	34.6455637952 	-0.00134136450591 	0
-0.89 	0.3089958159 	4.81601554951e-19 	0.129751764284 	0.000553355533731 	234.481732584 	14.9228981029 	34.6455637952 	-0.00134136450591 	0
-0.89 	0.310460251046 	-2.1228783544e-19 	0.129751764284 	0.000553355533731 	234.481732584 	14.9228981029 	34.6455637952 	-0.00134136450591 	0
-0.89 	0.311924686192 	-3.55214966592e-19 	0.129745095837 	0.00055315799296 	234.553414193 	14.9332972425 	34.6450860936 	-0.00123845584883 	0
-0.89 	0.313389121339 	-6.11274234914e-19 	0.129745095837 	0.00055315799296 	234.553414193 	14.9332972425 	34.6450860936 	-0.00123845584883 	0
-0.89 	0.314853556485 	4.46907085431e-19 	0.129745095837 	0.00055315799296 	234.553414193 	14.9332972425 	34.6450860936 	-0.00123845584883 	0
-0.89 	0.316317991632 	8.30367322692e-19 	0.129733162204 	0.000552802667683 	234.682590711 	14.9427525529 	34.6446529617 	-0.00112448353045 	0
-0.89 	0.317782426778 	-1.9927740937e-19 	0.129733162204 	0.000552802667683 	234.682590711 	14.9427525529 	34.6446529617 	-0.00112448353045 	0
-0.89 	0.319246861925 	-6.33049365122e-19 	0.129709911349 	0.000552113240583 	234.933527788 	14.9512121504 	34.6442664488 	-0.00100012561793 	0
-0.89 	0.320711297071 	4.66225557433e-19 	0.129709911349 	0.000552113240583 	234.933527788 	14.9512121504 	34.6442664488 	-0.00100012561793 	0
-0.89 	0.322175732218 	1.69351329275e-19 	0.129709911349 	0.000552113240583 	234.933527788 	14.9512121504 	34.6442664488 	-0.00100012561793 	0
-0.89 	0.323640167364 	3.66458278397e-19 	0.129661114961 	0.000550673920084 	235.458971693 	14.9586234601 	34.6439286663 	-0.000866165176579 	0
-0.89 	0.32510460251 	-1.42330167976e-19 	0.129661114961 	0.000550673920084 	235.458971693 	14.9586234601 	34.6439286663 	-0.000866165176579 	0
-0.89 	0.326569037657 	-4.1210183226e-21 	0.129661114961 	0.000550673920084 	235.458971693 	14.9586234601 	34.6439286663 	-0.000866165176579 	0
-0.89 	0.328033472803 	-1.05991972735e-18 	0.129557650862 	0.0005475970776 	236.593028271 	14.9649334707 	34.6436417494 	-0.00072345373875 	0
-0.89 	0.32949790795 	-3.4918339588e-19 	0.129557650862 	0.0005475970776 	236.593028271 	14.9649334707 	34.6436417494 	-0.00072345373875 	0
-0.89 	0.330962343096 	-1.9927740937e-19 	0.129557650862 	0.0005475970776 	236.593028271 	14.9649334707 	34.6436417494 	-0.00072345373875 	0
-0.89 	0.332426778243 	3.96003541604e-19 	0.129375288764 	0.000542079230035 	238.664906523 	14.9700885389 	34.6434077248 	-0.00057299504821 	0
-0.89 	0.333891213389 	-2.15116221992e-19 	0.129375288764 	0.000542079230035 	238.664906523 	14.9700885389 	34.6434077248 	-0.00057299504821 	0
-0.89 	0.335355648536 	-2.0795102675e-19 	0.129375288764 	0.000542079230035 	238.664906523 	14.9700885389 	34.6434077248 	-0.00057299504821 	0
-0.89 	0.336820083682 	-5.39396950529e-19 	0.129238858776 	0.000538477018513 	240.008123528 	14.9740360597 	34.6432285176 	-0.000415735106038 	0
-0.89 	0.338284518828 	4.54962212672e-19 	0.129238858776 	0.000538477018513 	240.008123528 	14.9740360597 	34.6432285176 	-0.000415735106038 	0
-0.89 	0.339748953975 	-3.55402522208e-19 	0.129238858776 	0.000538477018513 	240.008123528 	14.9740360597 	34.6432285176 	-0.000415735106038 	0
-0.89 	0.341213389121 	2.62456223426e-19 	0.129214292 	0.000538038168731 	240.158225772 	14.976720309 	34.6431035215 	-0.000253191104017 	0
-0.89 	0.342677824268 	4.20660312259e-19 	0.129214292 	0.000538038168731 	240.158225772 	14.976720309 	34.6431035215 	-0.000253191104017 	0
-0.89 	0.344142259414 	4.35838772668e-20 	0.129214292 	0.000538038168731 	240.158225772 	14.976720309 	34.6431035215 	-0.000253191104017 	0
-0.89 	0.345606694561 	-4.25085844464e-19 	0.129211688095 	0.000538004052809 	240.168614754 	14.978092616 	34.6429927185 	-8.48490026652e-05 	0
-0.89 	0.347071129707 	1.84984775538e-19 	0.129211688095 	0.000538004052809 	240.168614754 	14.978092616 	34.6429927185 	-8.48490026652e-05 	0
-0.89 	0.348535564854 	2.56087503074e-19 	0.129211688095 	0.000538004052809 	240.168614754 	14.978092616 	34.6429927185 	-8.48490026652e-05 	0
-0.89 	0.35 	6.03032198269e-19 	0.129211688095 	0.000538004052809 	240.168614754 	14.978092616 	34.6429927185 	-8.48490026652e-05 	0
