0.273 	0.0424686192469 	1.21346611385e-18 	10.1279721296 	0.00014486613541 	67740.6530056 	-338.125652061 	9.34578573997 	-2.767210114 	-2.86767993947e-17
0.273 	0.0439330543933 	1.96159205297e-18 	12.7358722696 	0.000493741822989 	22923.6771028 	-341.537429388 	25.0801393414 	-6.50608944675 	1.29226707782e-17
0.273 	0.0453974895397 	2.68130075687e-18 	7.54843468749 	0.00064054853952 	10053.5208358 	-346.215210676 	33.441328208 	-8.10586997135 	-4.68524597289e-18
0.273 	0.0468619246862 	-1.27677849606e-18 	4.49604926372 	0.00100258223689 	4152.00854319 	-351.14159602 	37.0120032077 	-8.53667720847 	1.18783184185e-17
0.273 	0.0483263598326 	-4.44987329493e-19 	3.62272070417 	0.0012392842461 	2355.51610035 	-355.134440869 	38.5318860305 	-8.55680377171 	8.9793905444e-18
0.273 	0.0497907949791 	2.12735650628e-18 	3.26436579431 	0.00133869526818 	1828.34021207 	-358.167283885 	39.4721779245 	-8.50576156177 	3.24741521392e-19
0.273 	0.0512552301255 	1.95114955324e-19 	2.88696020362 	0.00137220048999 	1520.47353888 	-361.675091396 	40.5143290896 	-8.40408716298 	-6.92017521167e-18
0.273 	0.052719665272 	-1.84131055688e-18 	2.54290584579 	0.00132996045177 	1367.72511379 	-364.209384906 	41.2916281907 	-8.30325573193 	-7.9369923234e-18
0.273 	0.0541841004184 	-1.98366696152e-18 	2.13425611763 	0.00123110491705 	1240.15278875 	-366.462617113 	42.0296549212 	-8.18779138034 	-1.11040129178e-17
0.273 	0.0556485355649 	-1.48465622457e-18 	1.7923888502 	0.00112702306185 	1150.01941112 	-367.944825428 	42.5516667205 	-8.09090045264 	3.57620321416e-18
0.273 	0.0571129707113 	6.83138890886e-19 	1.32745003044 	0.000971514107184 	1035.07854392 	-369.609629557 	43.1839316453 	-7.94471374908 	-4.61169624164e-18
0.273 	0.0585774058577 	-5.57999082302e-19 	1.00149601574 	0.000862626151623 	948.512329567 	-370.601695068 	43.5844341152 	-7.81822616077 	-1.05127347755e-18
0.273 	0.0600418410042 	1.97875334733e-18 	0.620002330959 	0.000718781521922 	809.757602898 	-371.567424086 	43.9516444489 	-7.61557421034 	-9.36398182489e-18
0.273 	0.0615062761506 	2.78330990589e-18 	0.396479478537 	0.000528338015184 	677.597183085 	-372.045755456 	44.0445039478 	-7.43022526964 	-1.02136246641e-17
0.273 	0.0629707112971 	1.34380137472e-18 	0.250604414161 	0.000367963924833 	542.60876743 	-372.284816068 	44.0397498946 	-7.22849274538 	-2.69062173819e-18
0.273 	0.0644351464435 	3.44505314752e-19 	0.17895840867 	0.000285585861633 	445.118180411 	-372.266066718 	44.0410438922 	-7.02607896532 	-9.7052663656e-18
0.273 	0.06589958159 	-6.98340825377e-19 	0.151867727413 	0.000258623482733 	391.784899302 	-371.993534467 	44.0531631003 	-6.82394584561 	-3.95557025111e-19
0.273 	0.0673640167364 	1.05017497063e-18 	0.145320382479 	0.000257584980036 	371.481384053 	-371.672874656 	44.0609209322 	-6.68856318585 	-1.1159557873e-17
0.273 	0.0688284518828 	1.60115458123e-19 	0.142167156941 	0.000267940624101 	351.403757802 	-370.984967352 	44.0687805076 	-6.48424850488 	1.39454337557e-18
0.273 	0.0702928870293 	-1.66382499792e-19 	0.141832026643 	0.000278744666499 	341.095755028 	-370.388597934 	44.070897608 	-6.34724649131 	-2.83935074701e-18
0.273 	0.0717573221757 	-2.11664168232e-18 	0.142224879094 	0.000297834371303 	327.49280558 	-369.287228741 	44.0690200293 	-6.14072455666 	4.23242479348e-18
0.273 	0.0732217573222 	-2.05632852985e-18 	0.142740387875 	0.000311865610015 	319.093100672 	-368.415057698 	44.0643125722 	-6.00248573991 	7.75291384532e-18
0.273 	0.0746861924686 	-1.63091222304e-18 	0.143356799641 	0.000326775505153 	311.055695076 	-367.432708079 	44.0567887668 	-5.86390263698 	-1.02601477751e-18
0.273 	0.0761506276151 	-1.84936652819e-18 	0.144398282355 	0.000350753085011 	299.563151344 	-365.753329435 	44.0401658171 	-5.65558291073 	-2.9956065339e-18
0.273 	0.0776150627615 	1.09233622909e-18 	0.145140492898 	0.000367817963064 	292.240455598 	-364.497202323 	44.0254920705 	-5.51654695408 	-1.18320534732e-19
0.273 	0.0790794979079 	3.15899853355e-19 	0.145900112271 	0.000385830368921 	285.171781048 	-363.132937038 	44.007942746 	-5.37749474853 	-4.66833551679e-18
0.273 	0.0805439330544 	5.22003033785e-19 	0.14665662487 	0.000401706661821 	278.34589454 	-361.66172924 	43.9875200737 	-5.23851909909 	-1.05218393903e-18
0.273 	0.0820083682008 	2.22623697443e-18 	0.14739780628 	0.000421496979399 	271.753657916 	-360.084538544 	43.9642206344 	-5.09972464453 	9.4979046677e-19
0.273 	0.0834728033473 	1.12922794526e-18 	0.148102491676 	0.000442387309397 	265.388259734 	-358.40318894 	43.9381007035 	-4.96121201938 	-1.27792366114e-18
0.273 	0.0849372384937 	1.00769799921e-18 	0.148753801857 	0.000464449920245 	259.244575719 	-356.619405146 	43.909197492 	-4.82308227426 	-1.64185859953e-18
0.273 	0.0864016736402 	2.67215133796e-18 	0.149337791486 	0.000487752618751 	253.3179039 	-354.73515502 	43.8775424162 	-4.68543258065 	-2.78768565082e-18
0.273 	0.0878661087866 	-4.76170938142e-19 	0.149603390678 	0.000503944563901 	250.43485746 	-353.755930232 	43.8606989926 	-4.61682012524 	7.74290115602e-19
0.273 	0.0893305439331 	-5.8235782699e-19 	0.150064168406 	0.000529619196296 	244.828286564 	-351.725286937 	43.8250536062 	-4.48009043204 	1.25221876265e-18
0.273 	0.0907949790795 	3.26773227665e-19 	0.150430831408 	0.000556859064872 	239.432482261 	-349.600129582 	43.7868113329 	-4.34409126337 	-5.24790923204e-19
0.273 	0.0922594142259 	4.40906024611e-19 	0.150577843755 	0.000571103987094 	236.813127087 	-348.502917251 	43.7667346237 	-4.27639651087 	-2.32040837431e-18
0.273 	0.0937238493724 	6.99755754845e-19 	0.150795285566 	0.000600978403334 	231.729916719 	-346.241445615 	43.724695689 	-4.14166713734 	-6.73002351993e-19
0.273 	0.0951882845188 	-1.78013115357e-19 	0.15090614373 	0.000632857558958 	226.851592476 	-343.893027573 	43.680217748 	-4.00790466844 	-3.49599539342e-18
0.273 	0.0966527196653 	-2.95527480349e-19 	0.150920481758 	0.000649604447444 	224.488103694 	-342.687317471 	43.6570806521 	-3.94141417404 	-1.28654646821e-18
0.273 	0.0981171548117 	7.50956146263e-19 	0.150861290365 	0.000685116785507 	219.910176049 	-340.215153254 	43.6090630373 	-3.80928035891 	1.36621948341e-18
0.273 	0.0995815899582 	-4.16035157616e-19 	0.150779461887 	0.000692617863411 	217.695023262 	-338.949331723 	43.5842391363 	-3.74368401514 	-3.87192829349e-18
0.273 	0.101046025105 	3.38926565487e-19 	0.150489800128 	0.000705170262686 	213.409169516 	-336.360964548 	43.532987184 	-3.61345486716 	2.79231147649e-18
0.273 	0.102510460251 	4.04838958867e-19 	0.150276331062 	0.000711073679031 	211.337215106 	-335.039771694 	43.5065757588 	-3.54883110374 	-2.18752228107e-18
0.273 	0.103974895397 	7.0147044324e-19 	0.149692194266 	0.000721990795994 	207.332552016 	-332.345745072 	43.4522717972 	-3.42062196909 	3.54628417345e-18
0.273 	0.105439330544 	2.45710182131e-18 	0.149310647959 	0.000726930993628 	205.398654437 	-330.974057678 	43.4244154791 	-3.35705538768 	-7.85064517137e-19
0.273 	0.10690376569 	-1.25785794472e-19 	0.148861168005 	0.000731470514511 	203.509458074 	-329.586677401 	43.3961128973 	-3.29386082933 	-1.56824197816e-19
0.273 	0.108368200837 	9.67749138914e-19 	0.147728498422 	0.000739153920367 	199.861617928 	-326.767188132 	43.3382460402 	-3.16862535588 	7.90647209387e-19
0.273 	0.109832635983 	7.69689356573e-19 	0.147026200202 	0.000742180246417 	198.100395303 	-325.33629282 	43.3087253199 	-3.10660320143 	4.22967190328e-19
0.273 	0.11129707113 	-9.41847670247e-20 	0.146215541405 	0.000744558878296 	196.378749442 	-323.892125378 	43.2788541678 	-3.04499143048 	-1.52400570912e-18
0.273 	0.112761506276 	-1.2292906596e-18 	0.144198105262 	0.000746938574343 	193.05216013 	-320.966524301 	43.2183063932 	-2.92304751091 	2.23500517629e-18
0.273 	0.114225941423 	-6.63063759508e-19 	0.14295905114 	0.000746704123361 	191.453410617 	-319.486381655 	43.1878271627 	-2.86274163888 	-2.28870874725e-18
0.273 	0.115690376569 	-7.05059348637e-19 	0.141556837007 	0.000745401838555 	189.906745175 	-317.995540743 	43.1573223867 	-2.80288926612 	-1.76057435227e-18
0.273 	0.117154811715 	-1.46278042637e-18 	0.139996889701 	0.000743012495464 	188.417947955 	-316.494657172 	43.1267282308 	-2.74348466484 	9.58383298843e-20
0.273 	0.118619246862 	-1.45828682193e-18 	0.136466869136 	0.000735248262451 	185.606517017 	-313.465501215 	43.0642552729 	-2.62598044268 	-5.64422936803e-19
0.273 	0.120083682008 	-4.26984914408e-19 	0.134544405739 	0.000730162396559 	184.266413025 	-311.938665069 	43.0318910037 	-2.56787936461 	2.36235078993e-19
0.273 	0.121548117155 	6.06414882171e-19 	0.132558055337 	0.000724529396463 	182.957456225 	-310.404639552 	42.9987500788 	-2.51022409584 	-3.54148054348e-21
0.273 	0.123012552301 	8.13596271713e-19 	0.130542542409 	0.000718549967988 	181.674967956 	-308.864165903 	42.9650245047 	-2.45302554213 	-7.31839297364e-19
0.273 	0.124476987448 	1.04758935149e-18 	0.128530561845 	0.000712401919216 	180.418606938 	-307.317986889 	42.9309222795 	-2.39629279925 	-1.76693287637e-19
0.273 	0.125941422594 	-2.16521706766e-19 	0.12654852578 	0.000706223895037 	179.190376692 	-305.766850747 	42.8965754773 	-2.34003340963 	1.40804798564e-18
0.273 	0.127405857741 	5.41330841376e-19 	0.124614648085 	0.00070011128992 	177.992627572 	-304.211514701 	42.8620366897 	-2.28425365211 	-1.23012663837e-18
0.273 	0.128870292887 	3.82660494285e-20 	0.122739550218 	0.000694122129038 	176.82702378 	-302.65274663 	42.8273199722 	-2.22895836966 	1.40422995976e-18
0.273 	0.130334728033 	1.48055775788e-19 	0.119182194903 	0.000682621757017 	174.59477914 	-299.528039684 	42.7573957491 	-2.11983434879 	-1.01614073826e-18
0.273 	0.13179916318 	1.4395596544e-18 	0.117500979036 	0.000677129687023 	173.528027626 	-297.96368838 	42.722223277 	-2.06601042766 	-7.1362314865e-19
0.273 	0.133263598326 	-1.84738749494e-20 	0.115883187998 	0.000671811349052 	172.493644475 	-296.399078726 	42.6869379148 	-2.01268118241 	1.96279043299e-18
0.273 	0.134728033473 	-4.53021229218e-19 	0.114327001578 	0.000666664482398 	171.491064241 	-294.835026447 	42.6515603741 	-1.95984815639 	-2.47053796123e-18
0.273 	0.136192468619 	-1.27788201923e-18 	0.112830449507 	0.000661685814856 	170.519674101 	-293.272355424 	42.6161113656 	-1.90751249021 	1.85962249481e-18
0.273 	0.137656903766 	7.85571146759e-19 	0.111391537871 	0.000656871671123 	169.578842821 	-291.711897519 	42.5806118188 	-1.85567489957 	-6.47512972411e-19
0.273 	0.139121338912 	3.33674662526e-19 	0.11000830415 	0.000652218243481 	168.667934774 	-290.154492495 	42.5450829496 	-1.8043356724 	-3.21859510932e-20
0.273 	0.140585774059 	7.14444857888e-19 	0.108678838863 	0.000647721705088 	167.786316267 	-288.600987932 	42.509546253 	-1.75349466797 	6.57471107761e-19
0.273 	0.142050209205 	6.22502338169e-19 	0.107401292802 	0.000643378255402 	166.933358254 	-287.05223918 	42.4740234898 	-1.70315131305 	1.04234364179e-18
0.273 	0.143514644351 	-5.36295666513e-19 	0.106173878527 	0.000639184138383 	166.108437539 	-285.50910934 	42.4385366825 	-1.65330459693 	-6.3035240075e-19
0.273 	0.144979079498 	8.52681077676e-19 	0.106173878527 	0.000639184138383 	166.108437539 	-285.50910934 	42.4385366825 	-1.65330459693 	-6.3035240075e-19
0.273 	0.146443514644 	-5.68073746119e-19 	0.104994869774 	0.000635135650627 	165.310937388 	-283.972469274 	42.4031081146 	-1.60395306649 	-1.90386621804e-18
0.273 	0.147907949791 	2.98708745096e-19 	0.103862600158 	0.000631229145818 	164.540247938 	-282.443197637 	42.36776033 	-1.55509482138 	9.79013901239e-19
0.273 	0.149372384937 	-3.24268755508e-19 	0.10277546168 	0.000627461037873 	163.795766552 	-280.922180941 	42.3325161329 	-1.50672750912 	-1.25897387168e-18
0.273 	0.150836820084 	7.74452507906e-19 	0.101731903179 	0.000623827803459 	163.076898169 	-279.410313662 	42.2973985886 	-1.45884832006 	2.00366152488e-18
0.273 	0.15230125523 	8.73672728505e-20 	0.100730428816 	0.000620325984181 	162.383055659 	-277.908498364 	42.2624310249 	-1.41145398221 	-8.09576734491e-19
0.273 	0.153765690377 	-8.89288207041e-19 	0.0997695965678 	0.000616952188481 	161.7136602 	-276.417645876 	42.2276370338 	-1.36454075577 	8.12342430682e-19
0.273 	0.155230125523 	-2.17956787099e-19 	0.0988480167766 	0.000613703093353 	161.068141659 	-274.938675496 	42.1930404748 	-1.31810442768 	3.06650318193e-19
0.273 	0.156694560669 	1.23776788171e-19 	0.0979643507165 	0.000610575445832 	160.445938967 	-273.47251524 	42.1586654782 	-1.27214030551 	-1.2770240008e-18
0.273 	0.158158995816 	9.56428908846e-21 	0.0979643507165 	0.000610575445832 	160.445938967 	-273.47251524 	42.1586654782 	-1.27214030551 	-1.2770240008e-18
0.273 	0.159623430962 	1.78774614414e-18 	0.0971173092208 	0.000607566064375 	159.846500513 	-272.020102132 	42.1245364505 	-1.22664321148 	-2.64753817394e-19
0.273 	0.161087866109 	-1.03117341057e-18 	0.0963056513489 	0.000604671840078 	159.269284537 	-270.582382541 	42.0906780794 	-1.18160747591 	-7.14732806782e-19
0.273 	0.162552301255 	1.02889347177e-18 	0.0955281831053 	0.000601889737773 	158.713759531 	-269.160312567 	42.0571153411 	-1.13702693019 	8.10665195146e-19
0.273 	0.164016736402 	7.85155996691e-19 	0.0947837562085 	0.000599216796992 	158.179404657 	-267.754858474 	42.023873508 	-1.0928948996 	1.44313562283e-18
0.273 	0.165481171548 	-2.67839958168e-19 	0.0947837562085 	0.000599216796992 	158.179404657 	-267.754858474 	42.023873508 	-1.0928948996 	1.44313562283e-18
0.273 	0.166945606695 	-2.68122847254e-19 	0.0940712669168 	0.000596650132817 	157.665710175 	-266.366997179 	41.9909781577 	-1.04920419512 	3.78981115624e-19
0.273 	0.168410041841 	6.85003377596e-19 	0.0933896549028 	0.000594186936615 	157.172177892 	-264.997716805 	41.9584551836 	-1.00594710526 	-1.74113293571e-18
0.273 	0.169874476987 	6.79789074027e-19 	0.0927379021912 	0.00059182447674 	156.698321607 	-263.648017282 	41.9263308064 	-0.963115386571 	-9.65617826332e-20
0.273 	0.171338912134 	4.53759680161e-21 	0.0921150321536 	0.000589560099267 	156.243667555 	-262.318911021 	41.8946315872 	-0.920700254083 	1.54214054558e-18
0.273 	0.17280334728 	1.400207392e-19 	0.0921150321536 	0.000589560099267 	156.243667555 	-262.318911021 	41.8946315872 	-0.920700254083 	1.54214054558e-18
0.273 	0.174267782427 	-5.09048631317e-19 	0.0915201085794 	0.000587391228931 	155.807754818 	-261.011423652 	41.8633844421 	-0.878692370344 	-1.24502848969e-18
0.273 	0.175732217573 	1.73021222712e-19 	0.0909522348244 	0.000585315370402 	155.390135683 	-259.726594837 	41.8326166582 	-0.837081834192 	4.26915100722e-19
0.273 	0.17719665272 	-5.79238142322e-19 	0.0909522348244 	0.000585315370402 	155.390135683 	-259.726594837 	41.8326166582 	-0.837081834192 	4.26915100722e-19
0.273 	0.178661087866 	-1.16040585493e-18 	0.0904105530415 	0.000583330110009 	154.99037593 	-258.465479149 	41.802355912 	-0.795858167586 	-6.03408091395e-19
0.273 	0.180125523013 	3.43812517304e-19 	0.0898942434969 	0.000581433117899 	154.608055045 	-257.229147056 	41.7726302882 	-0.755010303161 	8.92478203581e-19
0.273 	0.181589958159 	2.12591548906e-19 	0.0894025239404 	0.000579622150375 	154.2427664 	-256.018685938 	41.7434683019 	-0.714526567334 	-9.79207910843e-19
0.273 	0.183054393305 	2.69768678092e-19 	0.0894025239404 	0.000579622150375 	154.2427664 	-256.018685938 	41.7434683019 	-0.714526567334 	-9.79207910843e-19
0.273 	0.184518828452 	-8.55395375285e-19 	0.0889346490083 	0.000577895051958 	153.894117465 	-254.835201285 	41.7148989215 	-0.674394668002 	5.27080064291e-19
0.273 	0.185983263598 	5.90996162648e-19 	0.088489909733 	0.000576249755711 	153.56173058 	-253.67981784 	41.6869515949 	-0.63460167039 	-1.25011398111e-19
0.273 	0.187447698745 	6.49897792937e-19 	0.088489909733 	0.000576249755711 	153.56173058 	-253.67981784 	41.6869515949 	-0.63460167039 	-1.25011398111e-19
0.273 	0.188912133891 	1.071891783e-18 	0.0880676331153 	0.000574684248599 	153.245253076 	-252.553681087 	41.659656276 	-0.595133989538 	3.6650104717e-19
0.273 	0.190376569038 	5.99504380905e-19 	0.0876671823592 	0.000573196660156 	152.944335606 	-251.457958445 	41.6330434555 	-0.555977349867 	3.1688417853e-19
0.273 	0.191841004184 	4.8467747645e-19 	0.0876671823592 	0.000573196660156 	152.944335606 	-251.457958445 	41.6330434555 	-0.555977349867 	3.1688417853e-19
0.273 	0.193305439331 	-6.91441040932e-19 	0.0872879566715 	0.000571785233002 	152.658641101 	-250.393841244 	41.6071441918 	-0.5171167962 	-5.64104692253e-19
0.273 	0.194769874477 	-7.68621073694e-19 	0.0869293901275 	0.00057044831108 	152.387847311 	-249.362545682 	41.5819901517 	-0.478536611945 	3.0235433411e-19
0.273 	0.196234309623 	2.23899092977e-20 	0.0869293901275 	0.00057044831108 	152.387847311 	-249.362545682 	41.5819901517 	-0.478536611945 	3.0235433411e-19
0.273 	0.19769874477 	-8.06782462823e-19 	0.0865909514415 	0.000569184328598 	152.131650664 	-248.365315884 	41.5576136404 	-0.440220392138 	3.29942459872e-19
0.273 	0.199163179916 	1.81006310166e-19 	0.0862721438319 	0.000567991806769 	151.889768134 	-247.403423643 	41.534047653 	-0.40215083937 	-1.66541760978e-19
0.273 	0.200627615063 	5.966036551e-19 	0.0862721438319 	0.000567991806769 	151.889768134 	-247.403423643 	41.534047653 	-0.40215083937 	-1.66541760978e-19
0.273 	0.202092050209 	8.95757452544e-19 	0.0859725059741 	0.000566869360791 	151.661938218 	-246.478174304 	41.5113258983 	-0.364310036257 	2.75388792846e-19
0.273 	0.203556485356 	1.57433305324e-18 	0.0856916114002 	0.000565815702833 	151.447920182 	-245.590902593 	41.489482881 	-0.326678891393 	-6.65857122518e-19
0.273 	0.205020920502 	1.08303206407e-19 	0.0856916114002 	0.000565815702833 	151.447920182 	-245.590902593 	41.489482881 	-0.326678891393 	-6.65857122518e-19
0.273 	0.206485355649 	-9.89546452524e-19 	0.0854290704733 	0.000564829653496 	151.247495496 	-244.742985512 	41.4685538866 	-0.289237973478 	2.29021786462e-19
0.273 	0.207949790795 	-1.75325208571e-19 	0.0854290704733 	0.000564829653496 	151.247495496 	-244.742985512 	41.4685538866 	-0.289237973478 	2.29021786462e-19
0.273 	0.209414225941 	-3.31240123925e-19 	0.085184528327 	0.000563910137254 	151.060466375 	-243.935828091 	41.4485751593 	-0.251966032957 	-2.14322286553e-19
0.273 	0.210878661088 	5.51852821974e-20 	0.0849576696278 	0.0005630562019 	150.886659877 	-243.170892416 	41.4295837258 	-0.214842283956 	-1.25544237477e-19
0.273 	0.212343096234 	4.37930030257e-19 	0.0849576696278 	0.0005630562019 	150.886659877 	-243.170892416 	41.4295837258 	-0.214842283956 	-1.25544237477e-19
0.273 	0.213807531381 	1.46775355233e-19 	0.0847482131121 	0.000562267 	150.725924004 	-242.449660909 	41.4116178951 	-0.177842688668 	2.5868725395e-19
0.273 	0.215271966527 	-3.01059383929e-19 	0.0847482131121 	0.000562267 	150.725924004 	-242.449660909 	41.4116178951 	-0.177842688668 	2.5868725395e-19
0.273 	0.216736401674 	-6.95562871265e-19 	0.0845559219833 	0.000561541827979 	150.578136428 	-241.773696316 	41.3947165121 	-0.14094547802 	-2.8458440499e-19
0.273 	0.21820083682 	-1.21112275025e-19 	0.0843805919807 	0.000560880083045 	150.443195491 	-241.144569287 	41.3789204987 	-0.104123019421 	5.72070954998e-19
0.273 	0.219665271967 	2.25465748107e-19 	0.0843805919807 	0.000560880083045 	150.443195491 	-241.144569287 	41.3789204987 	-0.104123019421 	5.72070954998e-19
0.273 	0.221129707113 	-3.23786790925e-19 	0.0842220701372 	0.000560281332064 	150.321035732 	-240.563952786 	41.364270344 	-0.0673527719648 	-1.56959938225e-19
0.273 	0.222594142259 	-3.6470917006e-20 	0.0842220701372 	0.000560281332064 	150.321035732 	-240.563952786 	41.364270344 	-0.0673527719648 	-1.56959938225e-19
0.273 	0.224058577406 	2.40285198553e-19 	0.0840802355476 	0.000559745240904 	150.211613076 	-240.033535265 	41.3508105652 	-0.0306032804863 	-2.77822445035e-19
0.273 	0.225523012552 	1.43948320595e-19 	0.0840802355476 	0.000559745240904 	150.211613076 	-240.033535265 	41.3508105652 	-0.0306032804863 	-2.77822445035e-19
0.273 	0.226987447699 	-3.26319947489e-19 	0.0839550236106 	0.000559271662014 	150.114925023 	-239.555080816 	41.338582627 	0.00615000790223 	9.8258527876e-20
0.273 	0.228451882845 	-1.0456817818e-19 	0.0838464098867 	0.000558860574354 	150.030998311 	-239.130479036 	41.3276363635 	0.0429398676915 	-5.79178767423e-20
0.273 	0.229916317992 	4.48422672447e-19 	0.0838464098867 	0.000558860574354 	150.030998311 	-239.130479036 	41.3276363635 	0.0429398676915 	-5.79178767423e-20
0.273 	0.231380753138 	-1.56582355505e-19 	0.0837544161575 	0.000558512101267 	149.959895171 	-238.761479877 	41.3180126575 	0.0797993843744 	3.55693852732e-19
0.273 	0.232845188285 	-2.87116437858e-19 	0.0837544161575 	0.000558512101267 	149.959895171 	-238.761479877 	41.3180126575 	0.0797993843744 	3.55693852732e-19
0.273 	0.234309623431 	-1.53400980131e-19 	0.0836791449445 	0.000558226636173 	149.901741555 	-238.450403998 	41.3097696089 	0.116751000481 	6.09965496262e-20
0.273 	0.235774058577 	-5.03901526034e-19 	0.0836791449445 	0.000558226636173 	149.901741555 	-238.450403998 	41.3097696089 	0.116751000481 	6.09965496262e-20
0.273 	0.237238493724 	-1.08389612743e-18 	0.0836206810508 	0.000558004469817 	149.85665093 	-238.198662408 	41.3029445642 	0.153857978053 	-6.8543872107e-19
0.273 	0.23870292887 	2.34687830353e-20 	0.0836206810508 	0.000558004469817 	149.85665093 	-238.198662408 	41.3029445642 	0.153857978053 	-6.8543872107e-19
0.273 	0.240167364017 	2.43745251842e-19 	0.0835793246621 	0.000557846646614 	149.824911863 	-238.009572857 	41.297608565 	0.191097057448 	-5.18635599835e-20
0.273 	0.241631799163 	5.68187672253e-19 	0.0835793246621 	0.000557846646614 	149.824911863 	-238.009572857 	41.297608565 	0.191097057448 	-5.18635599835e-20
0.273 	0.24309623431 	3.94694049266e-19 	0.0835551525672 	0.000557753326541 	149.806641379 	-237.883386617 	41.2937915409 	0.228620131803 	3.88934034466e-19
0.273 	0.244560669456 	9.82803635938e-19 	0.0835551525672 	0.000557753326541 	149.806641379 	-237.883386617 	41.2937915409 	0.228620131803 	3.88934034466e-19
0.273 	0.246025104603 	2.36236871085e-19 	0.0835487998165 	0.000557726661467 	149.802413241 	-237.825719054 	41.2915751861 	0.266267927122 	-1.798102707e-19
0.273 	0.247489539749 	3.5658683911e-19 	0.0835487998165 	0.000557726661467 	149.802413241 	-237.825719054 	41.2915751861 	0.266267927122 	-1.798102707e-19
0.273 	0.248953974895 	2.71369861759e-19 	0.0835601557081 	0.000557765947198 	149.812221646 	-237.833786178 	41.2909884695 	0.304419267037 	-1.15246327462e-20
0.273 	0.250418410042 	1.46704992504e-19 	0.0835601557081 	0.000557765947198 	149.812221646 	-237.833786178 	41.2909884695 	0.304419267037 	-1.15246327462e-20
0.273 	0.251882845188 	8.29618260779e-19 	0.0835905702033 	0.000557875736989 	149.837257047 	-237.918319926 	41.2921416932 	0.342572296393 	6.5458003373e-20
0.273 	0.253347280335 	2.6642191337e-19 	0.0835905702033 	0.000557875736989 	149.837257047 	-237.918319926 	41.2921416932 	0.342572296393 	6.5458003373e-20
0.273 	0.254811715481 	6.09868657644e-19 	0.0836392589769 	0.000558052526489 	149.877036671 	-238.069470863 	41.2950243786 	0.381644506315 	8.74061621091e-20
0.273 	0.256276150628 	-7.38891749996e-20 	0.0836392589769 	0.000558052526489 	149.877036671 	-238.069470863 	41.2950243786 	0.381644506315 	8.74061621091e-20
0.273 	0.257740585774 	-6.30919384649e-21 	0.0837088664236 	0.000558305184232 	149.933887035 	-238.30896129 	41.2998211693 	0.420332142218 	-8.36745364637e-20
0.273 	0.259205020921 	1.3599267145e-19 	0.0837088664236 	0.000558305184232 	149.933887035 	-238.30896129 	41.2998211693 	0.420332142218 	-8.36745364637e-20
0.273 	0.260669456067 	-4.81219058592e-19 	0.0837972511119 	0.000558624563283 	150.006384645 	-238.611577891 	41.3064084661 	0.460758141512 	6.77531012474e-20
0.273 	0.262133891213 	-5.90876571177e-19 	0.0837972511119 	0.000558624563283 	150.006384645 	-238.611577891 	41.3064084661 	0.460758141512 	6.77531012474e-20
0.273 	0.26359832636 	-5.02677409162e-19 	0.083909466172 	0.000559027433616 	150.099013262 	-239.02181727 	41.3151549374 	0.499862626412 	-3.36437259641e-19
0.273 	0.265062761506 	-6.06509609428e-19 	0.083909466172 	0.000559027433616 	150.099013262 	-239.02181727 	41.3151549374 	0.499862626412 	-3.36437259641e-19
0.273 	0.266527196653 	-2.44221970418e-19 	0.0840405039334 	0.000559492706098 	150.208399533 	-239.482752138 	41.3256894918 	0.542329025493 	4.50922743439e-20
0.273 	0.267991631799 	-2.43847065936e-19 	0.0840405039334 	0.000559492706098 	150.208399533 	-239.482752138 	41.3256894918 	0.542329025493 	4.50922743439e-20
0.273 	0.269456066946 	4.13112321353e-19 	0.0840405039334 	0.000559492706098 	150.208399533 	-239.482752138 	41.3256894918 	0.542329025493 	4.50922743439e-20
0.273 	0.270920502092 	7.0178444754e-20 	0.0841998000952 	0.000560051003572 	150.343092965 	-240.084281524 	41.3387570518 	0.581445072009 	-1.27213570669e-20
0.273 	0.272384937238 	1.03590721533e-18 	0.0841998000952 	0.000560051003572 	150.343092965 	-240.084281524 	41.3387570518 	0.581445072009 	-1.27213570669e-20
0.273 	0.273849372385 	-5.24312777232e-19 	0.084376830418 	0.00056065762138 	150.496180201 	-240.707063119 	41.3534585204 	0.627081294204 	-2.51159549747e-20
0.273 	0.275313807531 	-1.19032304881e-18 	0.084376830418 	0.00056065762138 	150.496180201 	-240.707063119 	41.3534585204 	0.627081294204 	-2.51159549747e-20
0.273 	0.276778242678 	8.89899639666e-20 	0.0845884138699 	0.000561364370485 	150.683617125 	-241.527694801 	41.3713077003 	0.665275866023 	5.81875503056e-20
0.273 	0.278242677824 	1.64473545581e-19 	0.0845884138699 	0.000561364370485 	150.683617125 	-241.527694801 	41.3713077003 	0.665275866023 	5.81875503056e-20
0.273 	0.279707112971 	-1.45620979188e-19 	0.0848132861256 	0.000562077944518 	150.892393044 	-242.310144446 	41.3903506995 	0.71595420995 	-1.22801507807e-20
0.273 	0.281171548117 	-4.52595716548e-19 	0.0848132861256 	0.000562077944518 	150.892393044 	-242.310144446 	41.3903506995 	0.71595420995 	-1.22801507807e-20
0.273 	0.282635983264 	8.73789417501e-19 	0.0848132861256 	0.000562077944518 	150.892393044 	-242.310144446 	41.3903506995 	0.71595420995 	-1.22801507807e-20
0.273 	0.28410041841 	-3.89106426455e-19 	0.085077109134 	0.00056286483621 	151.15015837 	-243.387782272 	41.4135539187 	0.751406507949 	4.64104014878e-20
0.273 	0.285564853556 	-1.60848620919e-19 	0.085077109134 	0.00056286483621 	151.15015837 	-243.387782272 	41.4135539187 	0.751406507949 	4.64104014878e-20
0.273 	0.287029288703 	-7.21216507872e-20 	0.0853294856524 	0.0005634960489 	151.42872043 	-244.320270049 	41.4370328199 	0.810139001738 	7.10371014542e-20
0.273 	0.288493723849 	-5.75471552899e-19 	0.0853294856524 	0.0005634960489 	151.42872043 	-244.320270049 	41.4370328199 	0.810139001738 	7.10371014542e-20
0.273 	0.289958158996 	2.9949061949e-20 	0.0855741015757 	0.000563902480581 	151.753369639 	-245.704545982 	41.466168329 	0.839714592623 	-8.76685023985e-20
0.273 	0.291422594142 	-3.90614477564e-19 	0.0855741015757 	0.000563902480581 	151.753369639 	-245.704545982 	41.466168329 	0.839714592623 	-8.76685023985e-20
0.273 	0.292887029289 	1.11067202422e-18 	0.0855741015757 	0.000563902480581 	151.753369639 	-245.704545982 	41.466168329 	0.839714592623 	-8.76685023985e-20
0.273 	0.294351464435 	3.60601980057e-19 	0.0856541435631 	0.000563381696848 	152.035722925 	-246.770105561 	41.4942314209 	0.91110919479 	5.81170990583e-20
0.273 	0.295815899582 	6.25759241883e-19 	0.0856541435631 	0.000563381696848 	152.035722925 	-246.770105561 	41.4942314209 	0.91110919479 	5.81170990583e-20
0.273 	0.297280334728 	-1.91770716007e-19 	0.0855446697882 	0.000561611420294 	152.320032494 	-248.558338129 	41.5312490042 	0.92963967836 	3.8418281339e-20
0.273 	0.298744769874 	-4.23578949556e-19 	0.0855446697882 	0.000561611420294 	152.320032494 	-248.558338129 	41.5312490042 	0.92963967836 	3.8418281339e-20
0.273 	0.300209205021 	4.82188888667e-20 	0.0855446697882 	0.000561611420294 	152.320032494 	-248.558338129 	41.5312490042 	0.92963967836 	3.8418281339e-20
0.273 	0.301673640167 	6.98990941443e-21 	0.0852060585717 	0.000558063360134 	152.681692902 	-249.720685099 	41.5638403386 	1.02058880204 	-2.20822662491e-20
0.273 	0.303138075314 	3.17777920808e-19 	0.0852060585717 	0.000558063360134 	152.681692902 	-249.720685099 	41.5638403386 	1.02058880204 	-2.20822662491e-20
0.273 	0.30460251046 	7.42801730815e-19 	0.0847046087146 	0.000552379952944 	153.34482771 	-251.954106904 	41.6082687312 	1.02028103009 	-3.66066743549e-20
0.273 	0.306066945607 	5.57108601197e-19 	0.0847046087146 	0.000552379952944 	153.34482771 	-251.954106904 	41.6082687312 	1.02028103009 	-3.66066743549e-20
0.273 	0.307531380753 	2.21235817174e-18 	0.0847046087146 	0.000552379952944 	153.34482771 	-251.954106904 	41.6082687312 	1.02028103009 	-3.66066743549e-20
0.273 	0.3089958159 	8.78726978344e-19 	0.08431821605 	0.000544921326264 	154.734659823 	-253.186722281 	41.646226517 	1.14016774341 	-9.23056503602e-20
0.273 	0.310460251046 	-4.22479057779e-20 	0.08431821605 	0.000544921326264 	154.734659823 	-253.186722281 	41.646226517 	1.14016774341 	-9.23056503602e-20
0.273 	0.311924686192 	9.22201557598e-20 	0.0838474946824 	0.000535372809327 	156.615153444 	-256.044809808 	41.7021354272 	1.11030296948 	6.95092058831e-20
0.273 	0.313389121339 	-1.81500118137e-20 	0.0838474946824 	0.000535372809327 	156.615153444 	-256.044809808 	41.7021354272 	1.11030296948 	6.95092058831e-20
0.273 	0.314853556485 	-5.42760282579e-19 	0.0838474946824 	0.000535372809327 	156.615153444 	-256.044809808 	41.7021354272 	1.11030296948 	6.95092058831e-20
0.273 	0.316317991632 	4.77240887426e-19 	0.0832069145551 	0.000525162466211 	158.4403302 	-257.393270069 	41.7472586621 	1.27186826696 	2.29036445139e-21
0.273 	0.317782426778 	7.42640847011e-19 	0.0832069145551 	0.000525162466211 	158.4403302 	-257.393270069 	41.7472586621 	1.27186826696 	2.29036445139e-21
0.273 	0.319246861925 	-5.3532939005e-19 	0.0832069145551 	0.000525162466211 	158.4403302 	-257.393270069 	41.7472586621 	1.27186826696 	2.29036445139e-21
0.273 	0.320711297071 	1.28537541333e-19 	0.082342988173 	0.000516873510675 	159.309746916 	-261.007829496 	41.7488290086 	1.1993892278 	1.37201754961e-19
0.273 	0.322175732218 	1.40439153627e-18 	0.082342988173 	0.000516873510675 	159.309746916 	-261.007829496 	41.7488290086 	1.1993892278 	1.37201754961e-19
0.273 	0.323640167364 	1.55067681949e-19 	0.0823181359443 	0.000513261817392 	160.382349037 	-262.693993801 	41.7141461013 	1.4155841104 	-2.04252568329e-20
0.273 	0.32510460251 	-8.69418431298e-19 	0.0823181359443 	0.000513261817392 	160.382349037 	-262.693993801 	41.7141461013 	1.4155841104 	-2.04252568329e-20
0.273 	0.326569037657 	1.40694636693e-18 	0.0823181359443 	0.000513261817392 	160.382349037 	-262.693993801 	41.7141461013 	1.4155841104 	-2.04252568329e-20
0.273 	0.328033472803 	6.01442853298e-19 	0.0826751329797 	0.000513167198528 	161.107594595 	-286.427801871 	41.6246680157 	1.00818823182 	2.82977656149e-20
0.273 	0.32949790795 	6.10677166589e-19 	0.0826751329797 	0.000513167198528 	161.107594595 	-286.427801871 	41.6246680157 	1.00818823182 	2.82977656149e-20
0.273 	0.330962343096 	6.46221911791e-19 	0.0826751329797 	0.000513167198528 	161.107594595 	-286.427801871 	41.6246680157 	1.00818823182 	2.82977656149e-20
