0.546 	0 	0 	4.46542756585 	3.28548337094e-05 	130985.010746 	7.60119946608 	14.2553226344 	0.0012813727095 	-3.61298667915e-22
0.546 	0.00146443514644 	-1.05393211912e-18 	5.8443895579 	0.00075706027854 	7719.84704991 	7.58768398495 	24.7216017383 	0.00316360180008 	1.12170196602e-22
0.546 	0.00292887029289 	8.99992409223e-19 	6.27967814023 	0.00151518082439 	4144.50740079 	7.52776639632 	26.9132885673 	-0.0115727270671 	-3.615050487e-23
0.546 	0.00439330543933 	1.11607798935e-18 	6.39213932406 	0.00186381644672 	3429.59701601 	7.4624750964 	28.2751140178 	-0.0282810448455 	3.15138484285e-22
0.546 	0.00585774058577 	3.4318495652e-19 	6.06860529313 	0.0019612789851 	3094.20808525 	7.38322662491 	29.5638913678 	-0.044959146525 	4.88248168639e-22
0.546 	0.00732217573222 	1.43914023844e-18 	5.21936630537 	0.00185284984229 	2816.93971429 	7.28340693673 	30.8252138337 	-0.0594519363204 	9.31567536647e-22
0.546 	0.00878661087866 	-6.84057175117e-19 	3.8869912265 	0.00154741590506 	2511.9240495 	7.15624871844 	32.0400044404 	-0.0704826758835 	1.47081087101e-21
0.546 	0.0102510460251 	2.37809106178e-19 	2.63054327161 	0.00117062959924 	2247.11836546 	7.03024990793 	32.948693474 	-0.0765620038463 	7.02426313523e-21
0.546 	0.0117154811715 	-3.6320365253e-18 	1.415617299 	0.000751230298379 	1884.39856866 	6.87799629759 	33.7299014182 	-0.0811484123545 	-2.7365460755e-21
0.546 	0.013179916318 	5.14857015649e-19 	0.571865278344 	0.000457503362118 	1249.96956459 	6.69511727417 	34.2279508661 	-0.0872100406659 	-1.61496761485e-21
0.546 	0.0146443514644 	2.77235691674e-20 	0.30317945168 	0.000414490953123 	731.450106198 	6.48018854796 	34.4037371881 	-0.0966823554485 	-1.04715749587e-21
0.546 	0.0161087866109 	1.13528816548e-18 	0.256754087251 	0.000432394838148 	593.795449433 	6.29926581174 	34.4593754931 	-0.104886781876 	-6.9517934063e-22
0.546 	0.0175732217573 	3.84559267975e-18 	0.237431860868 	0.000450540617897 	526.993241978 	6.03079400378 	34.5153767139 	-0.116583119087 	4.24153213502e-21
0.546 	0.0190376569038 	3.83646728191e-18 	0.23067168018 	0.000460683380536 	500.716305225 	5.8073371026 	34.5525940245 	-0.125870698058 	3.43878847608e-21
0.546 	0.0205020920502 	1.48516947731e-18 	0.225771806408 	0.000469406844573 	480.972548694 	5.56339488526 	34.5867036655 	-0.135592228917 	6.57654958879e-21
0.546 	0.0219665271967 	3.01255505017e-18 	0.221808543993 	0.000477592592063 	464.430453234 	5.29752333121 	34.6178837034 	-0.145732570151 	1.93774519435e-21
0.546 	0.0234309623431 	-1.55426620255e-18 	0.218522487915 	0.000485928146464 	449.701235677 	5.00822369678 	34.6464015897 	-0.156266385262 	-5.88599494588e-21
0.546 	0.0248953974895 	3.69379244269e-18 	0.215811813235 	0.000494869405215 	436.098516015 	4.6939424813 	34.6726497015 	-0.167160150327 	-9.93932240184e-22
0.546 	0.026359832636 	6.3569088191e-19 	0.214292265621 	0.000501304397855 	427.469351033 	4.46975069784 	34.6891112589 	-0.174603190367 	-7.74305866368e-21
0.546 	0.0278242677824 	-3.18478366888e-19 	0.212405099446 	0.000511787277731 	415.026142087 	4.11023050148 	34.7125925159 	-0.186005711156 	-1.5109533002e-21
0.546 	0.0292887029289 	-1.04707826229e-19 	0.210946702462 	0.000523348066126 	403.071523744 	3.72131653341 	34.735019199 	-0.197650099901 	7.58806650347e-21
0.546 	0.0307531380753 	-8.43420868605e-19 	0.210190789539 	0.000531681032028 	395.332496134 	3.44484861341 	34.7495923859 	-0.205520842796 	4.78490092055e-21
0.546 	0.0322175732218 	-3.2881592063e-19 	0.2095929348 	0.000540524983026 	387.758089601 	3.15401058534 	34.7639974619 	-0.213457541199 	-4.4585971846e-22
0.546 	0.0336820083682 	3.43680920603e-18 	0.208963679462 	0.000554756030017 	376.67671581 	2.68963226786 	34.7855183464 	-0.225444819157 	-3.32319480941e-22
0.546 	0.0351464435146 	-2.68322921992e-19 	0.208702463272 	0.000564884392675 	369.460487807 	2.36050377687 	34.7999452997 	-0.233461478961 	-1.7748451642e-21
0.546 	0.0366108786611 	1.74751867369e-18 	0.208551003901 	0.000575517803487 	362.371072861 	2.01509806625 	34.8145335056 	-0.241472899344 	8.57222563507e-22
0.546 	0.0380753138075 	2.11193615628e-18 	0.208494149865 	0.000586644516218 	355.401174137 	1.65286041097 	34.8293552982 	-0.249456046555 	2.15610615384e-21
0.546 	0.039539748954 	1.64648240944e-18 	0.208516250386 	0.000598248255235 	348.544686192 	1.27323469909 	34.8444727532 	-0.25738682908 	1.68116013484e-21
0.546 	0.0410041841004 	1.00112669423e-18 	0.208601323148 	0.000610308353319 	341.796604967 	0.875665372964 	34.8599376419 	-0.265240217349 	1.44406620563e-21
0.546 	0.0424686192469 	3.31462385139e-19 	0.208733262732 	0.000622799980605 	335.152969224 	0.459599562752 	34.875791907 	-0.272990388272 	-3.35076321006e-22
0.546 	0.0439330543933 	8.42610196734e-19 	0.208896034684 	0.000635694356095 	328.610805934 	0.0244894077287 	34.8920688846 	-0.280610876879 	1.0955220055e-22
0.546 	0.0453974895397 	4.6917234856e-20 	0.209073804168 	0.000648958853105 	322.168043733 	-0.43020545503 	34.908794917 	-0.288074716029 	-4.72472871762e-22
0.546 	0.0468619246862 	5.95756045208e-19 	0.209251012635 	0.000662557005503 	315.823409755 	-0.905015238358 	34.9259910586 	-0.295354554193 	-5.89209727894e-22
0.546 	0.0483263598326 	3.00702787032e-19 	0.209412425546 	0.00067644843114 	309.576334138 	-1.400457204 	34.9436748947 	-0.302422728676 	1.85235964569e-21
0.546 	0.0497907949791 	8.82690117601e-20 	0.209482540429 	0.000683490391587 	306.489371332 	-1.65607263564 	34.9527046554 	-0.305868714429 	-3.37284858929e-21
0.546 	0.0512552301255 	1.24964575723e-18 	0.209592433874 	0.00069773702255 	300.388867296 	-2.18339711117 	34.9711492798 	-0.312566830872 	-6.68029053999e-22
0.546 	0.052719665272 	3.04100125105e-19 	0.209649913319 	0.000712157614162 	294.386957535 	-2.73257052478 	34.9901197969 	-0.31898259174 	3.6975774405e-21
0.546 	0.0541841004184 	1.15835820595e-19 	0.209654579492 	0.000719415899984 	291.423333147 	-3.01549151409 	34.9998069676 	-0.322075485753 	-2.2880765439e-22
0.546 	0.0556485355649 	-9.43269508865e-19 	0.20960704404 	0.000733991090267 	285.571646331 	-3.59826929424 	35.019594503 	-0.328012641359 	-2.12713033208e-21
0.546 	0.0571129707113 	-6.15803370838e-19 	0.209472130485 	0.000748590372533 	279.822100539 	-4.20396253523 	35.0399446398 	-0.333592622638 	-1.22883496954e-21
0.546 	0.0585774058577 	-2.62502304234e-19 	0.209367578011 	0.000755877280942 	276.986203039 	-4.51552008408 	35.0503345459 	-0.33623874896 	1.73987079594e-21
0.546 	0.0600418410042 	5.16568119806e-19 	0.209075585092 	0.000770378259686 	271.393412864 	-5.15627240506 	35.071550189 	-0.341222636409 	1.07708930342e-20
0.546 	0.0615062761506 	-2.9876595498e-19 	0.208884629191 	0.000777571910037 	268.63705658 	-5.48554588101 	35.0823777965 	-0.343551850792 	-1.22706670769e-20
0.546 	0.0629707112971 	6.62653727046e-19 	0.208403843692 	0.000791790350618 	263.205839184 	-6.16206400485 	35.1044758612 	-0.3478627029 	1.19448524619e-20
0.546 	0.0644351464435 	-3.51274890612e-19 	0.208110338285 	0.000798791236829 	260.531574071 	-6.50937060405 	35.115747261 	-0.349835198026 	-5.26037058693e-21
0.546 	0.06589958159 	-2.59496090345e-19 	0.207778902325 	0.000805702822461 	257.885285409 	-6.86274505896 	35.1271675598 	-0.351679487199 	5.48760570832e-22
0.546 	0.0673640167364 	2.16442598241e-19 	0.20699429212 	0.000819202090084 	252.677934572 	-7.58778642018 	35.1504580941 	-0.354964149869 	1.28775381995e-20
0.546 	0.0688284518828 	2.39544446841e-18 	0.206536906522 	0.000825759414875 	250.117531574 	-7.9594891232 	35.1623309248 	-0.356394649838 	-7.75427066011e-22
0.546 	0.0702928870293 	9.65520729235e-19 	0.205480422885 	0.00083840514212 	245.08487909 	-8.7213207661 	35.1865416875 	-0.358806597687 	5.38175053309e-21
0.546 	0.0717573221757 	1.74692195135e-18 	0.204876169157 	0.000844455887581 	242.613228434 	-9.11146311976 	35.1988849277 	-0.359777588049 	1.76590352928e-21
0.546 	0.0732217573222 	4.450337674e-19 	0.204217444535 	0.000850297605478 	240.171727192 	-9.5077587661 	35.2113908849 	-0.360584773283 	4.45175371055e-21
0.546 	0.0746861924686 	-8.61512486516e-19 	0.20350109884 	0.000855907483616 	237.760625693 	-9.9102041988 	35.2240630494 	-0.361222654452 	-4.65540135891e-21
0.546 	0.0761506276151 	1.3219745909e-19 	0.201881590775 	0.000866330995234 	233.030552856 	-10.7335086861 	35.2499213606 	-0.361967963099 	4.48469763643e-21
0.546 	0.0776150627615 	-2.52529540268e-19 	0.200970721167 	0.000871089068493 	230.712022957 	-11.1543386077 	35.2631158992 	-0.362063855302 	-1.49450849554e-21
0.546 	0.0790794979079 	-1.98360330212e-20 	0.199986791327 	0.000875503917322 	228.424781854 	-11.581259791 	35.2764934645 	-0.361967382843 	-4.51777050275e-21
0.546 	0.0805439330544 	1.27440586562e-18 	0.198925180901 	0.000879542042688 	226.169041667 	-12.0142458339 	35.2900590865 	-0.36167254019 	-1.38399240834e-20
0.546 	0.0820083682008 	-8.09087468025e-19 	0.196549090487 	0.000886342552441 	221.752966667 	-12.8982819347 	35.31777743 	-0.360463367972 	-2.40533230232e-20
0.546 	0.0834728033473 	-7.36169151245e-19 	0.195224206708 	0.000889026857441 	219.593148479 	-13.3492539023 	35.3319440411 	-0.359536744513 	-4.17259649432e-22
0.546 	0.0849372384937 	-1.17406505221e-18 	0.193801017915 	0.000891178948262 	217.465884145 	-13.8061343483 	35.3463276299 	-0.358387226801 	1.232417208e-20
0.546 	0.0864016736402 	-8.69357830792e-19 	0.192274276693 	0.000892756288103 	215.371517687 	-14.2688709967 	35.3609403279 	-0.357008700634 	-4.24218466981e-21
0.546 	0.0878661087866 	-2.15748879749e-18 	0.190638930427 	0.000893716152522 	213.310378121 	-14.7374061841 	35.375797288 	-0.355395079539 	-5.71688780941e-22
0.546 	0.0893305439331 	-5.47608566077e-19 	0.188890244127 	0.000894016617821 	211.282699182 	-15.2116768082 	35.3909161171 	-0.353540232824 	1.34745120685e-20
0.546 	0.0907949790795 	-4.09145568549e-19 	0.18702394283 	0.000893617824771 	209.288509748 	-15.6916142738 	35.4063146438 	-0.351437823788 	-3.69783506978e-20
0.546 	0.0922594142259 	-7.7072860894e-19 	0.185036420251 	0.00089248363136 	207.3275226 	-16.177144317 	35.4220065436 	-0.349081060847 	4.23990441668e-20
0.546 	0.0937238493724 	-6.78332364354e-19 	0.182925082603 	0.000890583800197 	205.399068075 	-16.6681866834 	35.437995038 	-0.346462407292 	-3.12990194182e-20
0.546 	0.0951882845188 	-1.69327921289e-18 	0.180688890414 	0.000887896822227 	203.502125349 	-17.1646545474 	35.4542659253 	-0.34357334404 	3.53510315285e-20
0.546 	0.0966527196653 	4.44746666972e-19 	0.178329108593 	0.00088441331154 	201.635486787 	-17.6664537156 	35.4707822191 	-0.340404301349 	-5.84210588801e-20
0.546 	0.0981171548117 	1.34099541279e-18 	0.173260483694 	0.000875100930901 	197.989143395 	-18.6856265158 	35.5042889477 	-0.333184177131 	3.34444635448e-20
0.546 	0.0995815899582 	3.85814585847e-19 	0.170572800874 	0.000869343068839 	196.208846643 	-19.2027664901 	35.5211131075 	-0.329111704359 	-2.53443424716e-20
0.546 	0.101046025105 	-1.06237857901e-19 	0.167804072405 	0.000862931962166 	194.458056675 	-19.7247695003 	35.5378769579 	-0.324717728102 	-2.7356647551e-20
0.546 	0.102510460251 	-8.63851885639e-19 	0.167804072405 	0.000862931962166 	194.458056675 	-19.7247695003 	35.5378769579 	-0.324717728102 	-2.7356647551e-20
0.546 	0.103974895397 	-8.91497988792e-19 	0.164974521157 	0.000855950625687 	192.738361543 	-20.2514935277 	35.5545248387 	-0.319993797427 	4.16713635111e-20
0.546 	0.105439330544 	1.58801330554e-19 	0.162106169596 	0.000848493846342 	191.051673851 	-20.7827873875 	35.5710334275 	-0.314932732678 	1.19470487847e-20
0.546 	0.10690376569 	3.61441710716e-19 	0.159221117316 	0.000840661611853 	189.399771645 	-21.3184917331 	35.587412632 	-0.3095282742 	-3.67465176619e-20
0.546 	0.108368200837 	6.33076954101e-20 	0.156339980027 	0.000832552601774 	187.78390662 	-21.858440002 	35.6036979697 	-0.303774509468 	-1.75911167325e-20
0.546 	0.109832635983 	9.81716507793e-19 	0.153480812685 	0.000824258927128 	186.204610752 	-22.4024590145 	35.6199375955 	-0.297665300579 	-6.3716830073e-21
0.546 	0.11129707113 	-1.7069074336e-19 	0.150658643506 	0.00081586277856 	184.661743941 	-22.9503691289 	35.6361787918 	-0.291193902741 	-2.60398646176e-21
0.546 	0.112761506276 	-3.939834553e-19 	0.14788553415 	0.000807434988223 	183.154726148 	-23.5019839819 	35.6524582002 	-0.284352855052 	-3.3551482922e-21
0.546 	0.114225941423 	3.24377019996e-19 	0.145170946499 	0.000799035013208 	181.682835044 	-24.0571100065 	35.6687978235 	-0.277134098899 	1.904394748e-20
0.546 	0.115690376569 	5.59824308352e-19 	0.142522180464 	0.000790711675629 	180.245448318 	-24.6155459022 	35.6852062119 	-0.26952920481 	5.10727266288e-21
0.546 	0.117154811715 	3.33612227904e-19 	0.139944729578 	0.000782504132392 	178.842160425 	-25.1770822147 	35.7016825535 	-0.261529587332 	-2.06518796431e-20
0.546 	0.118619246862 	2.53488702799e-19 	0.137442517457 	0.000774442834322 	177.472773155 	-25.7415010617 	35.7182211646 	-0.253126640718 	4.34089806544e-22
0.546 	0.120083682008 	1.39727024219e-18 	0.137442517457 	0.000774442834322 	177.472773155 	-25.7415010617 	35.7182211646 	-0.253126640718 	4.34089806544e-22
0.546 	0.121548117155 	-7.55825616084e-19 	0.135018062187 	0.000766550476026 	176.137210021 	-26.3085759889 	35.7348147607 	-0.244311789077 	-7.36467374951e-21
0.546 	0.123012552301 	-1.51286217254e-18 	0.132672636129 	0.000758843023999 	174.83541646 	-26.8780718966 	35.7514560806 	-0.235076483341 	5.70939288599e-20
0.546 	0.124476987448 	5.26458419955e-19 	0.130406459441 	0.000751330858353 	173.567287954 	-27.4497449887 	35.7681382726 	-0.225412181268 	-4.9653822151e-20
0.546 	0.125941422594 	2.71752040249e-19 	0.128218924281 	0.000744019968879 	172.332638429 	-28.0233427163 	35.7848546996 	-0.215310333627 	6.55166621148e-20
0.546 	0.127405857741 	3.78922579151e-19 	0.126108822329 	0.000736913093368 	171.131200495 	-28.598603711 	35.8015986556 	-0.204762381406 	-4.0664359566e-20
0.546 	0.128870292887 	-5.1434053379e-19 	0.126108822329 	0.000736913093368 	171.131200495 	-28.598603711 	35.8015986556 	-0.204762381406 	-4.0664359566e-20
0.546 	0.130334728033 	-8.39845147025e-19 	0.124074546277 	0.000730010695034 	169.962641809 	-29.1752577107 	35.8183631935 	-0.193759759996 	3.89968462559e-20
0.546 	0.13179916318 	3.54380840602e-19 	0.122114247049 	0.000723311721841 	168.826583839 	-29.7530254877 	35.8351410632 	-0.182293904511 	-3.54183626541e-20
0.546 	0.133263598326 	4.47023023443e-19 	0.12022594323 	0.000716814144251 	167.72261568 	-30.3316187754 	35.8519246941 	-0.170356253431 	4.2553962921e-20
0.546 	0.134728033473 	1.87646022149e-19 	0.12022594323 	0.000716814144251 	167.72261568 	-30.3316187754 	35.8519246941 	-0.170356253431 	4.2553962921e-20
0.546 	0.136192468619 	-1.0109733443e-19 	0.118407591238 	0.000710515310304 	166.650302281 	-30.9107401983 	35.8687061842 	-0.157938250783 	-8.21944079583e-20
0.546 	0.137656903766 	1.60034624849e-19 	0.116657130036 	0.000704412175882 	165.60919023 	-31.4900832052 	35.8854772915 	-0.145031347948 	9.67763870802e-21
0.546 	0.139121338912 	5.06789658413e-19 	0.114972512058 	0.000698501460889 	164.598814026 	-32.0693320007 	35.902229431 	-0.131627005618 	6.51533240527e-20
0.546 	0.140585774059 	-8.89810461564e-19 	0.114972512058 	0.000698501460889 	164.598814026 	-32.0693320007 	35.902229431 	-0.131627005618 	6.51533240527e-20
0.546 	0.142050209205 	-8.84794338665e-20 	0.113351725156 	0.000692779757757 	163.618702606 	-32.6481614802 	35.9189536763 	-0.117716695508 	-4.19325055888e-20
0.546 	0.143514644351 	4.45142197278e-19 	0.111792805307 	0.000687243598737 	162.668383544 	-33.2262371621 	35.9356407596 	-0.103291901519 	1.17300741217e-20
0.546 	0.144979079498 	2.05266241269e-18 	0.110293841239 	0.000681889489739 	161.747384141 	-33.8032151243 	35.9522810704 	-0.0883441208228 	-4.41454746385e-20
0.546 	0.146443514644 	-4.87214471731e-19 	0.110293841239 	0.000681889489739 	161.747384141 	-33.8032151243 	35.9522810704 	-0.0883441208228 	-4.41454746385e-20
0.546 	0.147907949791 	1.18251281299e-18 	0.108852975613 	0.000676713927919 	160.855231616 	-34.3787419366 	35.9688646572 	-0.0728648646063 	5.71490982265e-20
0.546 	0.149372384937 	-2.45740057469e-19 	0.107468405922 	0.00067171341537 	159.991453889 	-34.9524545913 	35.9853812349 	-0.0568456590579 	-3.80097415608e-20
0.546 	0.150836820084 	3.57611415761e-19 	0.107468405922 	0.00067171341537 	159.991453889 	-34.9524545913 	35.9853812349 	-0.0568456590579 	-3.80097415608e-20
0.546 	0.15230125523 	-1.6767130586e-18 	0.106138384797 	0.000666884469369 	159.155580422 	-35.5239804408 	36.0018201938 	-0.0402780457289 	4.75303381104e-20
0.546 	0.153765690377 	9.31221644223e-19 	0.104861218367 	0.000662223624654 	158.347142058 	-36.0929371152 	36.0181706013 	-0.0231535806868 	1.40416662507e-20
0.546 	0.155230125523 	1.10691304094e-18 	0.103635262303 	0.000657727426293 	157.565669546 	-36.6589324562 	36.0344211945 	-0.00546383256682 	-8.85171817767e-20
0.546 	0.156694560669 	-1.4934021966e-18 	0.103635262303 	0.000657727426293 	157.565669546 	-36.6589324562 	36.0344211945 	-0.00546383256682 	-8.85171817767e-20
0.546 	0.158158995816 	-3.64066655518e-20 	0.102458917512 	0.00065339242019 	156.81069193 	-37.2215644302 	36.0505603684 	0.0127996200569 	4.58731282339e-20
0.546 	0.159623430962 	3.78235510396e-19 	0.101330629087 	0.000649215154478 	156.081737137 	-37.7804210443 	36.0665761714 	0.0316451912731 	1.87125164632e-20
0.546 	0.161087866109 	1.22950806271e-19 	0.101330629087 	0.000649215154478 	156.081737137 	-37.7804210443 	36.0665761714 	0.0316451912731 	1.87125164632e-20
0.546 	0.162552301255 	-4.24579471774e-19 	0.100248889591 	0.000645192197106 	155.378335387 	-38.3350802551 	36.0824563069 	0.0510812902499 	-1.2190653134e-19
0.546 	0.164016736402 	-5.80884403789e-19 	0.100248889591 	0.000645192197106 	155.378335387 	-38.3350802551 	36.0824563069 	0.0510812902499 	-1.2190653134e-19
0.546 	0.165481171548 	5.04689895771e-19 	0.099212242719 	0.000641320157307 	154.700022428 	-38.8851098693 	36.0981881368 	0.0711163246173 	8.5501890462e-20
0.546 	0.166945606695 	4.09061012268e-19 	0.0982192831065 	0.00063759569695 	154.046339359 	-39.4300674408 	36.1137586811 	0.0917587038897 	2.24628084262e-20
0.546 	0.168410041841 	-2.14326132914e-19 	0.0982192831065 	0.00063759569695 	154.046339359 	-39.4300674408 	36.1137586811 	0.0917587038897 	2.24628084262e-20
0.546 	0.169874476987 	2.01947634614e-19 	0.0972686540281 	0.00063401553522 	153.4168307 	-39.9695001489 	36.1291546154 	0.113016844778 	4.26087922174e-20
0.546 	0.171338912134 	2.87928011339e-19 	0.0963590453654 	0.00063057644962 	152.811043646 	-40.5029446892 	36.1443622667 	0.134899174763 	-1.88595952355e-20
0.546 	0.17280334728 	-1.85445890299e-19 	0.0963590453654 	0.00063057644962 	152.811043646 	-40.5029446892 	36.1443622667 	0.134899174763 	-1.88595952355e-20
0.546 	0.174267782427 	-3.50293874219e-19 	0.0954891937785 	0.000627275347382 	152.228513645 	-41.0299271099 	36.1593676089 	0.15741414084 	-5.87800703532e-20
0.546 	0.175732217573 	-6.47240813943e-19 	0.0954891937785 	0.000627275347382 	152.228513645 	-41.0299271099 	36.1593676089 	0.15741414084 	-5.87800703532e-20
0.546 	0.17719665272 	2.14353690319e-19 	0.0946578821399 	0.000624109150156 	151.668794018 	-41.549962717 	36.1741562601 	0.180570210268 	5.16530425642e-21
0.546 	0.178661087866 	6.89766063559e-20 	0.0938639388175 	0.000621074843537 	151.13144542 	-42.0625558169 	36.1887134817 	0.204375887539 	7.17361599895e-20
0.546 	0.180125523013 	-4.99689102397e-19 	0.0938639388175 	0.000621074843537 	151.13144542 	-42.0625558169 	36.1887134817 	0.204375887539 	7.17361599895e-20
0.546 	0.181589958159 	1.84615402612e-19 	0.0931062377977 	0.000618169488435 	150.616035795 	-42.5671997143 	36.2030241777 	0.228839703013 	-4.68022331021e-20
0.546 	0.183054393305 	-1.71540357486e-18 	0.0931062377977 	0.000618169488435 	150.616035795 	-42.5671997143 	36.2030241777 	0.228839703013 	-4.68022331021e-20
0.546 	0.184518828452 	8.60536356133e-19 	0.0923836972278 	0.000615390221122 	150.122140484 	-43.0633762091 	36.2170728877 	0.253970254707 	-2.53857129896e-20
0.546 	0.185983263598 	-1.00781564402e-18 	0.0916952769937 	0.000612734247825 	149.649341977 	-43.5505559306 	36.230843778 	0.279776158761 	-4.24291741094e-20
0.546 	0.187447698745 	-5.39566648135e-19 	0.0916952769937 	0.000612734247825 	149.649341977 	-43.5505559306 	36.230843778 	0.279776158761 	-4.24291741094e-20
0.546 	0.188912133891 	-8.55426978289e-19 	0.091039976015 	0.000610198837536 	149.197229517 	-44.0281971581 	36.2443206242 	0.30626616323 	1.3224379051e-19
0.546 	0.190376569038 	4.13179534178e-19 	0.091039976015 	0.000610198837536 	149.197229517 	-44.0281971581 	36.2443206242 	0.30626616323 	1.3224379051e-19
0.546 	0.191841004184 	5.83880722574e-19 	0.0904168331918 	0.000607781328237 	148.76540129 	-44.4957472084 	36.2574868097 	0.333448978744 	-1.1267171955e-19
0.546 	0.193305439331 	1.2886155189e-19 	0.0904168331918 	0.000607781328237 	148.76540129 	-44.4957472084 	36.2574868097 	0.333448978744 	-1.1267171955e-19
0.546 	0.194769874477 	3.98017697684e-19 	0.0898249284894 	0.000605479134174 	148.353466568 	-44.9526393497 	36.2703253045 	0.36133359955 	-2.32531124183e-20
0.546 	0.196234309623 	1.64099840825e-18 	0.0898249284894 	0.000605479134174 	148.353466568 	-44.9526393497 	36.2703253045 	0.36133359955 	-2.32531124183e-20
0.546 	0.19769874477 	1.34787134606e-19 	0.0892633857256 	0.000603289759995 	147.961048976 	-45.3982972768 	36.28281868 	0.389928786272 	5.96530088296e-20
0.546 	0.199163179916 	6.64394111888e-19 	0.0887313677171 	0.000601210787195 	147.587783864 	-45.8321267354 	36.2949490595 	0.419243975796 	7.35570414485e-20
0.546 	0.200627615063 	1.95581601061e-19 	0.0887313677171 	0.000601210787195 	147.587783864 	-45.8321267354 	36.2949490595 	0.419243975796 	7.35570414485e-20
0.546 	0.202092050209 	-9.9942066148e-19 	0.0882280815354 	0.00059923989747 	147.233323261 	-46.2535286121 	36.3066981692 	0.449287788009 	2.25113329835e-20
0.546 	0.203556485356 	1.18851818393e-18 	0.0882280815354 	0.00059923989747 	147.233323261 	-46.2535286121 	36.3066981692 	0.449287788009 	2.25113329835e-20
0.546 	0.205020920502 	6.1690815662e-20 	0.0877527678279 	0.00059737483726 	146.897328703 	-46.66187627 	36.3180472226 	0.480070551915 	-2.88547214599e-20
0.546 	0.206485355649 	-2.35575376576e-19 	0.0877527678279 	0.00059737483726 	146.897328703 	-46.66187627 	36.3180472226 	0.480070551915 	-2.88547214599e-20
0.546 	0.207949790795 	-6.32124193757e-19 	0.0873047181002 	0.000595613485094 	146.579485329 	-47.0565517049 	36.3289770672 	0.51160017125 	-1.52064811521e-19
0.546 	0.209414225941 	2.94733654864e-19 	0.0873047181002 	0.000595613485094 	146.579485329 	-47.0565517049 	36.3289770672 	0.51160017125 	-1.52064811521e-19
0.546 	0.210878661088 	-3.48606881224e-19 	0.086883245652 	0.000593953746927 	146.279480686 	-47.4368855572 	36.3394679166 	0.543888938834 	4.54121732553e-20
0.546 	0.212343096234 	-5.07924829659e-19 	0.086883245652 	0.000593953746927 	146.279480686 	-47.4368855572 	36.3394679166 	0.543888938834 	4.54121732553e-20
0.546 	0.213807531381 	-7.61697351238e-19 	0.0864877334843 	0.000592393736055 	145.997042542 	-47.8022526335 	36.3494997201 	0.576942514046 	3.71370144761e-20
0.546 	0.215271966527 	7.56439343313e-19 	0.0864877334843 	0.000592393736055 	145.997042542 	-47.8022526335 	36.3494997201 	0.576942514046 	3.71370144761e-20
0.546 	0.216736401674 	-1.51746978315e-20 	0.0861175559427 	0.000590931483199 	145.731879907 	-48.1519178783 	36.359051555 	0.610777712668 	-2.83264314536e-20
0.546 	0.21820083682 	7.39743285977e-19 	0.0861175559427 	0.000590931483199 	145.731879907 	-48.1519178783 	36.359051555 	0.610777712668 	-2.83264314536e-20
0.546 	0.219665271967 	1.00631765107e-18 	0.0857722060684 	0.000589565411241 	145.483782517 	-48.4852789475 	36.3681024887 	0.645394166561 	1.19629419507e-19
0.546 	0.221129707113 	-1.00910644504e-18 	0.0857722060684 	0.000589565411241 	145.483782517 	-48.4852789475 	36.3681024887 	0.645394166561 	1.19629419507e-19
0.546 	0.222594142259 	-6.46185890536e-19 	0.0854510911486 	0.000588293571649 	145.252464529 	-48.8014839353 	36.3766302511 	0.680819195397 	-5.80006823177e-20
0.546 	0.224058577406 	-1.88059750122e-19 	0.0854510911486 	0.000588293571649 	145.252464529 	-48.8014839353 	36.3766302511 	0.680819195397 	-5.80006823177e-20
0.546 	0.225523012552 	-6.87855214785e-19 	0.0851538591412 	0.000587114862319 	145.037819014 	-49.1000241019 	36.38461311 	0.717037522282 	3.89992310205e-20
0.546 	0.226987447699 	6.1808246938e-19 	0.0851538591412 	0.000587114862319 	145.037819014 	-49.1000241019 	36.38461311 	0.717037522282 	3.89992310205e-20
0.546 	0.228451882845 	1.46250398354e-18 	0.0848798835224 	0.000586027095261 	144.839520577 	-49.3798191564 	36.3920271286 	0.754100510456 	-1.3884846037e-19
0.546 	0.229916317992 	6.02612053924e-19 	0.0848798835224 	0.000586027095261 	144.839520577 	-49.3798191564 	36.3920271286 	0.754100510456 	-1.3884846037e-19
0.546 	0.231380753138 	7.13539081545e-19 	0.0846290708198 	0.000585030017147 	144.657655743 	-49.6406109634 	36.3988499505 	0.791958044678 	9.30353914557e-20
0.546 	0.232845188285 	-6.20507554095e-19 	0.0846290708198 	0.000585030017147 	144.657655743 	-49.6406109634 	36.3988499505 	0.791958044678 	9.30353914557e-20
0.546 	0.234309623431 	1.24165648463e-18 	0.0844006077566 	0.000584120597133 	144.491750798 	-49.8808555628 	36.4050555369 	0.830715066152 	-1.44753074803e-21
0.546 	0.235774058577 	1.58986833731e-19 	0.0844006077566 	0.000584120597133 	144.491750798 	-49.8808555628 	36.4050555369 	0.830715066152 	-1.44753074803e-21
0.546 	0.237238493724 	-3.06706446398e-19 	0.0844006077566 	0.000584120597133 	144.491750798 	-49.8808555628 	36.4050555369 	0.830715066152 	-1.44753074803e-21
0.546 	0.23870292887 	7.43413049558e-19 	0.0841948895732 	0.000583300258207 	144.34228065 	-50.1008750861 	36.4106211279 	0.870243839425 	-9.00312419297e-21
0.546 	0.240167364017 	-5.13690414503e-19 	0.0841948895732 	0.000583300258207 	144.34228065 	-50.1008750861 	36.4106211279 	0.870243839425 	-9.00312419297e-21
0.546 	0.241631799163 	9.32037431609e-19 	0.0840105798513 	0.000582563796669 	144.208377403 	-50.2981861935 	36.4155181602 	0.91076472426 	6.53626563161e-20
0.546 	0.24309623431 	-1.04814129224e-18 	0.0840105798513 	0.000582563796669 	144.208377403 	-50.2981861935 	36.4155181602 	0.91076472426 	6.53626563161e-20
0.546 	0.244560669456 	-1.1308116039e-19 	0.083849054184 	0.000581916080781 	144.09131652 	-50.474348395 	36.4197234267 	0.951984491273 	-7.59265871632e-20
0.546 	0.246025104603 	9.34905831545e-20 	0.083849054184 	0.000581916080781 	144.09131652 	-50.474348395 	36.4197234267 	0.951984491273 	-7.59265871632e-20
0.546 	0.247489539749 	-5.31396726609e-19 	0.0837077433425 	0.000581346925603 	143.989311126 	-50.6250222644 	36.4232060388 	0.994362894868 	-4.88125908825e-20
0.546 	0.248953974895 	1.01162811677e-18 	0.0837077433425 	0.000581346925603 	143.989311126 	-50.6250222644 	36.4232060388 	0.994362894868 	-4.88125908825e-20
0.546 	0.250418410042 	-1.21857864597e-18 	0.0837077433425 	0.000581346925603 	143.989311126 	-50.6250222644 	36.4232060388 	0.994362894868 	-4.88125908825e-20
0.546 	0.251882845188 	1.50632341489e-18 	0.0835900094606 	0.000580868258443 	143.905280148 	-50.7542423808 	36.4259412617 	1.03726892344 	6.90988923968e-20
0.546 	0.253347280335 	-3.52843280685e-19 	0.0835900094606 	0.000580868258443 	143.905280148 	-50.7542423808 	36.4259412617 	1.03726892344 	6.90988923968e-20
0.546 	0.254811715481 	-6.04041092943e-19 	0.0834906053054 	0.000580459178546 	143.835446817 	-50.8541437594 	36.4278991632 	1.08163877288 	3.8158308715e-20
0.546 	0.256276150628 	-1.14919666836e-19 	0.0834906053054 	0.000580459178546 	143.835446817 	-50.8541437594 	36.4278991632 	1.08163877288 	3.8158308715e-20
0.546 	0.257740585774 	2.67457529833e-19 	0.0834168316888 	0.000580145626601 	143.786021757 	-50.9334254928 	36.4290465935 	1.12618218498 	-9.05697560095e-20
0.546 	0.259205020921 	5.23837606384e-19 	0.0834168316888 	0.000580145626601 	143.786021757 	-50.9334254928 	36.4290465935 	1.12618218498 	-9.05697560095e-20
0.546 	0.260669456067 	-1.37795442108e-18 	0.0834168316888 	0.000580145626601 	143.786021757 	-50.9334254928 	36.4290465935 	1.12618218498 	-9.05697560095e-20
0.546 	0.262133891213 	2.52491926524e-19 	0.0833579489712 	0.000579884742434 	143.749167501 	-50.9778534094 	36.4293556751 	1.17274193702 	1.57386091439e-20
0.546 	0.26359832636 	-3.96946037431e-19 	0.0833579489712 	0.000579884742434 	143.749167501 	-50.9778534094 	36.4293556751 	1.17274193702 	1.57386091439e-20
0.546 	0.265062761506 	1.25811589361e-18 	0.0833289274627 	0.000579729564061 	143.737584951 	-51.0043807027 	36.4287500671 	1.21880084835 	4.5240637386e-20
0.546 	0.266527196653 	6.42903486121e-20 	0.0833289274627 	0.000579729564061 	143.737584951 	-51.0043807027 	36.4287500671 	1.21880084835 	4.5240637386e-20
0.546 	0.267991631799 	5.31654933893e-19 	0.0833084998181 	0.000579594777947 	143.73576676 	-50.9879542301 	36.4272457528 	1.2678449584 	-6.19065194586e-20
0.546 	0.269456066946 	1.60931865552e-19 	0.0833084998181 	0.000579594777947 	143.73576676 	-50.9879542301 	36.4272457528 	1.2678449584 	-6.19065194586e-20
0.546 	0.270920502092 	-4.24823288254e-19 	0.0833084998181 	0.000579594777947 	143.73576676 	-50.9879542301 	36.4272457528 	1.2678449584 	-6.19065194586e-20
0.546 	0.272384937238 	-7.28696232048e-19 	0.0833258357136 	0.000579582410571 	143.768744865 	-50.9591074126 	36.4247476215 	1.31519234817 	4.65685019125e-20
0.546 	0.273849372385 	8.82130683106e-19 	0.0833258357136 	0.000579582410571 	143.768744865 	-50.9591074126 	36.4247476215 	1.31519234817 	4.65685019125e-20
0.546 	0.275313807531 	5.35479062942e-19 	0.0833388930134 	0.000579521931628 	143.806279737 	-50.8758015283 	36.4214534386 	1.36714999408 	-5.59391986443e-20
0.546 	0.276778242678 	-8.43479919159e-19 	0.0833388930134 	0.000579521931628 	143.806279737 	-50.8758015283 	36.4214534386 	1.36714999408 	-5.59391986443e-20
0.546 	0.278242677824 	-3.72569303334e-19 	0.0833388930134 	0.000579521931628 	143.806279737 	-50.8758015283 	36.4214534386 	1.36714999408 	-5.59391986443e-20
0.546 	0.279707112971 	-1.98956737318e-20 	0.0833996473098 	0.000579589128193 	143.894430128 	-50.7889062855 	36.4170043413 	1.41543410424 	9.41564779039e-20
0.546 	0.281171548117 	5.3813479944e-20 	0.0833996473098 	0.000579589128193 	143.894430128 	-50.7889062855 	36.4170043413 	1.41543410424 	9.41564779039e-20
0.546 	0.282635983264 	-2.47306217803e-19 	0.0834270513778 	0.000579448754071 	143.976582556 	-50.6325246885 	36.4118115219 	1.47087272578 	-2.65173229384e-20
0.546 	0.28410041841 	-2.96909331154e-19 	0.0834270513778 	0.000579448754071 	143.976582556 	-50.6325246885 	36.4118115219 	1.47087272578 	-2.65173229384e-20
0.546 	0.285564853556 	-3.25427085999e-20 	0.0834270513778 	0.000579448754071 	143.976582556 	-50.6325246885 	36.4118115219 	1.47087272578 	-2.65173229384e-20
0.546 	0.287029288703 	8.00297186271e-19 	0.0835096004115 	0.000579381101771 	144.135872151 	-50.4839376063 	36.4049609639 	1.51961720257 	2.29559416582e-20
0.546 	0.288493723849 	1.17721182707e-20 	0.0835096004115 	0.000579381101771 	144.135872151 	-50.4839376063 	36.4049609639 	1.51961720257 	2.29559416582e-20
0.546 	0.289958158996 	-4.3150109291e-19 	0.0835096004115 	0.000579381101771 	144.135872151 	-50.4839376063 	36.4049609639 	1.51961720257 	2.29559416582e-20
0.546 	0.291422594142 	2.57247030767e-19 	0.0834957020775 	0.000578738916708 	144.27179453 	-50.2495332788 	36.3977681648 	1.57917489757 	-3.31131129282e-20
0.546 	0.292887029289 	7.68222833337e-19 	0.0834957020775 	0.000578738916708 	144.27179453 	-50.2495332788 	36.3977681648 	1.57917489757 	-3.31131129282e-20
0.546 	0.294351464435 	-1.62804611408e-19 	0.0835250358515 	0.000577908987816 	144.529740171 	-50.0324154541 	36.3881376527 	1.62792769707 	-7.1000858008e-20
0.546 	0.295815899582 	-6.70744727875e-19 	0.0835250358515 	0.000577908987816 	144.529740171 	-50.0324154541 	36.3881376527 	1.62792769707 	-7.1000858008e-20
0.546 	0.297280334728 	1.38484895931e-18 	0.0835250358515 	0.000577908987816 	144.529740171 	-50.0324154541 	36.3881376527 	1.62792769707 	-7.1000858008e-20
0.546 	0.298744769874 	5.61993074984e-20 	0.0833291731291 	0.000575694665609 	144.745432096 	-49.7194624405 	36.379218837 	1.6920950286 	1.2965597286e-20
0.546 	0.300209205021 	-1.6952190067e-19 	0.0833291731291 	0.000575694665609 	144.745432096 	-49.7194624405 	36.379218837 	1.6920950286 	1.2965597286e-20
0.546 	0.301673640167 	-2.33105641214e-19 	0.0833291731291 	0.000575694665609 	144.745432096 	-49.7194624405 	36.379218837 	1.6920950286 	1.2965597286e-20
0.546 	0.303138075314 	-1.2068090449e-18 	0.0831266454126 	0.000572582455631 	145.17847097 	-49.4193947749 	36.3653184386 	1.74075330122 	5.59024270391e-20
0.546 	0.30460251046 	1.10735724864e-18 	0.0831266454126 	0.000572582455631 	145.17847097 	-49.4193947749 	36.3653184386 	1.74075330122 	5.59024270391e-20
0.546 	0.306066945607 	-4.59396151785e-19 	0.0824987241245 	0.000566644486817 	145.59168234 	-49.0376040258 	36.3520570063 	1.80919382777 	-1.81280567593e-21
0.546 	0.307531380753 	-2.00415131136e-19 	0.0824987241245 	0.000566644486817 	145.59168234 	-49.0376040258 	36.3520570063 	1.80919382777 	-1.81280567593e-21
0.546 	0.3089958159 	-8.69633326243e-19 	0.0824987241245 	0.000566644486817 	145.59168234 	-49.0376040258 	36.3520570063 	1.80919382777 	-1.81280567593e-21
0.546 	0.310460251046 	1.00393490729e-19 	0.0818259012375 	0.000558789489862 	146.434216681 	-48.6253317068 	36.3250717415 	1.85852637497 	-2.02048107053e-20
0.546 	0.311924686192 	-8.79714834169e-19 	0.0818259012375 	0.000558789489862 	146.434216681 	-48.6253317068 	36.3250717415 	1.85852637497 	-2.02048107053e-20
0.546 	0.313389121339 	1.22753350505e-19 	0.0818259012375 	0.000558789489862 	146.434216681 	-48.6253317068 	36.3250717415 	1.85852637497 	-2.02048107053e-20
0.546 	0.314853556485 	-7.35202797285e-20 	0.080686004261 	0.00054764827757 	147.331795909 	-48.2037258436 	36.2951459254 	1.92867570504 	-6.89118802438e-21
0.546 	0.316317991632 	1.43577238112e-19 	0.080686004261 	0.00054764827757 	147.331795909 	-48.2037258436 	36.2951459254 	1.92867570504 	-6.89118802438e-21
0.546 	0.317782426778 	3.37442430589e-19 	0.080686004261 	0.00054764827757 	147.331795909 	-48.2037258436 	36.2951459254 	1.92867570504 	-6.89118802438e-21
0.546 	0.319246861925 	1.13312787022e-18 	0.0804090535235 	0.000538130404651 	149.422988979 	-47.6255544481 	36.2225026249 	1.98076336697 	4.97351275124e-20
0.546 	0.320711297071 	-5.4834537203e-19 	0.0804090535235 	0.000538130404651 	149.422988979 	-47.6255544481 	36.2225026249 	1.98076336697 	4.97351275124e-20
0.546 	0.322175732218 	-5.37887120164e-19 	0.0804090535235 	0.000538130404651 	149.422988979 	-47.6255544481 	36.2225026249 	1.98076336697 	4.97351275124e-20
0.546 	0.323640167364 	3.42033755144e-19 	0.0810902102144 	0.000524436786816 	152.314102091 	-47.2239310809 	36.1168706711 	2.043995541 	-1.22465298384e-19
0.546 	0.32510460251 	1.1778369685e-19 	0.0810902102144 	0.000524436786816 	152.314102091 	-47.2239310809 	36.1168706711 	2.043995541 	-1.22465298384e-19
0.546 	0.326569037657 	-3.69594925026e-19 	0.0810902102144 	0.000524436786816 	152.314102091 	-47.2239310809 	36.1168706711 	2.043995541 	-1.22465298384e-19
0.546 	0.328033472803 	6.58420889222e-19 	0.0830369023189 	0.000452950446537 	156.958518106 	-46.3970440076 	35.9262530688 	2.10268063498 	1.18190621734e-19
0.546 	0.32949790795 	-3.27916455679e-19 	0.0830369023189 	0.000452950446537 	156.958518106 	-46.3970440076 	35.9262530688 	2.10268063498 	1.18190621734e-19
0.546 	0.330962343096 	-4.41444566976e-19 	0.0830369023189 	0.000452950446537 	156.958518106 	-46.3970440076 	35.9262530688 	2.10268063498 	1.18190621734e-19
0.546 	0.332426778243 	-6.06464893287e-19 	0.0847994837151 	0.000351305156385 	163.260772124 	-46.117601722 	35.7080589032 	2.14509541735 	-1.16773288935e-19
0.546 	0.333891213389 	-1.11758158388e-19 	0.0847994837151 	0.000351305156385 	163.260772124 	-46.117601722 	35.7080589032 	2.14509541735 	-1.16773288935e-19
0.546 	0.335355648536 	-3.3716935565e-19 	0.0847994837151 	0.000351305156385 	163.260772124 	-46.117601722 	35.7080589032 	2.14509541735 	-1.16773288935e-19
0.546 	0.336820083682 	9.70987244069e-19 	0.0762911205909 	0.000509960522588 	149.602012728 	-44.9208437079 	35.3551792653 	2.22382237405 	1.10423264574e-19
0.546 	0.338284518828 	4.01900823311e-19 	0.0762911205909 	0.000509960522588 	149.602012728 	-44.9208437079 	35.3551792653 	2.22382237405 	1.10423264574e-19
0.546 	0.339748953975 	-5.77252032032e-19 	0.0762911205909 	0.000509960522588 	149.602012728 	-44.9208437079 	35.3551792653 	2.22382237405 	1.10423264574e-19
