0.336 	0.0190376569038 	-3.18400264167e-19 	4.31466912597 	0.00034125699529 	12643.459872 	-141.734124782 	-4.20466769929 	1.6347260582 	-1.12529320399e-17
0.336 	0.0205020920502 	-9.9214926344e-19 	11.4574385946 	0.00204646132714 	5598.65873968 	-142.082790645 	-2.42819541183 	1.11767082092 	-1.45503963555e-18
0.336 	0.0219665271967 	-2.0150500774e-18 	16.5541978129 	0.00293423609109 	5641.74023459 	-142.385076732 	-0.532182944373 	0.577783425136 	-2.67090632553e-18
0.336 	0.0234309623431 	-7.0689524485e-19 	22.1340215311 	0.00321427425894 	6886.16457342 	-142.648327193 	2.02779624795 	-0.126534339661 	3.4755148887e-18
0.336 	0.0248953974895 	-9.34277950243e-19 	28.8676436928 	0.00265073721168 	9444.93248774 	-142.804821814 	6.05739937417 	-1.16912815014 	6.01588702146e-18
0.336 	0.026359832636 	-2.2430514026e-19 	33.00203747 	0.00229347411983 	11237.8786422 	-142.842275468 	11.1751451384 	-2.39754403858 	-5.22874882806e-18
0.336 	0.0278242677824 	2.15828048258e-18 	31.1144253725 	0.00222549718808 	11466.4417368 	-142.869197732 	17.7374338501 	-3.85503880208 	3.87385344831e-19
0.336 	0.0292887029289 	-2.72761227362e-18 	23.0438764702 	0.00230418675955 	10000.8718367 	-143.004848406 	23.9354497771 	-5.10561947125 	3.13538040657e-18
0.336 	0.0307531380753 	-1.97374684607e-18 	13.731754989 	0.00177629233767 	7730.57153814 	-143.644120338 	29.0850307949 	-6.04604193661 	-6.62623516428e-19
0.336 	0.0322175732218 	-2.45754591478e-18 	8.33124066317 	0.00145068798837 	5742.95832734 	-144.3973073 	31.9414895529 	-6.53731347724 	7.5280810141e-19
0.336 	0.0336820083682 	-1.11447335577e-19 	4.45967190014 	0.00126613596062 	3522.26936036 	-145.656969005 	34.2251639663 	-6.90902691933 	3.5593882598e-18
0.336 	0.0351464435146 	-1.17231887714e-18 	3.19529492631 	0.00129762841733 	2462.4113372 	-146.723529697 	35.2347620032 	-7.05829321326 	-4.85457234183e-18
0.336 	0.0366108786611 	1.07699430348e-18 	2.52630245462 	0.00138298750761 	1826.69940308 	-147.874343432 	35.9928344635 	-7.1573716885 	2.71330614958e-18
0.336 	0.0380753138075 	2.15452466991e-18 	2.08334642749 	0.00143395088784 	1452.87153497 	-149.105943115 	36.6355955867 	-7.22958130542 	-6.28866601847e-19
0.336 	0.039539748954 	-1.16248968127e-18 	1.71807256082 	0.00140504799387 	1222.78567587 	-150.41522433 	37.2094529148 	-7.28259835276 	-1.91354485752e-18
0.336 	0.0410041841004 	4.26753717163e-20 	1.38214121119 	0.00129594078167 	1066.51571641 	-151.797231631 	37.7234664427 	-7.31760785032 	4.54233163594e-18
0.336 	0.0424686192469 	4.76158802713e-19 	1.16952688667 	0.00119004344727 	982.759822224 	-152.755907271 	38.028694629 	-7.32998886575 	1.45075126079e-18
0.336 	0.0439330543933 	-6.06907817764e-19 	0.872881234315 	0.00100433147979 	869.116673013 	-154.244546221 	38.4129286805 	-7.32862350421 	1.2652181933e-18
0.336 	0.0453974895397 	1.56964207482e-18 	0.697013593712 	0.00087647631246 	795.245215191 	-155.267027566 	38.6043952791 	-7.31145454498 	-4.75397497344e-18
0.336 	0.0468619246862 	9.54988824227e-19 	0.479499429897 	0.000700397023197 	684.610890704 	-156.838365733 	38.7732060579 	-7.25786194795 	4.62144566845e-18
0.336 	0.0483263598326 	-1.60636323302e-18 	0.369813869268 	0.000602851268207 	613.441305959 	-157.906358403 	38.8165726706 	-7.20603298161 	7.91829979554e-19
0.336 	0.0497907949791 	-9.0508620601e-19 	0.288167603374 	0.00052563157021 	548.231156014 	-158.987537578 	38.8331809103 	-7.14688481695 	-2.49727990703e-18
0.336 	0.0512552301255 	9.30597007664e-19 	0.231643645561 	0.000470303911296 	492.540334021 	-160.08017589 	38.8480802853 	-7.08487995888 	-4.55246152618e-19
0.336 	0.052719665272 	8.48951031784e-19 	0.183500091667 	0.000426233079044 	430.515839078 	-161.738298978 	38.8853398796 	-6.98947257785 	-1.86754952991e-18
0.336 	0.0541841004184 	4.63576205444e-19 	0.167975335671 	0.000417597362034 	402.242329436 	-162.854976909 	38.916580071 	-6.92354482488 	1.38854207333e-18
0.336 	0.0556485355649 	1.75654274755e-18 	0.160239286542 	0.000419916965946 	381.597552699 	-163.97908617 	38.9496379426 	-6.85511146318 	-2.63696709998e-18
0.336 	0.0571129707113 	-1.07690861063e-19 	0.156978871924 	0.000428920091968 	365.986287104 	-165.108857822 	38.9836122324 	-6.78395805785 	2.13105649633e-18
0.336 	0.0585774058577 	-2.60943860876e-18 	0.156090729214 	0.000441675373226 	353.406005125 	-166.242147409 	39.0182425948 	-6.70999577971 	2.07758231792e-18
0.336 	0.0600418410042 	1.95040559371e-19 	0.156136159611 	0.000448895266625 	347.823136531 	-166.809350792 	39.0357604865 	-6.67194357053 	3.33677197616e-18
0.336 	0.0615062761506 	1.6324287605e-18 	0.1567529743 	0.000464396475914 	337.541265772 	-167.943208299 	39.0711300853 	-6.5936692465 	-2.53407025944e-19
0.336 	0.0629707112971 	-1.11937064281e-18 	0.157743427028 	0.00048087740672 	328.032518941 	-169.073961539 	39.106850985 	-6.51247125465 	-2.55632510367e-18
0.336 	0.0644351464435 	8.34215327981e-19 	0.158898885559 	0.000498068286349 	319.030321572 	-170.198623184 	39.14280581 	-6.42831999791 	-1.85926503969e-18
0.336 	0.06589958159 	1.22688160746e-18 	0.159504700856 	0.000506884541888 	314.676593336 	-170.757700219 	39.1608339763 	-6.38513009588 	3.23292802832e-18
0.336 	0.0673640167364 	7.05229861154e-19 	0.160734171727 	0.000524897264107 	306.220250549 	-171.867350536 	39.1969206615 	-6.29651361507 	-2.13604754874e-18
0.336 	0.0688284518828 	9.74778277905e-19 	0.161953226321 	0.000543344315634 	298.067397893 	-172.962940509 	39.2329543326 	-6.20491110608 	7.77431145924e-19
0.336 	0.0702928870293 	1.02836248422e-18 	0.162548440848 	0.000552702655924 	294.097448431 	-173.504426781 	39.2509166103 	-6.1579910523 	-2.59130856423e-18
0.336 	0.0717573221757 	1.00199847116e-18 	0.163692090221 	0.000571627742969 	286.361346583 	-174.572683642 	39.2866706525 	-6.06192201029 	-1.09892273112e-18
0.336 	0.0732217573222 	8.55692621237e-19 	0.164233789579 	0.000581168090864 	282.592578913 	-175.098609458 	39.3044414883 	-6.01277882266 	-8.44153191709e-19
0.336 	0.0746861924686 	1.63636333232e-18 	0.1652412306 	0.00060033423018 	275.248723616 	-176.13193943 	39.3397177727 	-5.91229399489 	8.58125481156e-19
0.336 	0.0761506276151 	-1.3893188022e-18 	0.165701169523 	0.000609930564752 	271.672185489 	-176.638498394 	39.3571999608 	-5.86096157093 	3.71923227166e-18
0.336 	0.0776150627615 	2.80125014227e-19 	0.166520347095 	0.000629073598544 	264.707257593 	-177.629303925 	39.3917978066 	-5.75614508317 	4.35923729314e-18
0.336 	0.0790794979079 	1.23939833804e-19 	0.16687491673 	0.000638589159308 	261.31811713 	-178.112718772 	39.4088938085 	-5.70267439955 	-2.42254577173e-18
0.336 	0.0805439330544 	9.04807647748e-20 	0.167463669809 	0.000657429085222 	254.725070085 	-179.053524479 	39.4426234617 	-5.5936449715 	7.20174384494e-19
0.336 	0.0820083682008 	2.76866929182e-19 	0.167694085473 	0.000666720820073 	251.520697156 	-179.510112097 	39.4592299018 	-5.53810226564 	7.47848635338e-19
0.336 	0.0834728033473 	-6.90409880123e-19 	0.167879432372 	0.000675904462621 	248.377458142 	-179.956964952 	39.4756455766 	-5.48188591705 	-9.02578256884e-19
0.336 	0.0849372384937 	3.13439784875e-19 	0.168107489865 	0.000693875233495 	242.273368108 	-180.819939025 	39.5078525858 	-5.36747111379 	-3.92053447809e-19
0.336 	0.0864016736402 	-1.26962574673e-19 	0.168146246619 	0.000702623809524 	239.311911068 	-181.23531904 	39.5236176085 	-5.30929340921 	-1.18914763096e-18
0.336 	0.0878661087866 	-3.08329187071e-19 	0.168131909662 	0.000711186600104 	236.410401487 	-181.639483662 	39.539138756 	-5.2504835788 	1.60292740537e-18
0.336 	0.0893305439331 	-1.40972391249e-18 	0.16806197585 	0.000719540595988 	233.568441846 	-182.032088754 	39.554403053 	-5.19105350848 	1.32365029527e-18
0.336 	0.0907949790795 	2.95853721076e-20 	0.167743365547 	0.000735518198535 	228.061475408 	-182.781305522 	39.5841177054 	-5.07038373796 	-7.48024189564e-19
0.336 	0.0922594142259 	-2.71788147278e-19 	0.167487408834 	0.000743082196109 	225.395534587 	-183.137293249 	39.5985498082 	-5.00917114116 	9.36252639586e-19
0.336 	0.0937238493724 	-1.04276190561e-18 	0.16716104414 	0.000750316850602 	222.787271812 	-183.48047528 	39.6126875974 	-4.94739243728 	-2.07544848331e-19
0.336 	0.0951882845188 	-7.57508418202e-19 	0.166758726851 	0.000757181536713 	220.236124054 	-183.810576987 	39.6265243659 	-4.88506267922 	-5.30220953362e-19
0.336 	0.0966527196653 	-7.42639338833e-19 	0.166273830248 	0.00076362963627 	217.741457836 	-184.127340189 	39.6400553253 	-4.82219756229 	6.68055508561e-19
0.336 	0.0981171548117 	-1.65014327091e-18 	0.165022871009 	0.000775051579803 	212.918566079 	-184.71990558 	39.6661910809 	-4.69492705157 	2.32043019001e-20
0.336 	0.0995815899582 	-1.38933508619e-18 	0.164235835316 	0.000779889262796 	210.588660661 	-184.995281178 	39.6787968024 	-4.63055603605 	-7.86190401305e-19
0.336 	0.101046025105 	-3.30555278107e-19 	0.163323973305 	0.000784035172124 	208.312049143 	-185.256466668 	39.6910996398 	-4.56571852235 	1.46909180448e-18
0.336 	0.102510460251 	-7.91580200721e-19 	0.162272430827 	0.000787392883103 	206.088262048 	-185.503298228 	39.7031097581 	-4.50043370579 	-9.66746506191e-19
0.336 	0.103974895397 	-5.56407817728e-19 	0.161065870653 	0.000789858139705 	203.917466386 	-185.735632543 	39.7148485857 	-4.43472253578 	2.93204411044e-19
0.336 	0.105439330544 	-5.86382283021e-20 	0.159690277044 	0.000791326402513 	201.800769615 	-185.953346518 	39.7263570502 	-4.36860839307 	1.22974944476e-19
0.336 	0.10690376569 	5.78127298178e-19 	0.158135232617 	0.000791704489495 	199.740224687 	-186.156336378 	39.7376963956 	-4.30211626124 	-7.6296562928e-19
0.336 	0.108368200837 	3.80848771071e-19 	0.156396070476 	0.000790924217162 	197.738376298 	-186.344516433 	39.7489251446 	-4.23526904358 	1.48142063282e-18
0.336 	0.109832635983 	-3.48421455552e-19 	0.154475297173 	0.000788955127218 	195.797317038 	-186.517818352 	39.7600472313 	-4.16808197544 	-4.65046765075e-19
0.336 	0.11129707113 	-7.59628619064e-22 	0.152383041633 	0.000785813261894 	193.917625246 	-186.676192005 	39.7709575493 	-4.10055909599 	-3.47878062177e-19
0.336 	0.112761506276 	-7.25487710174e-20 	0.15013669985 	0.000781564282344 	192.097698477 	-186.819607992 	39.7814344016 	-4.03269588201 	5.69084681915e-19
0.336 	0.114225941423 	-2.06690925778e-19 	0.147760060999 	0.000776320279073 	190.333893088 	-186.948060687 	39.7912083971 	-3.96448793401 	-5.75413919188e-19
0.336 	0.115690376569 	-1.41376709484e-18 	0.145282027584 	0.000770230811438 	188.621417667 	-187.061569961 	39.8000778932 	-3.895940437 	-1.00160046967e-18
0.336 	0.117154811715 	-9.72498671611e-19 	0.142734883543 	0.000763469580662 	186.955560717 	-187.160180983 	39.8079952259 	-3.82707219869 	6.56513679299e-19
0.336 	0.118619246862 	-1.31691544234e-18 	0.140152095216 	0.000756218850668 	185.33271829 	-187.243963266 	39.8150653124 	-3.7579123992 	2.05040698108e-19
0.336 	0.120083682008 	5.68472605021e-20 	0.137565833367 	0.000748654103698 	183.750857288 	-187.313010658 	39.821466058 	-3.68849346221 	6.04945500948e-19
0.336 	0.121548117155 	-1.56261571483e-18 	0.135004646881 	0.000740931406058 	182.209372929 	-187.367442949 	39.8273543215 	-3.61884504014 	-7.63361263356e-19
0.336 	0.123012552301 	5.99339590038e-20 	0.132491796977 	0.000733179341012 	180.708579152 	-187.407408045 	39.8328163495 	-3.54899171058 	-5.49531040629e-19
0.336 	0.124476987448 	5.63586109031e-19 	0.130044564445 	0.000725496163325 	179.24914151 	-187.433083481 	39.8378740844 	-3.47895376558 	1.40369267571e-18
0.336 	0.125941422594 	4.8610502739e-19 	0.127674499862 	0.000717951462833 	177.831659202 	-187.444676664 	39.8425188342 	-3.40874909724 	-6.95894198479e-19
0.336 	0.127405857741 	-6.12855286845e-19 	0.127674499862 	0.000717951462833 	177.831659202 	-187.444676664 	39.8425188342 	-3.40874909724 	-6.95894198479e-19
0.336 	0.128870292887 	-9.79707413964e-19 	0.125388320442 	0.000710590728438 	176.456454362 	-187.442424269 	39.846739732 	-3.3383946919 	1.79066097157e-19
0.336 	0.130334728033 	-9.43444190421e-19 	0.123189076309 	0.000703441045476 	175.12352613 	-187.426591455 	39.8505344166 	-3.26790731859 	-2.46552924854e-19
0.336 	0.13179916318 	-5.42901198269e-19 	0.121077280975 	0.000696516560414 	173.832594739 	-187.397471287 	39.853907413 	-3.19730363702 	-8.7891385272e-19
0.336 	0.133263598326 	1.16101418557e-19 	0.119051836145 	0.00068982295977 	172.583174363 	-187.355384409 	39.8568658041 	-3.12660006941 	3.22020669706e-19
0.336 	0.134728033473 	-7.15989282923e-19 	0.117110703298 	0.000683360749061 	171.374641371 	-187.300678843 	39.8594169936 	-3.05581265193 	1.02917685368e-18
0.336 	0.136192468619 	-1.52337625105e-20 	0.117110703298 	0.000683360749061 	171.374641371 	-187.300678843 	39.8594169936 	-3.05581265193 	1.02917685368e-18
0.336 	0.137656903766 	5.95082822326e-19 	0.11525134908 	0.000677127451216 	170.206286679 	-187.233729856 	39.8615685295 	-2.98495693802 	-1.94698189017e-19
0.336 	0.139121338912 	2.2609460061e-19 	0.113471019681 	0.000671118978033 	169.077351997 	-187.154939853 	39.863328544 	-2.91404794697 	-2.29949954249e-19
0.336 	0.140585774059 	-1.06508568261e-18 	0.111766899072 	0.000665330434001 	167.987053289 	-187.064738296 	39.8647060134 	-2.84310012894 	8.45630459082e-19
0.336 	0.142050209205 	-1.17275178939e-18 	0.110136194448 	0.000659756561515 	166.93459508 	-186.963581636 	39.8657107892 	-2.77212732869 	-1.26301092276e-18
0.336 	0.143514644351 	-1.36042544302e-18 	0.110136194448 	0.000659756561515 	166.93459508 	-186.963581636 	39.8657107892 	-2.77212732869 	-1.26301092276e-18
0.336 	0.144979079498 	-3.68262399211e-19 	0.108576179047 	0.000654391974964 	165.919178719 	-186.85195326 	39.86635356 	-2.70114274429 	-3.52310454245e-19
0.336 	0.146443514644 	3.09872947497e-19 	0.107084211621 	0.000649231278465 	164.940007009 	-186.730363428 	39.8666458281 	-2.63015888269 	1.11086540294e-18
0.336 	0.147907949791 	7.03101976025e-19 	0.105657743945 	0.0006442691233 	163.996286837 	-186.599349199 	39.8665999038 	-2.5591875154 	-9.37352761329e-19
0.336 	0.149372384937 	7.42947378004e-19 	0.105657743945 	0.0006442691233 	163.996286837 	-186.599349199 	39.8665999038 	-2.5591875154 	-9.37352761329e-19
0.336 	0.150836820084 	2.47143482544e-19 	0.104294322564 	0.000639500235821 	163.087230813 	-186.459474364 	39.866228903 	-2.48823963388 	1.14986574964e-18
0.336 	0.15230125523 	2.54475953552e-19 	0.102991587943 	0.000634919431563 	162.212058448 	-186.311329359 	39.8655467433 	-2.41732540526 	-8.02080161732e-19
0.336 	0.153765690377 	-3.70084746523e-19 	0.101747272505 	0.000630521623065 	161.36999713 	-186.155531191 	39.8645681374 	-2.34645412748 	5.25317750495e-19
0.336 	0.155230125523 	-2.39859384762e-19 	0.101747272505 	0.000630521623065 	161.36999713 	-186.155531191 	39.8645681374 	-2.34645412748 	5.25317750495e-19
0.336 	0.156694560669 	-2.02140665159e-19 	0.10055919826 	0.00062630182486 	160.560283027 	-185.992723347 	39.8633085867 	-2.2756341844 	-2.05978932636e-21
0.336 	0.158158995816 	-2.41096682978e-19 	0.09942527431 	0.000622255157155 	159.782161975 	-185.823575724 	39.861784374 	-2.20487300015 	3.71348144666e-19
0.336 	0.159623430962 	1.67112366687e-20 	0.09942527431 	0.000622255157155 	159.782161975 	-185.823575724 	39.861784374 	-2.20487300015 	3.71348144666e-19
0.336 	0.161087866109 	1.02252886458e-18 	0.098343494373 	0.000618376848886 	159.034890375 	-185.648784545 	39.8600125562 	-2.13417699343 	-8.62312486643e-19
0.336 	0.162552301255 	3.36589631238e-19 	0.0973119343862 	0.000614662240439 	158.317736122 	-185.469072304 	39.8580109579 	-2.06355153115 	3.99452345575e-19
0.336 	0.164016736402 	6.57493692483e-19 	0.0963287502073 	0.000611106786212 	157.62997954 	-185.285187713 	39.8557981636 	-1.99300088136 	7.7206545963e-20
0.336 	0.165481171548 	3.37741437961e-19 	0.0963287502073 	0.000611106786212 	157.62997954 	-185.285187713 	39.8557981636 	-1.99300088136 	7.7206545963e-20
0.336 	0.166945606695 	1.06703540354e-18 	0.0953921754358 	0.000607706057173 	156.970914326 	-185.097905666 	39.8533935108 	-1.92252816595 	3.26596729982e-19
0.336 	0.168410041841 	4.68428896108e-19 	0.0945005193509 	0.000604455743515 	156.339848475 	-184.90802722 	39.8508170827 	-1.85213531151 	-7.475566874e-19
0.336 	0.169874476987 	-7.6957630399e-19 	0.0945005193509 	0.000604455743515 	156.339848475 	-184.90802722 	39.8508170827 	-1.85213531151 	-7.475566874e-19
0.336 	0.171338912134 	-3.86168872386e-19 	0.0936521649868 	0.000601351657579 	155.736105166 	-184.716379621 	39.8480897013 	-1.7818230014 	8.75405781939e-19
0.336 	0.17280334728 	-2.80620369849e-19 	0.0936521649868 	0.000601351657579 	155.736105166 	-184.716379621 	39.8480897013 	-1.7818230014 	8.75405781939e-19
0.336 	0.174267782427 	-5.13234698267e-19 	0.0928455673351 	0.000598389737056 	155.159023602 	-184.52381631 	39.8452329203 	-1.71159062266 	-9.16076720196e-19
0.336 	0.175732217573 	1.56057400371e-19 	0.0920792518156 	0.000595566047787 	154.607960205 	-184.331217058 	39.8422690194 	-1.64143621947 	-4.57366469799e-20
0.336 	0.17719665272 	1.91726071358e-19 	0.0920792518156 	0.000595566047787 	154.607960205 	-184.331217058 	39.8422690194 	-1.64143621947 	-4.57366469799e-20
0.336 	0.178661087866 	1.60386195357e-18 	0.0913518123942 	0.000592876743238 	154.082300303 	-184.139487946 	39.8392209983 	-1.57135643109 	8.08812677456e-19
0.336 	0.180125523013 	-6.71809254698e-19 	0.090661910444 	0.000590318160619 	153.581435389 	-183.949561748 	39.8361125711 	-1.50134645349 	9.13797992229e-20
0.336 	0.181589958159 	7.6278698849e-19 	0.090661910444 	0.000590318160619 	153.581435389 	-183.949561748 	39.8361125711 	-1.50134645349 	9.13797992229e-20
0.336 	0.183054393305 	7.92241430286e-19 	0.0900082736151 	0.000587886778007 	153.104776264 	-183.762397702 	39.8329681619 	-1.43139995421 	-8.62637984709e-19
0.336 	0.184518828452 	3.24755483993e-19 	0.0900082736151 	0.000587886778007 	153.104776264 	-183.762397702 	39.8329681619 	-1.43139995421 	-8.62637984709e-19
0.336 	0.185983263598 	8.75720708434e-19 	0.0893896948015 	0.000585579222235 	152.651753012 	-183.5789825 	39.8298128978 	-1.36150906533 	-8.03705651118e-20
0.336 	0.187447698745 	8.75011569304e-19 	0.0888050308382 	0.000583392273906 	152.221815081 	-183.400329282 	39.8266726086 	-1.29166423232 	3.10746895529e-19
0.336 	0.188912133891 	2.08388362167e-19 	0.0888050308382 	0.000583392273906 	152.221815081 	-183.400329282 	39.8266726086 	-1.29166423232 	3.10746895529e-19
0.336 	0.190376569038 	-5.63518693586e-19 	0.0882532021849 	0.000581322872406 	151.814432863 	-183.227480268 	39.8235738158 	-1.22185430928 	1.0531190024e-19
0.336 	0.191841004184 	-1.82254867198e-20 	0.0882532021849 	0.000581322872406 	151.814432863 	-183.227480268 	39.8235738158 	-1.22185430928 	1.0531190024e-19
0.336 	0.193305439331 	7.36725536909e-19 	0.0877331912105 	0.000579368111943 	151.429099051 	-183.061503257 	39.8205437459 	-1.15206621933 	4.05214816955e-20
0.336 	0.194769874477 	-1.04762689637e-18 	0.087244043192 	0.000577525245629 	151.065332385 	-182.903498871 	39.8176103048 	-1.08228535574 	-2.21230804936e-20
0.336 	0.196234309623 	8.48701043067e-19 	0.087244043192 	0.000577525245629 	151.065332385 	-182.903498871 	39.8176103048 	-1.08228535574 	-2.21230804936e-20
0.336 	0.19769874477 	6.74169008101e-19 	0.0867848632261 	0.000575791675334 	150.722677913 	-182.754589621 	39.8148021204 	-1.01249470808 	-1.32874463408e-19
0.336 	0.199163179916 	-6.9488168747e-19 	0.0867848632261 	0.000575791675334 	150.722677913 	-182.754589621 	39.8148021204 	-1.01249470808 	-1.32874463408e-19
0.336 	0.200627615063 	-4.08343146098e-19 	0.0863548205979 	0.000574164970878 	150.4007123 	-182.61594006 	39.8121484747 	-0.942676143817 	8.58026494312e-21
0.336 	0.202092050209 	-1.42781918245e-18 	0.0863548205979 	0.000574164970878 	150.4007123 	-182.61594006 	39.8121484747 	-0.942676143817 	8.58026494312e-21
0.336 	0.203556485356 	1.20927990196e-18 	0.0859531414231 	0.00057264284796 	150.099039444 	-182.488724745 	39.8096794173 	-0.872808043719 	3.55678887995e-19
0.336 	0.205020920502 	-2.41211930586e-19 	0.0859531414231 	0.00057264284796 	150.099039444 	-182.488724745 	39.8096794173 	-0.872808043719 	3.55678887995e-19
0.336 	0.206485355649 	-1.94755770514e-19 	0.0855791213686 	0.000571223220703 	149.817301305 	-182.374183802 	39.8074255896 	-0.802869032628 	1.25680553943e-20
0.336 	0.207949790795 	6.05589262317e-19 	0.0852321060726 	0.000569904134829 	149.555163516 	-182.273533222 	39.8054185139 	-0.732831561346 	-1.36876343176e-19
0.336 	0.209414225941 	-2.37832612564e-19 	0.0852321060726 	0.000569904134829 	149.555163516 	-182.273533222 	39.8054185139 	-0.732831561346 	-1.36876343176e-19
0.336 	0.210878661088 	6.89906184689e-20 	0.084911524968 	0.000568683897373 	149.312342692 	-182.18811496 	39.8036901513 	-0.662672228787 	4.12457251692e-20
0.336 	0.212343096234 	6.35835662119e-19 	0.084911524968 	0.000568683897373 	149.312342692 	-182.18811496 	39.8036901513 	-0.662672228787 	4.12457251692e-20
0.336 	0.213807531381 	3.65057573396e-19 	0.0846168392494 	0.000567560887588 	149.088566707 	-182.119154911 	39.8022736105 	-0.592354655625 	1.24957190475e-19
0.336 	0.215271966527 	1.28698970824e-18 	0.0846168392494 	0.000567560887588 	149.088566707 	-182.119154911 	39.8022736105 	-0.592354655625 	1.24957190475e-19
0.336 	0.216736401674 	-5.5943566319e-19 	0.0843476289298 	0.000566533882692 	148.883644044 	-182.068158008 	39.8012020784 	-0.521856991257 	-2.66518610822e-19
0.336 	0.21820083682 	4.4920459851e-19 	0.0843476289298 	0.000566533882692 	148.883644044 	-182.068158008 	39.8012020784 	-0.521856991257 	-2.66518610822e-19
0.336 	0.219665271967 	1.88604997458e-19 	0.0841034581536 	0.000565601559031 	148.697359141 	-182.036276927 	39.8005104774 	-0.451127336653 	3.59980286378e-20
0.336 	0.221129707113 	-1.27672221534e-20 	0.0841034581536 	0.000565601559031 	148.697359141 	-182.036276927 	39.8005104774 	-0.451127336653 	3.59980286378e-20
0.336 	0.222594142259 	-2.64732485716e-19 	0.0838840939851 	0.000564763307095 	148.529645838 	-182.025322403 	39.8002330027 	-0.380154668776 	1.07603366804e-19
0.336 	0.224058577406 	-1.14850727664e-18 	0.0838840939851 	0.000564763307095 	148.529645838 	-182.025322403 	39.8002330027 	-0.380154668776 	1.07603366804e-19
0.336 	0.225523012552 	4.04611846959e-19 	0.0836891678735 	0.000564017969474 	148.38032191 	-182.036169374 	39.8004068031 	-0.308856028208 	-3.12914470776e-19
0.336 	0.226987447699 	1.69628227768e-20 	0.0836891678735 	0.000564017969474 	148.38032191 	-182.036169374 	39.8004068031 	-0.308856028208 	-3.12914470776e-19
0.336 	0.228451882845 	-8.9977223075e-19 	0.083518712763 	0.000563365842831 	148.249514637 	-182.071262878 	39.801066654 	-0.237253734575 	1.3533158891e-19
0.336 	0.229916317992 	2.22291988679e-19 	0.083518712763 	0.000563365842831 	148.249514637 	-182.071262878 	39.801066654 	-0.237253734575 	1.3533158891e-19
0.336 	0.231380753138 	8.40382140731e-19 	0.0833723363961 	0.000562805586651 	148.137009251 	-182.130721597 	39.8022526087 	-0.165198185398 	1.08271652583e-19
0.336 	0.232845188285 	-3.5044337026e-19 	0.0833723363961 	0.000562805586651 	148.137009251 	-182.130721597 	39.8022526087 	-0.165198185398 	1.08271652583e-19
0.336 	0.234309623431 	2.62146231864e-20 	0.0832505079739 	0.000562339026264 	148.043269426 	-182.218361855 	39.8039993612 	-0.0927971856743 	1.46427557405e-19
0.336 	0.235774058577 	2.9362055877e-19 	0.0832505079739 	0.000562339026264 	148.043269426 	-182.218361855 	39.8039993612 	-0.0927971856743 	1.46427557405e-19
0.336 	0.237238493724 	3.39615755995e-19 	0.0831525953199 	0.000561963800652 	147.967885518 	-182.332473037 	39.8063507872 	-0.0197550337401 	-1.86607678474e-19
0.336 	0.23870292887 	7.35825574459e-19 	0.0831525953199 	0.000561963800652 	147.967885518 	-182.332473037 	39.8063507872 	-0.0197550337401 	-1.86607678474e-19
0.336 	0.240167364017 	7.37144252535e-19 	0.0831525953199 	0.000561963800652 	147.967885518 	-182.332473037 	39.8063507872 	-0.0197550337401 	-1.86607678474e-19
0.336 	0.241631799163 	5.30484512944e-19 	0.0830798685914 	0.000561684592511 	147.911959308 	-182.479844611 	39.8093405103 	0.0536190147431 	-1.05583805863e-19
0.336 	0.24309623431 	1.4898823445e-19 	0.0830798685914 	0.000561684592511 	147.911959308 	-182.479844611 	39.8093405103 	0.0536190147431 	-1.05583805863e-19
0.336 	0.244560669456 	1.03408322949e-18 	0.0830309710465 	0.000561496130167 	147.874520563 	-182.65462805 	39.813018523 	0.127938699365 	1.05231309231e-19
0.336 	0.246025104603 	-9.42010175924e-19 	0.0830309710465 	0.000561496130167 	147.874520563 	-182.65462805 	39.813018523 	0.127938699365 	1.05231309231e-19
0.336 	0.247489539749 	-4.31503417568e-20 	0.0830087287156 	0.000561408700667 	147.857930625 	-182.869947679 	39.8174143331 	0.202445170616 	-2.16463237867e-20
0.336 	0.248953974895 	-3.48109868307e-19 	0.0830087287156 	0.000561408700667 	147.857930625 	-182.869947679 	39.8174143331 	0.202445170616 	-2.16463237867e-20
0.336 	0.250418410042 	5.78557037566e-19 	0.0830100103007 	0.000561410066558 	147.859853689 	-183.111032598 	39.8225712673 	0.278430736689 	-9.42965687186e-20
0.336 	0.251882845188 	-3.76554528428e-19 	0.0830100103007 	0.000561410066558 	147.859853689 	-183.111032598 	39.8225712673 	0.278430736689 	-9.42965687186e-20
0.336 	0.253347280335 	-1.37141639982e-18 	0.0830408515732 	0.000561522085515 	147.885281301 	-183.404166792 	39.8285438598 	0.354171523556 	9.38414984535e-20
0.336 	0.254811715481 	-1.38330061394e-20 	0.0830408515732 	0.000561522085515 	147.885281301 	-183.404166792 	39.8285438598 	0.354171523556 	9.38414984535e-20
0.336 	0.256276150628 	5.47278238698e-19 	0.0830408515732 	0.000561522085515 	147.885281301 	-183.404166792 	39.8285438598 	0.354171523556 	9.38414984535e-20
0.336 	0.257740585774 	2.02451614069e-19 	0.0830940964201 	0.000561716829267 	147.92879987 	-183.716098203 	39.8353765837 	0.432372951699 	8.87711723775e-20
0.336 	0.259205020921 	-8.30005973456e-20 	0.0830940964201 	0.000561716829267 	147.92879987 	-183.716098203 	39.8353765837 	0.432372951699 	8.87711723775e-20
0.336 	0.260669456067 	-2.51111310026e-19 	0.0831820508781 	0.000562038698034 	148.000575706 	-184.099613077 	39.8431406117 	0.509318729234 	-9.64860102568e-20
0.336 	0.262133891213 	5.62985279708e-20 	0.0831820508781 	0.000562038698034 	148.000575706 	-184.099613077 	39.8431406117 	0.509318729234 	-9.64860102568e-20
0.336 	0.26359832636 	2.28558819222e-19 	0.0832892387083 	0.000562427350514 	148.088884071 	-184.484633586 	39.851794323 	0.590559341754 	1.09108459052e-19
0.336 	0.265062761506 	1.32400243791e-18 	0.0832892387083 	0.000562427350514 	148.088884071 	-184.484633586 	39.851794323 	0.590559341754 	1.09108459052e-19
0.336 	0.266527196653 	2.75167008309e-19 	0.0832892387083 	0.000562427350514 	148.088884071 	-184.484633586 	39.851794323 	0.590559341754 	1.09108459052e-19
0.336 	0.267991631799 	-3.05429655356e-19 	0.0834405210288 	0.000562971934357 	148.214353037 	-184.97554724 	39.8615429959 	0.668407376076 	2.42942509818e-20
0.336 	0.269456066946 	7.35952024458e-19 	0.0834405210288 	0.000562971934357 	148.214353037 	-184.97554724 	39.8615429959 	0.668407376076 	2.42942509818e-20
0.336 	0.270920502092 	-1.75914911588e-19 	0.0836035352277 	0.000563546001864 	148.35263661 	-185.431517793 	39.8721494826 	0.753975168239 	-1.1622686072e-19
0.336 	0.272384937238 	1.13250556125e-18 	0.0836035352277 	0.000563546001864 	148.35263661 	-185.431517793 	39.8721494826 	0.753975168239 	-1.1622686072e-19
0.336 	0.273849372385 	-1.22822555647e-18 	0.0836035352277 	0.000563546001864 	148.35263661 	-185.431517793 	39.8721494826 	0.753975168239 	-1.1622686072e-19
0.336 	0.275313807531 	-4.14844162218e-19 	0.0838269171355 	0.000564321609717 	148.544581126 	-186.05413316 	39.8841783073 	0.831920480777 	8.48373054033e-20
0.336 	0.276778242678 	-1.2398669222e-18 	0.0838269171355 	0.000564321609717 	148.544581126 	-186.05413316 	39.8841783073 	0.831920480777 	8.48373054033e-20
0.336 	0.278242677824 	1.45353352534e-18 	0.0840450384547 	0.000565040164168 	148.741706846 	-186.571311046 	39.8968135486 	0.92387679159 	1.31574548366e-19
0.336 	0.279707112971 	-4.9686729813e-19 	0.0840450384547 	0.000565040164168 	148.741706846 	-186.571311046 	39.8968135486 	0.92387679159 	1.31574548366e-19
0.336 	0.281171548117 	-8.46782035448e-19 	0.0840450384547 	0.000565040164168 	148.741706846 	-186.571311046 	39.8968135486 	0.92387679159 	1.31574548366e-19
0.336 	0.282635983264 	5.57485856902e-19 	0.0843482379745 	0.000566011200629 	149.022206417 	-187.361303398 	39.9115315164 	1.00023794015 	6.83378721464e-20
0.336 	0.28410041841 	1.52073577515e-19 	0.0843482379745 	0.000566011200629 	149.022206417 	-187.361303398 	39.9115315164 	1.00023794015 	6.83378721464e-20
0.336 	0.285564853556 	7.21561295963e-19 	0.084600986587 	0.000566690651502 	149.289539827 	-187.917760006 	39.926104013 	1.10189830421 	-9.88273026157e-21
0.336 	0.287029288703 	-1.19229121859e-18 	0.084600986587 	0.000566690651502 	149.289539827 	-187.917760006 	39.926104013 	1.10189830421 	-9.88273026157e-21
0.336 	0.288493723849 	-3.15808861382e-19 	0.084600986587 	0.000566690651502 	149.289539827 	-187.917760006 	39.926104013 	1.10189830421 	-9.88273026157e-21
0.336 	0.289958158996 	9.81493994762e-19 	0.0849437872467 	0.000567515835977 	149.676505679 	-188.928046098 	39.944072687 	1.17353542113 	-5.09581279384e-20
0.336 	0.291422594142 	1.14690837346e-19 	0.0849437872467 	0.000567515835977 	149.676505679 	-188.928046098 	39.944072687 	1.17353542113 	-5.09581279384e-20
0.336 	0.292887029289 	8.38747687963e-19 	0.0849437872467 	0.000567515835977 	149.676505679 	-188.928046098 	39.944072687 	1.17353542113 	-5.09581279384e-20
0.336 	0.294351464435 	-6.31649857751e-20 	0.0850633699394 	0.000567209075332 	149.968280902 	-189.483563246 	39.9601053691 	1.29018609047 	-2.19830215373e-20
0.336 	0.295815899582 	2.9474475233e-19 	0.0850633699394 	0.000567209075332 	149.968280902 	-189.483563246 	39.9601053691 	1.29018609047 	-2.19830215373e-20
0.336 	0.297280334728 	-3.99942958441e-19 	0.0851531667968 	0.000566236971593 	150.384328592 	-190.790001148 	39.9822646469 	1.35169609147 	-4.05859539837e-21
0.336 	0.298744769874 	6.92826803893e-19 	0.0851531667968 	0.000566236971593 	150.384328592 	-190.790001148 	39.9822646469 	1.35169609147 	-4.05859539837e-21
0.336 	0.300209205021 	-6.24528428695e-19 	0.0851449935708 	0.000566083787352 	150.410584923 	-192.02154794 	40.0137609655 	1.34458866913 	1.20249601191e-20
0.336 	0.301673640167 	5.74989587549e-19 	0.0846157333851 	0.000561972529586 	150.569162958 	-192.530454504 	40.0310114895 	1.48359892793 	2.06090410259e-20
0.336 	0.303138075314 	1.72301366494e-19 	0.0846157333851 	0.000561972529586 	150.569162958 	-192.530454504 	40.0310114895 	1.48359892793 	2.06090410259e-20
0.336 	0.30460251046 	5.88063493938e-19 	0.0846157333851 	0.000561972529586 	150.569162958 	-192.530454504 	40.0310114895 	1.48359892793 	2.06090410259e-20
0.336 	0.306066945607 	-5.81281899456e-19 	0.0841076600088 	0.000556395703601 	151.165185972 	-194.24458203 	40.0595417339 	1.52604729181 	4.40344473652e-20
0.336 	0.307531380753 	3.09365748928e-19 	0.0841076600088 	0.000556395703601 	151.165185972 	-194.24458203 	40.0595417339 	1.52604729181 	4.40344473652e-20
0.336 	0.3089958159 	3.0028922308e-19 	0.083295145403 	0.000547615206787 	152.105245382 	-194.613886076 	40.0771173392 	1.70022979094 	-4.72310282548e-20
0.336 	0.310460251046 	6.94280714391e-19 	0.083295145403 	0.000547615206787 	152.105245382 	-194.613886076 	40.0771173392 	1.70022979094 	-4.72310282548e-20
0.336 	0.311924686192 	1.34181143806e-19 	0.083295145403 	0.000547615206787 	152.105245382 	-194.613886076 	40.0771173392 	1.70022979094 	-4.72310282548e-20
0.336 	0.313389121339 	1.81565342022e-19 	0.0827949031952 	0.000537790381423 	153.953856475 	-196.835350496 	40.1146298529 	1.71150082731 	-6.85552102552e-21
0.336 	0.314853556485 	1.9597614284e-19 	0.0827949031952 	0.000537790381423 	153.953856475 	-196.835350496 	40.1146298529 	1.71150082731 	-6.85552102552e-21
0.336 	0.316317991632 	-1.1039113903e-19 	0.0827949031952 	0.000537790381423 	153.953856475 	-196.835350496 	40.1146298529 	1.71150082731 	-6.85552102552e-21
0.336 	0.317782426778 	-7.66752346127e-19 	0.0821309979584 	0.000527151155693 	155.80160846 	-197.025459675 	40.1282154829 	1.93653829211 	-3.86886657792e-20
0.336 	0.319246861925 	-4.93169335269e-19 	0.0821309979584 	0.000527151155693 	155.80160846 	-197.025459675 	40.1282154829 	1.93653829211 	-3.86886657792e-20
0.336 	0.320711297071 	2.6953831454e-19 	0.0821309979584 	0.000527151155693 	155.80160846 	-197.025459675 	40.1282154829 	1.93653829211 	-3.86886657792e-20
0.336 	0.322175732218 	-3.5899037154e-19 	0.0811736469392 	0.000517844307037 	156.752996675 	-199.832007514 	40.1181705221 	1.89863778978 	8.54890915244e-20
0.336 	0.323640167364 	7.54122952054e-19 	0.0811736469392 	0.000517844307037 	156.752996675 	-199.832007514 	40.1181705221 	1.89863778978 	8.54890915244e-20
0.336 	0.32510460251 	-6.68920764543e-19 	0.0811736469392 	0.000517844307037 	156.752996675 	-199.832007514 	40.1181705221 	1.89863778978 	8.54890915244e-20
0.336 	0.326569037657 	6.0680187695e-19 	0.0807144827388 	0.000512560120843 	157.473200619 	-199.836013462 	40.344911237 	2.20029200756 	-1.97170050225e-19
0.336 	0.328033472803 	-8.78224399952e-19 	0.0807144827388 	0.000512560120843 	157.473200619 	-199.836013462 	40.344911237 	2.20029200756 	-1.97170050225e-19
0.336 	0.32949790795 	2.3142837437e-19 	0.0807144827388 	0.000512560120843 	157.473200619 	-199.836013462 	40.344911237 	2.20029200756 	-1.97170050225e-19
0.336 	0.330962343096 	-1.13073083168e-18 	0.0810318837289 	0.000512005407995 	158.263726249 	-203.17516776 	39.852343348 	2.08205796372 	-5.6208760532e-20
0.336 	0.332426778243 	-1.25685910087e-20 	0.0810318837289 	0.000512005407995 	158.263726249 	-203.17516776 	39.852343348 	2.08205796372 	-5.6208760532e-20
0.336 	0.333891213389 	4.37889481144e-19 	0.0810318837289 	0.000512005407995 	158.263726249 	-203.17516776 	39.852343348 	2.08205796372 	-5.6208760532e-20
