0.504 	0 	0 	6.63344386913 	3.65053944685e-05 	181711.332413 	6.43600504233 	17.8997859119 	0.000247882839349 	3.38824717863e-23
0.504 	0.00146443514644 	-1.10096294943e-18 	3.62254352336 	0.000413185122596 	8767.36195292 	6.44329705973 	32.0177974981 	0.00718917382096 	1.08738989424e-22
0.504 	0.00292887029289 	-1.92693241704e-18 	0.399147207204 	0.00047938942601 	832.615793231 	6.42210478241 	34.0239156928 	-0.00534867860029 	6.82569458713e-22
0.504 	0.00439330543933 	-6.03782825242e-19 	0.225201032605 	0.000620293012568 	363.055891396 	6.38295872377 	34.0523977422 	-0.0269535085401 	-4.34717405329e-23
0.504 	0.00585774058577 	2.79695557117e-18 	0.221930659375 	0.000645624809903 	343.745556198 	6.32770476967 	33.8697241323 	-0.0539869335407 	-6.20601363897e-22
0.504 	0.00732217573222 	2.99675097615e-19 	0.219397966592 	0.000643376810939 	341.010062629 	6.26278163903 	33.6884387876 	-0.0819690777669 	-9.43543553039e-22
0.504 	0.00878661087866 	1.97407404995e-18 	0.216126274716 	0.000639241716193 	338.097888859 	6.17502512739 	33.5054087862 	-0.116020229439 	-1.81791167957e-21
0.504 	0.0102510460251 	-3.57795804981e-19 	0.213411636509 	0.000635820968398 	335.647371062 	6.05877145111 	33.3288497074 	-0.156814704034 	-1.33687000304e-21
0.504 	0.0117154811715 	3.24720472561e-20 	0.211568178435 	0.000633592611215 	333.918317055 	5.90776396269 	33.1645455198 	-0.204442308102 	-1.76530115548e-21
0.504 	0.013179916318 	-4.00542815545e-19 	0.210677327416 	0.00063261176366 	333.027837164 	5.757441741 	33.0452228374 	-0.247166930787 	1.5216517969e-21
0.504 	0.0146443514644 	5.77094914341e-19 	0.210189051306 	0.000632177036491 	332.484476931 	5.57700785826 	32.9388729992 	-0.29355940384 	2.0671752428e-23
0.504 	0.0161087866109 	2.13702315949e-18 	0.209976128849 	0.000632103415838 	332.186353669 	5.36276472654 	32.8470387846 	-0.343120269637 	-2.53474025254e-21
0.504 	0.0175732217573 	-1.27957459694e-18 	0.20991437348 	0.000632209730471 	332.032810257 	5.11090750146 	32.7708453353 	-0.395318840824 	-1.95514403542e-21
0.504 	0.0190376569038 	-6.47754201461e-19 	0.209892804452 	0.000632299750768 	331.951426831 	4.89498030596 	32.7244264294 	-0.435876243594 	2.66857968417e-22
0.504 	0.0205020920502 	-1.10059907906e-18 	0.209787344533 	0.000632275588343 	331.797318133 	4.56781111885 	32.6771036678 	-0.49140226689 	-6.88665001366e-22
0.504 	0.0219665271967 	-4.38163422834e-19 	0.209593852206 	0.000632067974647 	331.6001769 	4.29073040962 	32.6525144523 	-0.533844871683 	1.74051970212e-21
0.504 	0.0234309623431 	1.7449264662e-18 	0.209282565388 	0.00063167072352 	331.315917607 	3.98450168703 	32.6371712499 	-0.576726214876 	3.32987377215e-21
0.504 	0.0248953974895 	-2.63109905796e-19 	0.208837861515 	0.000631062378237 	330.930615922 	3.6473180246 	32.6309493883 	-0.619825880106 	4.01429994613e-21
0.504 	0.026359832636 	2.74744944721e-18 	0.208244118521 	0.00063022112441 	330.430241791 	3.2773448525 	32.6336722967 	-0.662923503016 	2.19809550385e-22
0.504 	0.0278242677824 	5.74857558902e-19 	0.207500751483 	0.000629146695363 	329.812987991 	2.87272271982 	32.6451075907 	-0.705800389715 	1.35874819956e-21
0.504 	0.0292887029289 	-1.59760855734e-18 	0.206622516939 	0.000627862413738 	329.088845611 	2.43157393671 	32.6649904337 	-0.748242201916 	1.33366291463e-21
0.504 	0.0307531380753 	-6.07644170009e-19 	0.205624431102 	0.000626390614667 	328.268697339 	1.95200902284 	32.693028219 	-0.790041394978 	1.45033586329e-22
0.504 	0.0322175732218 	-1.02553823106e-18 	0.204896779234 	0.000625310878208 	327.671861109 	1.61001931225 	32.7160861472 	-0.817451360891 	-3.01611157198e-22
0.504 	0.0336820083682 	-7.77608513352e-19 	0.20372163395 	0.000623558104119 	326.708341378 	1.06220396643 	32.7569487895 	-0.857738466681 	-2.85210592873e-22
0.504 	0.0351464435146 	8.06276523991e-19 	0.202890945348 	0.000622313447547 	326.026934092 	0.672949699995 	32.7882095964 	-0.883964141988 	9.3333650303e-22
0.504 	0.0366108786611 	-5.182444103e-19 	0.201588294292 	0.000620353215619 	324.957281137 	0.051593197156 	32.8408453272 	-0.922223017802 	-6.4217454955e-23
0.504 	0.0380753138075 	-6.15586018281e-19 	0.200689192545 	0.000618994744992 	324.217926192 	-0.388446877868 	32.8795980472 	-0.946937324746 	1.24713751856e-22
0.504 	0.039539748954 	-3.03974790056e-19 	0.199770961417 	0.000617603026622 	323.4617591 	-0.849780708809 	32.9211450815 	-0.970964388533 	7.17222942827e-22
0.504 	0.0410041841004 	2.03412316911e-18 	0.198838453805 	0.000616185205104 	322.692677718 	-1.332962867 	32.9653699769 	-0.994261060334 	5.68272015022e-22
0.504 	0.0424686192469 	4.97973910545e-19 	0.197896037155 	0.000614747833352 	321.914167759 	-1.83854295647 	33.012156829 	-1.0167868916 	6.59517956237e-22
0.504 	0.0439330543933 	3.05104711372e-18 	0.196471905434 	0.000612567616465 	320.735050553 	-2.64009557751 	33.0868891304 	-1.04904817194 	-2.15309940587e-21
0.504 	0.0453974895397 	4.75398807998e-19 	0.195520635425 	0.000611105734666 	319.945672792 	-3.20402983905 	33.1395798324 	-1.06948673432 	-1.77142562525e-21
0.504 	0.0468619246862 	-6.7513280183e-20 	0.194571633872 	0.000609642781557 	319.156791088 	-3.79222557652 	33.1944365751 	-1.08903279959 	-9.34162804251e-22
0.504 	0.0483263598326 	-6.14857740527e-19 	0.194098840829 	0.000608912256344 	318.763235272 	-4.09558080472 	33.2226434534 	-1.09846185076 	-1.60732781945e-21
0.504 	0.0497907949791 	9.69636863639e-19 	0.193158230182 	0.00060745556027 	317.979195211 	-4.72111679901 	33.2805479432 	-1.11661448715 	-2.31716966528e-21
0.504 	0.0512552301255 	-4.79675013025e-20 	0.192226165602 	0.000606007721164 	317.200852214 	-5.37215590205 	33.3403530139 	-1.13380442728 	-1.60765987671e-21
0.504 	0.052719665272 	-1.59907961416e-18 	0.191304638926 	0.000604572050133 	316.429843034 	-6.04916422289 	33.4019566221 	-1.15000652098 	3.00453689288e-21
0.504 	0.0541841004184 	-7.62407963096e-19 	0.190395474146 	0.000603151473409 	315.667759327 	-6.75258569345 	33.4652613159 	-1.16519695089 	-1.54193383461e-21
0.504 	0.0556485355649 	2.2126837739e-19 	0.189946119201 	0.000602447768518 	315.290601322 	-7.11433319423 	33.4975224738 	-1.17240562164 	6.73734012868e-21
0.504 	0.0571129707113 	4.10324813954e-19 	0.189058884701 	0.000601055211332 	314.544955498 	-7.85814995216 	33.5632056401 	-1.18603577919 	-1.03845442878e-22
0.504 	0.0585774058577 	3.67143737203e-19 	0.188187907368 	0.000599684118885 	313.811724277 	-8.62937031286 	33.6303620614 	-1.19859752478 	2.57341482573e-21
0.504 	0.0600418410042 	2.9095988452e-19 	0.187758793044 	0.000599007108057 	313.45002508 	-9.02536414456 	33.664465793 	-1.20447063762 	-1.28788590438e-20
0.504 	0.0615062761506 	-1.2115354752e-18 	0.186913695286 	0.000597670877268 	312.736829574 	-9.83831300594 	33.7336735305 	-1.21538708037 	-4.27633254231e-21
0.504 	0.0629707112971 	-1.79051814029e-18 	0.186086574249 	0.000596359292342 	312.037687076 	-10.6794385926 	33.8041494411 	-1.22517800509 	5.80906877775e-21
0.504 	0.0644351464435 	-1.80975398841e-19 	0.185680027372 	0.000595713240532 	311.693638378 	-11.1106428121 	33.839838916 	-1.22964409103 	-9.08952778805e-21
0.504 	0.06589958159 	-2.35349727922e-19 	0.184881386162 	0.000594441430404 	311.016992938 	-11.9944575694 	33.9120751528 	-1.23770229612 	-2.43363437385e-20
0.504 	0.0673640167364 	-1.3779819508e-18 	0.184489192284 	0.000593815578295 	310.684325281 	-12.4471075815 	33.9486039978 	-1.24128805449 	-1.12167397157e-21
0.504 	0.0688284518828 	7.3374350611e-19 	0.183718370923 	0.000592583037688 	310.029749821 	-13.3739651581 	34.0224366027 	-1.24755624292 	-2.34636258973e-20
0.504 	0.0702928870293 	1.00282600411e-18 	0.183339568661 	0.000591976104807 	309.707718221 	-13.8481906988 	34.0597209601 	-1.25023174657 	1.70103706262e-20
0.504 	0.0717573221757 	-1.66844647521e-18 	0.18259519805 	0.00059078100534 	309.074253234 	-14.8182509584 	34.1349773427 	-1.2546475333 	4.86945331559e-21
0.504 	0.0732217573222 	-4.92583832065e-19 	0.182229695351 	0.000590192995125 	308.762890878 	-15.314079408 	34.1729305251 	-1.25638029601 	-1.21322170379e-20
0.504 	0.0746861924686 	-2.15415083967e-18 	0.181868694336 	0.000589611465198 	308.455152368 	-15.8170953439 	34.2110881478 	-1.25779118512 	2.30310051768e-21
0.504 	0.0761506276151 	8.99757461177e-19 	0.181160591775 	0.000588468589465 	307.850911703 	-16.8446232412 	34.2879812988 	-1.25963118729 	-3.54595419674e-20
0.504 	0.0776150627615 	9.88314534398e-19 	0.180813849413 	0.000587907858205 	307.554741597 	-17.3690884326 	34.3266996494 	-1.2600519277 	-8.57208345953e-21
0.504 	0.0790794979079 	2.29110046381e-19 	0.180472210883 	0.000587354660622 	307.262754485 	-17.9006497691 	34.3655879156 	-1.26013422167 	1.21672275989e-20
0.504 	0.0805439330544 	-8.36160348739e-19 	0.179804033376 	0.000586270624617 	306.691186333 	-18.9849176875 	34.4438392332 	-1.2592658159 	1.84938396929e-20
0.504 	0.0820083682008 	-1.21217886071e-18 	0.179476914625 	0.000585738911301 	306.411117926 	-19.5375371087 	34.4831838053 	-1.2583057905 	-3.98390529258e-21
0.504 	0.0834728033473 	1.74538734114e-19 	0.179154010095 	0.000585213411053 	306.134491643 	-20.0970778047 	34.5226616105 	-1.25698862765 	6.97889032501e-21
0.504 	0.0849372384937 	-5.0244314731e-19 	0.178835240669 	0.000584694020224 	305.861244486 	-20.6634814462 	34.562263377 	-1.25530936247 	-2.88683532842e-20
0.504 	0.0864016736402 	1.43165343028e-18 	0.178520787896 	0.000584181047204 	305.591543496 	-21.2366840736 	34.6019804804 	-1.25326303397 	4.40604490353e-20
0.504 	0.0878661087866 	9.89407967759e-19 	0.177905885617 	0.000583176114168 	305.063738543 	-22.4032087206 	34.681730093 	-1.2480488653 	-2.17439120844e-20
0.504 	0.0893305439331 	9.1273023219e-19 	0.177605575245 	0.000582684429104 	304.805768567 	-22.9963827881 	34.7217480751 	-1.2448700476 	-2.9220169234e-21
0.504 	0.0907949790795 	-2.86146360352e-19 	0.177309783265 	0.000582199581647 	304.55154702 	-23.5960496537 	34.7618506536 	-1.24130262612 	-3.44242522966e-21
0.504 	0.0922594142259 	1.65860750619e-19 	0.177018256811 	0.000581721187556 	304.300858551 	-24.202106003 	34.8020279777 	-1.23734145499 	6.87734953706e-21
0.504 	0.0937238493724 	-5.89177808263e-19 	0.176730872529 	0.000581249065461 	304.053602888 	-24.8144472408 	34.8422694615 	-1.23298076619 	7.87883822407e-21
0.504 	0.0951882845188 	4.28287798129e-19 	0.17644768776 	0.000580783324861 	303.809837864 	-25.4329682094 	34.8825645729 	-1.22821411401 	1.18595278862e-21
0.504 	0.0966527196653 	-9.5133773028e-20 	0.176168876119 	0.00058032426458 	303.569722777 	-26.0575522599 	34.9229034093 	-1.22303540864 	2.28256950624e-20
0.504 	0.0981171548117 	-4.57766761478e-20 	0.17562491383 	0.000579427137259 	303.10094667 	-27.3244025963 	35.0036776261 	-1.21141764307 	-3.08458324078e-21
0.504 	0.0995815899582 	-4.19634890322e-19 	0.175359694158 	0.000578988999539 	302.872238155 	-27.9664003336 	35.0440966809 	-1.20496613754 	-2.08105442736e-20
0.504 	0.101046025105 	-1.67881569035e-18 	0.175098754353 	0.000578557472564 	302.64712264 	-28.6139221733 	35.0845250323 	-1.19807782212 	2.65445121894e-20
0.504 	0.102510460251 	-8.89404008118e-19 	0.174841962171 	0.000578132362829 	302.425488369 	-29.2668162445 	35.1249522409 	-1.19074622124 	-5.26414939744e-20
0.504 	0.103974895397 	-2.84793455997e-19 	0.174589320955 	0.000577713695188 	302.207343203 	-29.9249235878 	35.165367377 	-1.18296474541 	5.09485064901e-20
0.504 	0.105439330544 	3.60591771576e-19 	0.174340922812 	0.000577301637874 	301.992773577 	-30.588077826 	35.2057599453 	-1.17472676891 	-2.1104829401e-20
0.504 	0.10690376569 	2.05471451053e-19 	0.174096829353 	0.000576896309562 	301.781839244 	-31.256104888 	35.2461201834 	-1.16602567424 	1.27706306805e-20
0.504 	0.108368200837 	1.5223929239e-18 	0.173856997896 	0.000576497659164 	301.574507948 	-31.9288227363 	35.2864385139 	-1.15685484194 	5.37958541803e-21
0.504 	0.109832635983 	2.26444101881e-18 	0.173621314128 	0.000576105518211 	301.370684085 	-32.6060410673 	35.3267047135 	-1.14720761047 	-1.23149056437e-20
0.504 	0.11129707113 	-5.08683066001e-19 	0.173389683744 	0.000575719750178 	301.170289348 	-33.2875611553 	35.3669074944 	-1.137077217 	3.98054683703e-21
0.504 	0.112761506276 	3.50137856194e-19 	0.173162095676 	0.000575340354725 	300.973318234 	-33.9731758531 	35.4070347771 	-1.12645675315 	-5.36540248897e-21
0.504 	0.114225941423 	-5.41020341512e-19 	0.172938619054 	0.000574967463414 	300.779835484 	-34.6626697421 	35.4470744429 	-1.11533917525 	-2.12360840769e-20
0.504 	0.115690376569 	1.06146410974e-18 	0.172719352214 	0.000574601255623 	300.589931755 	-35.3558193681 	35.48701508 	-1.10371737668 	3.73773359204e-21
0.504 	0.117154811715 	1.27479079386e-18 	0.172719352214 	0.000574601255623 	300.589931755 	-35.3558193681 	35.48701508 	-1.10371737668 	3.73773359204e-21
0.504 	0.118619246862 	1.13219872571e-18 	0.172504356351 	0.000574241849158 	300.403665466 	-36.0523935457 	35.5268462433 	-1.09158427273 	8.54712229324e-21
0.504 	0.120083682008 	-5.83126248943e-19 	0.172293608825 	0.000573889223916 	300.221021138 	-36.7521536118 	35.5665580172 	-1.07893285358 	-8.80702182395e-21
0.504 	0.121548117155 	-1.80082282859e-19 	0.172087007227 	0.000573543228707 	300.041912472 	-37.4548535121 	35.6061401472 	-1.06575618463 	-2.28967732538e-20
0.504 	0.123012552301 	-9.11326227349e-19 	0.171884419137 	0.000573203662045 	299.866226472 	-38.1602397327 	35.6455813157 	-1.05204735569 	3.77677072341e-20
0.504 	0.124476987448 	6.46472025628e-19 	0.171685739001 	0.000572870364937 	299.693874058 	-38.8680511452 	35.6848689418 	-1.03779940305 	-4.83610019973e-21
0.504 	0.125941422594 	3.76421854354e-19 	0.171490926408 	0.000572543284781 	299.524823653 	-39.5780188005 	35.7239894555 	-1.02300524878 	1.54874653824e-20
0.504 	0.127405857741 	-3.29119565068e-19 	0.171300021183 	0.000572222501774 	299.359114072 	-40.289865791 	35.7629289015 	-1.00765767964 	2.40216541444e-20
0.504 	0.128870292887 	9.59591608533e-19 	0.17111312321 	0.000571908196104 	299.196836792 	-41.0033072892 	35.8016737474 	-0.991749363721 	-8.28991328419e-20
0.504 	0.130334728033 	1.20229695597e-18 	0.17111312321 	0.000571908196104 	299.196836792 	-41.0033072892 	35.8016737474 	-0.991749363721 	-8.28991328419e-20
0.504 	0.13179916318 	6.29642613731e-19 	0.170930330737 	0.000571600545592 	299.038081848 	-41.7180506568 	35.8402115122 	-0.975272914275 	4.70354544674e-20
0.504 	0.133263598326 	7.78546426745e-19 	0.170751671493 	0.000571299611471 	298.882876979 	-42.4337955023 	35.8785307029 	-0.958220982686 	1.7700390679e-20
0.504 	0.134728033473 	1.16411712833e-18 	0.170577077776 	0.000571005297244 	298.731165191 	-43.1502337699 	35.9166200147 	-0.94058631578 	-3.50487141758e-20
0.504 	0.136192468619 	5.00241559314e-19 	0.170406419684 	0.000570717403634 	298.582833814 	-43.8670498837 	35.9544673108 	-0.922361733819 	7.49869822639e-20
0.504 	0.137656903766 	8.3771556946e-19 	0.170406419684 	0.000570717403634 	298.582833814 	-43.8670498837 	35.9544673108 	-0.922361733819 	7.49869822639e-20
0.504 	0.139121338912 	2.36725401309e-19 	0.170239570015 	0.000570435735118 	298.437772275 	-44.5839208471 	35.9920589886 	-0.903540068922 	-5.57230327127e-20
0.504 	0.140585774059 	-6.16725795695e-19 	0.170076463572 	0.000570160196808 	298.295925468 	-45.3005162473 	36.0293800966 	-0.884114125788 	-4.79621183381e-20
0.504 	0.142050209205 	2.04927768592e-19 	0.169917118313 	0.000569890829353 	298.157312878 	-46.0164982174 	36.0664151588 	-0.864076676541 	5.18480971696e-20
0.504 	0.143514644351 	6.6521667537e-19 	0.169761601463 	0.000569627754582 	298.02199787 	-46.7315214664 	36.1031491452 	-0.843420452974 	3.94954873511e-20
0.504 	0.144979079498 	6.8260127416e-19 	0.169761601463 	0.000569627754582 	298.02199787 	-46.7315214664 	36.1031491452 	-0.843420452974 	3.94954873511e-20
0.504 	0.146443514644 	1.02778479026e-18 	0.169609966927 	0.000569371073816 	297.890031171 	-47.4452334691 	36.1395678371 	-0.822138105912 	-7.22152288892e-20
0.504 	0.147907949791 	-1.43269945663e-18 	0.169462222496 	0.000569120813443 	297.761421641 	-48.1572746118 	36.1756574561 	-0.80022217216 	7.72508493931e-20
0.504 	0.149372384937 	2.84258209027e-18 	0.169318345387 	0.000568876948777 	297.636150931 	-48.8672781944 	36.2114042142 	-0.777665116076 	-3.21518743389e-20
0.504 	0.150836820084 	7.61793700129e-20 	0.169318345387 	0.000568876948777 	297.636150931 	-48.8672781944 	36.2114042142 	-0.777665116076 	-3.21518743389e-20
0.504 	0.15230125523 	-1.51599274811e-18 	0.169178302273 	0.000568639436173 	297.51419179 	-49.5748705406 	36.2467942367 	-0.7544593972 	-2.12947702741e-20
0.504 	0.153765690377 	-2.65010944576e-19 	0.169042045047 	0.000568408207017 	297.395503726 	-50.2796711713 	36.2818134609 	-0.730597492602 	-2.75607216579e-20
0.504 	0.155230125523 	-1.04129786637e-19 	0.168909510824 	0.000568183168905 	297.280032335 	-50.9812929277 	36.3164471458 	-0.706071851537 	-3.07240153554e-20
0.504 	0.156694560669 	-5.60659684147e-19 	0.168909510824 	0.000568183168905 	297.280032335 	-50.9812929277 	36.3164471458 	-0.706071851537 	-3.07240153554e-20
0.504 	0.158158995816 	-2.18336295318e-19 	0.168780646802 	0.000567964246487 	297.167731676 	-51.6793420427 	36.3506794274 	-0.680874810642 	1.16955687112e-19
0.504 	0.159623430962 	-9.04816847916e-19 	0.168655433905 	0.000567751419462 	297.05858607 	-52.3734180738 	36.3844934826 	-0.654998554836 	-4.8259520162e-20
0.504 	0.161087866109 	-9.71006237684e-20 	0.168655433905 	0.000567751419462 	297.05858607 	-52.3734180738 	36.3844934826 	-0.654998554836 	-4.8259520162e-20
0.504 	0.162552301255 	1.96245333071e-18 	0.168533884236 	0.00056754471772 	296.952608268 	-53.0631139736 	36.4178721762 	-0.628435124289 	-6.65356829785e-20
0.504 	0.164016736402 	1.18501763588e-20 	0.168416019193 	0.000567344185214 	296.849819884 	-53.748016192 	36.4507986297 	-0.60117642863 	4.987201966e-20
0.504 	0.165481171548 	-7.50330257163e-19 	0.168416019193 	0.000567344185214 	296.849819884 	-53.748016192 	36.4507986297 	-0.60117642863 	4.987201966e-20
0.504 	0.166945606695 	-2.05145259264e-19 	0.168301849841 	0.000567149847761 	296.750233656 	-54.4277046928 	36.4832563882 	-0.573214259134 	-1.25531515378e-20
0.504 	0.168410041841 	-1.26760034394e-18 	0.168191371959 	0.000566961705523 	296.653848613 	-55.1017530959 	36.5152292965 	-0.544540304199 	3.1332389064e-20
0.504 	0.169874476987 	2.20018243018e-19 	0.168191371959 	0.000566961705523 	296.653848613 	-55.1017530959 	36.5152292965 	-0.544540304199 	3.1332389064e-20
0.504 	0.171338912134 	1.10678668456e-18 	0.168084569972 	0.000566779740788 	296.560652888 	-55.7697287602 	36.5467012692 	-0.51514612744 	-4.15884607681e-20
0.504 	0.17280334728 	-1.60283816256e-18 	0.167981421985 	0.000566603926877 	296.470627923 	-56.4311928458 	36.577655969 	-0.485023111499 	3.8711819886e-20
0.504 	0.174267782427 	-4.99855814858e-19 	0.167981421985 	0.000566603926877 	296.470627923 	-56.4311928458 	36.577655969 	-0.485023111499 	3.8711819886e-20
0.504 	0.175732217573 	1.16415118532e-18 	0.167881906669 	0.000566434238253 	296.383755309 	-57.0857003698 	36.6080765355 	-0.454162406604 	1.46277388193e-20
0.504 	0.17719665272 	-2.12964331355e-18 	0.167786009374 	0.000566270659291 	296.300023002 	-57.7328002023 	36.6379455973 	-0.422554906114 	1.5161080038e-20
0.504 	0.178661087866 	-1.69551324224e-19 	0.167786009374 	0.000566270659291 	296.300023002 	-57.7328002023 	36.6379455973 	-0.422554906114 	1.5161080038e-20
0.504 	0.180125523013 	5.00572427191e-19 	0.167693722474 	0.000566113185673 	296.219425228 	-58.3720350759 	36.6672454542 	-0.390191248569 	-5.10316065311e-20
0.504 	0.181589958159 	-7.5072133418e-19 	0.167605041818 	0.000565961819133 	296.141958966 	-59.0029415077 	36.6959581983 	-0.357061823164 	-1.01106083388e-20
0.504 	0.183054393305 	-1.53037702502e-18 	0.167605041818 	0.000565961819133 	296.141958966 	-59.0029415077 	36.6959581983 	-0.357061823164 	-1.01106083388e-20
0.504 	0.184518828452 	-6.74240484092e-19 	0.167519962594 	0.000565816558832 	296.067621174 	-59.6250498156 	36.7240657473 	-0.323156778273 	9.38049617912e-20
0.504 	0.185983263598 	-2.24184954353e-19 	0.167519962594 	0.000565816558832 	296.067621174 	-59.6250498156 	36.7240657473 	-0.323156778273 	9.38049617912e-20
0.504 	0.187447698745 	1.10018636273e-20 	0.16743847718 	0.000565677398021 	295.996406726 	-60.2378840175 	36.7515497832 	-0.288465985866 	-1.05895399602e-19
0.504 	0.188912133891 	-6.99421562406e-19 	0.167360578112 	0.00056554433169 	295.928309655 	-60.8409617082 	36.7783915948 	-0.252978973923 	-3.51750234203e-20
0.504 	0.190376569038 	-8.0768578363e-19 	0.167360578112 	0.00056554433169 	295.928309655 	-60.8409617082 	36.7783915948 	-0.252978973923 	-3.51750234203e-20
0.504 	0.191841004184 	-5.86471250497e-19 	0.167286265241 	0.000565417367272 	295.863330213 	-61.4337937909 	36.8045719199 	-0.216684868555 	1.07306913245e-19
0.504 	0.193305439331 	-1.51675300061e-19 	0.167286265241 	0.000565417367272 	295.863330213 	-61.4337937909 	36.8045719199 	-0.216684868555 	1.07306913245e-19
0.504 	0.194769874477 	4.72862611976e-19 	0.167215549001 	0.000565296527906 	295.801478952 	-62.0158842773 	36.8300709922 	-0.179572336775 	-2.06675455775e-20
0.504 	0.196234309623 	1.0730776176e-18 	0.167148446695 	0.000565181846943 	295.742773054 	-62.5867302355 	36.8548687066 	-0.141629574383 	-7.39576016734e-20
0.504 	0.19769874477 	-7.7419266443e-19 	0.167148446695 	0.000565181846943 	295.742773054 	-62.5867302355 	36.8548687066 	-0.141629574383 	-7.39576016734e-20
0.504 	0.199163179916 	-3.72870324172e-19 	0.167084979161 	0.00056507336301 	295.687233019 	-63.1458216273 	36.8789447245 	-0.102844267997 	3.92045721036e-20
0.504 	0.200627615063 	-9.42412110015e-19 	0.167084979161 	0.00056507336301 	295.687233019 	-63.1458216273 	36.8789447245 	-0.102844267997 	3.92045721036e-20
0.504 	0.202092050209 	6.69503853814e-19 	0.167025171587 	0.000564971124773 	295.634881613 	-63.6926413846 	36.9022784966 	-0.0632035513779 	-6.25148087079e-22
0.504 	0.203556485356 	1.33848615659e-18 	0.167025171587 	0.000564971124773 	295.634881613 	-63.6926413846 	36.9022784966 	-0.0632035513779 	-6.25148087079e-22
0.504 	0.205020920502 	-9.19331529914e-19 	0.166969056269 	0.000564875195025 	295.585746621 	-64.2266648386 	36.9248491066 	-0.0226938755603 	2.02976161595e-20
0.504 	0.206485355649 	-5.29376349028e-19 	0.166916671464 	0.000564785644634 	295.539861981 	-64.7473594484 	36.9466350491 	0.0186991138322 	-3.35868923283e-21
0.504 	0.207949790795 	-4.20830953775e-19 	0.166916671464 	0.000564785644634 	295.539861981 	-64.7473594484 	36.9466350491 	0.0186991138322 	-3.35868923283e-21
0.504 	0.209414225941 	4.17238636621e-19 	0.166868059298 	0.000564702548147 	295.497266385 	-65.2541844888 	36.9676141196 	0.0609906333962 	-5.69967955192e-20
0.504 	0.210878661088 	8.5295241057e-19 	0.166868059298 	0.000564702548147 	295.497266385 	-65.2541844888 	36.9676141196 	0.0609906333962 	-5.69967955192e-20
0.504 	0.212343096234 	5.25210855104e-19 	0.166823266321 	0.000564625987091 	295.458002527 	-65.7465906103 	36.9877636707 	0.104196757169 	4.20169576076e-20
0.504 	0.213807531381 	1.26028067936e-19 	0.166823266321 	0.000564625987091 	295.458002527 	-65.7465906103 	36.9877636707 	0.104196757169 	4.20169576076e-20
0.504 	0.215271966527 	-7.17545383989e-21 	0.166782343591 	0.0005645560512 	295.422116612 	-66.2240195633 	37.0070609891 	0.148334332376 	2.9151563751e-20
0.504 	0.216736401674 	5.46852984404e-19 	0.166782343591 	0.0005645560512 	295.422116612 	-66.2240195633 	37.0070609891 	0.148334332376 	2.9151563751e-20
0.504 	0.21820083682 	-1.69378695958e-19 	0.166745350008 	0.000564492843451 	295.389661609 	-66.6859035912 	37.0254830579 	0.193421034534 	-4.24884819257e-20
0.504 	0.219665271967 	-4.86723035424e-19 	0.166745350008 	0.000564492843451 	295.389661609 	-66.6859035912 	37.0254830579 	0.193421034534 	-4.24884819257e-20
0.504 	0.221129707113 	2.20811118072e-19 	0.166712362721 	0.000564436493438 	295.360708705 	-67.1316649353 	37.0430061029 	0.239475580345 	8.08179188665e-20
0.504 	0.222594142259 	3.7325247906e-19 	0.166712362721 	0.000564436493438 	295.360708705 	-67.1316649353 	37.0430061029 	0.239475580345 	8.08179188665e-20
0.504 	0.224058577406 	9.55290067794e-19 	0.166683473593 	0.000564387152229 	295.335343716 	-67.5607153652 	37.0596060087 	0.286517966974 	-7.38720053994e-20
0.504 	0.225523012552 	-4.29466310814e-19 	0.166683473593 	0.000564387152229 	295.335343716 	-67.5607153652 	37.0596060087 	0.286517966974 	-7.38720053994e-20
0.504 	0.226987447699 	8.19813507113e-19 	0.166658764761 	0.000564344960244 	295.313640595 	-67.9724552583 	37.0752588142 	0.334569487947 	-2.23602625678e-20
0.504 	0.228451882845 	-1.29899541235e-18 	0.166658764761 	0.000564344960244 	295.313640595 	-67.9724552583 	37.0752588142 	0.334569487947 	-2.23602625678e-20
0.504 	0.229916317992 	-4.80460860315e-19 	0.166638316667 	0.00056431006445 	295.295666628 	-68.3662730712 	37.0899398171 	0.383652570268 	6.65345960866e-20
0.504 	0.231380753138 	-4.65977395162e-19 	0.166638316667 	0.00056431006445 	295.295666628 	-68.3662730712 	37.0899398171 	0.383652570268 	6.65345960866e-20
0.504 	0.232845188285 	4.19890128636e-19 	0.166622236554 	0.000564282662255 	295.281509959 	-68.7415446151 	37.1036234368 	0.433790865344 	-3.38386375052e-20
0.504 	0.234309623431 	8.55221865365e-19 	0.166622236554 	0.000564282662255 	295.281509959 	-68.7415446151 	37.1036234368 	0.433790865344 	-3.38386375052e-20
0.504 	0.235774058577 	3.810755439e-19 	0.166610657501 	0.000564262989174 	295.271284308 	-69.0976322033 	37.1162830698 	0.485009556244 	7.81096101425e-20
0.504 	0.237238493724 	6.24587690584e-20 	0.166610657501 	0.000564262989174 	295.271284308 	-69.0976322033 	37.1162830698 	0.485009556244 	7.81096101425e-20
0.504 	0.23870292887 	7.90931686448e-19 	0.166603743755 	0.000564251287819 	295.265154642 	-69.4338831048 	37.1278902552 	0.537335882457 	-6.37971767446e-20
0.504 	0.240167364017 	4.51650573332e-19 	0.166603743755 	0.000564251287819 	295.265154642 	-69.4338831048 	37.1278902552 	0.537335882457 	-6.37971767446e-20
0.504 	0.241631799163 	7.64806078828e-19 	0.166601691426 	0.000564247777056 	295.263354506 	-69.7496302158 	37.1384152653 	0.590799359278 	-6.62000500054e-20
0.504 	0.24309623431 	-1.63010625637e-19 	0.166601691426 	0.000564247777056 	295.263354506 	-69.7496302158 	37.1384152653 	0.590799359278 	-6.62000500054e-20
0.504 	0.244560669456 	-2.17662835194e-19 	0.166604742348 	0.000564252832291 	295.266116204 	-70.044189361 	37.147827634 	0.645432067323 	3.33231471821e-20
0.504 	0.246025104603 	-2.95094344604e-20 	0.166604742348 	0.000564252832291 	295.266116204 	-70.044189361 	37.147827634 	0.645432067323 	3.33231471821e-20
0.504 	0.247489539749 	8.35977434209e-19 	0.166613244618 	0.000564267297521 	295.273614739 	-70.3168604449 	37.1560954212 	0.701268606652 	1.25629925641e-20
0.504 	0.248953974895 	5.83217681347e-19 	0.166613244618 	0.000564267297521 	295.273614739 	-70.3168604449 	37.1560954212 	0.701268606652 	1.25629925641e-20
0.504 	0.250418410042 	5.25722391132e-19 	0.166627602984 	0.000564291966902 	295.286151066 	-70.5669243031 	37.1631870103 	0.758346683848 	4.5319140604e-20
0.504 	0.251882845188 	9.46533510156e-19 	0.166627602984 	0.000564291966902 	295.286151066 	-70.5669243031 	37.1631870103 	0.758346683848 	4.5319140604e-20
0.504 	0.253347280335 	-1.09942966363e-20 	0.166648063035 	0.000564326931488 	295.304111387 	-70.7936419633 	37.1690741511 	0.816707095779 	1.86958341143e-20
0.504 	0.254811715481 	4.37766078071e-19 	0.166648063035 	0.000564326931488 	295.304111387 	-70.7936419633 	37.1690741511 	0.816707095779 	1.86958341143e-20
0.504 	0.256276150628 	-7.16638959599e-19 	0.166648063035 	0.000564326931488 	295.304111387 	-70.7936419633 	37.1690741511 	0.816707095779 	1.86958341143e-20
0.504 	0.257740585774 	-4.32837790397e-19 	0.16667479258 	0.000564372720409 	295.327514163 	-70.9962550764 	37.1737236554 	0.876393122378 	-1.24392174956e-19
0.504 	0.259205020921 	4.84554404024e-19 	0.16667479258 	0.000564372720409 	295.327514163 	-70.9962550764 	37.1737236554 	0.876393122378 	-1.24392174956e-19
0.504 	0.260669456067 	-5.64100186748e-20 	0.166708187438 	0.000564429700545 	295.356866014 	-71.1739893855 	37.177086748 	0.937452017068 	2.86653672184e-20
0.504 	0.262133891213 	-8.17141984359e-20 	0.166708187438 	0.000564429700545 	295.356866014 	-71.1739893855 	37.177086748 	0.937452017068 	2.86653672184e-20
0.504 	0.26359832636 	-2.28339800027e-19 	0.166748774595 	0.000564498826193 	295.392597572 	-71.3260533717 	37.1791092699 	0.999934259171 	5.32505677447e-20
0.504 	0.265062761506 	-1.33996565872e-18 	0.166748774595 	0.000564498826193 	295.392597572 	-71.3260533717 	37.1791092699 	0.999934259171 	5.32505677447e-20
0.504 	0.266527196653 	7.5171154948e-19 	0.166797230617 	0.000564581386353 	295.435228028 	-71.4514932447 	37.1797421071 	1.06391185657 	6.98501957357e-20
0.504 	0.267991631799 	-5.03078839488e-19 	0.166797230617 	0.000564581386353 	295.435228028 	-71.4514932447 	37.1797421071 	1.06391185657 	6.98501957357e-20
0.504 	0.269456066946 	-8.82191551184e-19 	0.166797230617 	0.000564581386353 	295.435228028 	-71.4514932447 	37.1797421071 	1.06391185657 	6.98501957357e-20
0.504 	0.270920502092 	3.69737904634e-19 	0.166854153416 	0.000564678188576 	295.485387592 	-71.5499228103 	37.1789371096 	1.12941566026 	1.87422586456e-20
0.504 	0.272384937238 	-4.18331379779e-19 	0.166854153416 	0.000564678188576 	295.485387592 	-71.5499228103 	37.1789371096 	1.12941566026 	1.87422586456e-20
0.504 	0.273849372385 	-5.28626823982e-19 	0.166920976215 	0.000564791582342 	295.544376782 	-71.6210527526 	37.1766366016 	1.19634441341 	-1.05512902233e-20
0.504 	0.275313807531 	1.8605753255e-19 	0.166920976215 	0.000564791582342 	295.544376782 	-71.6210527526 	37.1766366016 	1.19634441341 	-1.05512902233e-20
0.504 	0.276778242678 	-5.67123749208e-19 	0.166989387059 	0.000564908269978 	295.60442984 	-71.6510209923 	37.1726837443 	1.26633422785 	-9.46585202129e-20
0.504 	0.278242677824 	5.14162817702e-19 	0.166989387059 	0.000564908269978 	295.60442984 	-71.6510209923 	37.1726837443 	1.26633422785 	-9.46585202129e-20
0.504 	0.279707112971 	7.05370124303e-19 	0.166989387059 	0.000564908269978 	295.60442984 	-71.6510209923 	37.1726837443 	1.26633422785 	-9.46585202129e-20
0.504 	0.281171548117 	1.14448261956e-19 	0.167091255074 	0.000565079905126 	295.69491599 	-71.7072314725 	37.1674346481 	1.33243394283 	-5.21321578036e-20
0.504 	0.282635983264 	3.51382261651e-19 	0.167091255074 	0.000565079905126 	295.69491599 	-71.7072314725 	37.1674346481 	1.33243394283 	-5.21321578036e-20
0.504 	0.28410041841 	-3.60608045645e-19 	0.167130431858 	0.000565150449792 	295.72732698 	-71.5610060865 	37.1594536637 	1.41617441082 	5.12337137527e-20
0.504 	0.285564853556 	6.60090458453e-19 	0.167130431858 	0.000565150449792 	295.72732698 	-71.5610060865 	37.1594536637 	1.41617441082 	5.12337137527e-20
0.504 	0.287029288703 	-8.49014635439e-19 	0.167130431858 	0.000565150449792 	295.72732698 	-71.5610060865 	37.1594536637 	1.41617441082 	5.12337137527e-20
0.504 	0.288493723849 	-2.41827965032e-19 	0.167328989259 	0.00056547905101 	295.90661044 	-71.7649612059 	37.1520254366 	1.46758822117 	-6.01952140591e-21
0.504 	0.289958158996 	6.65994918008e-19 	0.167328989259 	0.00056547905101 	295.90661044 	-71.7649612059 	37.1520254366 	1.46758822117 	-6.01952140591e-21
0.504 	0.291422594142 	2.6347507213e-19 	0.16722654803 	0.000565309122203 	295.814345572 	-71.2853255693 	37.1391945048 	1.57801995406 	7.13221132086e-21
0.504 	0.292887029289 	1.19274063571e-19 	0.16722654803 	0.000565309122203 	295.814345572 	-71.2853255693 	37.1391945048 	1.57801995406 	7.13221132086e-21
0.504 	0.294351464435 	5.28012307059e-20 	0.16722654803 	0.000565309122203 	295.814345572 	-71.2853255693 	37.1391945048 	1.57801995406 	7.13221132086e-21
0.504 	0.295815899582 	1.02246452202e-18 	0.167318791573 	0.000565458281266 	295.899444957 	-71.5975119081 	37.129379185 	1.61516485004 	2.2584705964e-20
0.504 	0.297280334728 	-7.62237408064e-20 	0.167318791573 	0.000565458281266 	295.899444957 	-71.5975119081 	37.129379185 	1.61516485004 	2.2584705964e-20
0.504 	0.298744769874 	1.04466773382e-18 	0.16667530972 	0.000564407443251 	295.310261608 	-71.1228393767 	37.115922364 	1.73307634304 	7.41733200221e-20
0.504 	0.300209205021 	-3.98999699373e-19 	0.16667530972 	0.000564407443251 	295.310261608 	-71.1228393767 	37.115922364 	1.73307634304 	7.41733200221e-20
0.504 	0.301673640167 	-9.95857145953e-19 	0.16667530972 	0.000564407443251 	295.310261608 	-71.1228393767 	37.115922364 	1.73307634304 	7.41733200221e-20
0.504 	0.303138075314 	1.19295393517e-18 	0.166676103353 	0.000564430439599 	295.299635986 	-71.1593392024 	37.1077036661 	1.78000780836 	-5.41124340584e-20
0.504 	0.30460251046 	-8.43582574029e-19 	0.166676103353 	0.000564430439599 	295.299635986 	-71.1593392024 	37.1077036661 	1.78000780836 	-5.41124340584e-20
0.504 	0.306066945607 	3.68354281173e-19 	0.166213172267 	0.000563685999741 	294.868370588 	-70.6747447779 	37.0986364594 	1.90407449316 	3.61185372574e-21
0.504 	0.307531380753 	-1.17951654541e-18 	0.166213172267 	0.000563685999741 	294.868370588 	-70.6747447779 	37.0986364594 	1.90407449316 	3.61185372574e-21
0.504 	0.3089958159 	-2.29334292588e-20 	0.166213172267 	0.000563685999741 	294.868370588 	-70.6747447779 	37.0986364594 	1.90407449316 	3.61185372574e-21
0.504 	0.310460251046 	1.09632214844e-19 	0.166164257097 	0.000563630464052 	294.810638698 	-70.6057236403 	37.0706151384 	1.95279916513 	-1.17533635761e-19
0.504 	0.311924686192 	1.24961183725e-18 	0.166164257097 	0.000563630464052 	294.810638698 	-70.6057236403 	37.0706151384 	1.95279916513 	-1.17533635761e-19
0.504 	0.313389121339 	-8.12421257413e-19 	0.166164257097 	0.000563630464052 	294.810638698 	-70.6057236403 	37.0706151384 	1.95279916513 	-1.17533635761e-19
0.504 	0.314853556485 	8.64767657991e-21 	0.166026382795 	0.000563350533465 	294.712391189 	-70.2244314723 	37.0716744276 	2.07953564834 	1.172132994e-19
0.504 	0.316317991632 	-4.54950620199e-19 	0.166026382795 	0.000563350533465 	294.712391189 	-70.2244314723 	37.0716744276 	2.07953564834 	1.172132994e-19
0.504 	0.317782426778 	5.41317478153e-19 	0.166921141962 	0.000564820956094 	295.529300324 	-69.9136162967 	36.9446936981 	2.13243739901 	-2.68621640393e-20
0.504 	0.319246861925 	2.16410291506e-18 	0.166921141962 	0.000564820956094 	295.529300324 	-69.9136162967 	36.9446936981 	2.13243739901 	-2.68621640393e-20
0.504 	0.320711297071 	-6.58119102672e-19 	0.166921141962 	0.000564820956094 	295.529300324 	-69.9136162967 	36.9446936981 	2.13243739901 	-2.68621640393e-20
0.504 	0.322175732218 	5.59500363106e-19 	0.165612544455 	0.000562764810627 	294.283759979 	-69.4945477418 	36.7812712405 	2.26236408643 	4.85793861308e-20
0.504 	0.323640167364 	-2.6308081709e-19 	0.165612544455 	0.000562764810627 	294.283759979 	-69.4945477418 	36.7812712405 	2.26236408643 	4.85793861308e-20
0.504 	0.32510460251 	2.60567202978e-19 	0.165612544455 	0.000562764810627 	294.283759979 	-69.4945477418 	36.7812712405 	2.26236408643 	4.85793861308e-20
0.504 	0.326569037657 	1.68189584184e-20 	0.166039847327 	0.000563409457448 	294.705467102 	-69.1312835923 	36.9206086852 	2.31146973509 	-3.41793460527e-20
0.504 	0.328033472803 	1.44062597882e-19 	0.166039847327 	0.000563409457448 	294.705467102 	-69.1312835923 	36.9206086852 	2.31146973509 	-3.41793460527e-20
0.504 	0.32949790795 	5.0560227007e-19 	0.166039847327 	0.000563409457448 	294.705467102 	-69.1312835923 	36.9206086852 	2.31146973509 	-3.41793460527e-20
0.504 	0.330962343096 	5.77177725625e-19 	0.164788642707 	0.000561423749863 	293.519187151 	-68.7831912167 	36.8663050466 	2.468034987 	4.76834571411e-20
0.504 	0.332426778243 	1.85042520579e-19 	0.164788642707 	0.000561423749863 	293.519187151 	-68.7831912167 	36.8663050466 	2.468034987 	4.76834571411e-20
0.504 	0.333891213389 	-5.9802322373e-19 	0.164788642707 	0.000561423749863 	293.519187151 	-68.7831912167 	36.8663050466 	2.468034987 	4.76834571411e-20
0.504 	0.335355648536 	1.37289590834e-19 	0.164900921235 	0.000561604295641 	293.624750584 	-67.9369286266 	36.7904901604 	2.5131475916 	1.29918407384e-20
0.504 	0.336820083682 	4.69485761614e-19 	0.164900921235 	0.000561604295641 	293.624750584 	-67.9369286266 	36.7904901604 	2.5131475916 	1.29918407384e-20
