0.462 	0 	0 	3.1008423739 	3.33870737808e-05 	92875.5360309 	91.3908153927 	8.73613816592 	-0.0283759682615 	-5.48700584791e-22
0.462 	0.00146443514644 	-6.30847308581e-19 	13.6963469355 	0.00206522720188 	6631.88385427 	89.1222543909 	13.271686427 	-0.294609001386 	4.28016504675e-22
0.462 	0.00292887029289 	2.61930474396e-18 	18.0646931024 	0.00394219492532 	4582.39469244 	88.0181277621 	14.8605363361 	-0.599438465347 	1.95607244406e-22
0.462 	0.00439330543933 	2.56917238513e-18 	20.7033904934 	0.00489601014721 	4228.62491517 	87.076947433 	16.4402262597 	-0.917698418873 	-3.34371009031e-21
0.462 	0.00585774058577 	2.45667734787e-18 	21.7615876554 	0.00514191681468 	4232.1936429 	86.3278307979 	17.8509796318 	-1.17747070346 	-1.21833231506e-20
0.462 	0.00732217573222 	-3.83086277686e-21 	21.7348913012 	0.00507560507045 	4282.22665072 	85.464660099 	19.4469871523 	-1.43752475439 	4.63332440034e-21
0.462 	0.00878661087866 	3.33219031593e-18 	20.4313290994 	0.00466586078525 	4272.16527718 	84.4457297973 	21.2472976935 	-1.69272014633 	1.69091074047e-20
0.462 	0.0102510460251 	3.25199632622e-18 	17.551445155 	0.00374456976783 	4093.59553488 	83.2683955798 	23.3458776351 	-1.93140512706 	-2.9343243582e-21
0.462 	0.0117154811715 	5.6618299722e-18 	13.431700473 	0.00305161583521 	3706.70113973 	81.5366507585 	25.564782382 	-2.15249447152 	7.87374261648e-21
0.462 	0.013179916318 	9.95851807346e-19 	10.2268764442 	0.00270911034636 	3338.92804267 	79.8941791711 	27.1265512837 	-2.30287346101 	5.62055733588e-21
0.462 	0.0146443514644 	-1.75244821478e-18 	7.39115824592 	0.00247910896802 	2922.7669549 	77.9858012263 	28.4613537506 	-2.43267729207 	6.48008621949e-21
0.462 	0.0161087866109 	1.7726599577e-18 	5.05518423467 	0.00205586386477 	2458.91000921 	75.8302051701 	29.5769579035 	-2.54244902388 	1.71786555603e-20
0.462 	0.0175732217573 	2.52623152089e-18 	2.82099731438 	0.00157838937712 	1787.26324142 	72.5952375438 	30.764868664 	-2.66299751725 	8.61179680866e-21
0.462 	0.0190376569038 	1.02410160479e-18 	2.1285639268 	0.00143194078474 	1486.48879163 	70.8418426705 	31.2172944683 	-2.71239230678 	-2.10182141896e-20
0.462 	0.0205020920502 	2.51892679672e-20 	1.4942988611 	0.00129600846624 	1153.00084839 	68.0708428696 	31.764240468 	-2.77621956046 	-1.82417750329e-20
0.462 	0.0219665271967 	-2.06584073662e-18 	1.12691722965 	0.00118892708238 	947.843855476 	65.1527689457 	32.213011127 	-2.830486123 	-3.89313440764e-20
0.462 	0.0234309623431 	-1.10204117223e-19 	0.868747708873 	0.00106800635108 	813.429347118 	62.1028976342 	32.5919812597 	-2.87580221359 	-6.04749946286e-21
0.462 	0.0248953974895 	3.47580873346e-19 	0.726426338012 	0.000978414607059 	742.452466236 	60.0028520515 	32.804964111 	-2.90061876722 	-5.38100091782e-20
0.462 	0.026359832636 	-2.38505195603e-19 	0.602377384286 	0.000886329638587 	679.631322321 	57.8547447913 	32.9827592322 	-2.92078993729 	-1.99609332673e-20
0.462 	0.0278242677824 	-3.80756450668e-19 	0.44996608655 	0.000754395414292 	596.459201667 	54.5545146179 	33.1825250806 	-2.94240149604 	3.3356994503e-20
0.462 	0.0292887029289 	5.88350310465e-19 	0.37068982173 	0.000676777666596 	547.727621678 	52.3105647181 	33.2776624652 	-2.95177013064 	-2.47950933547e-20
0.462 	0.0307531380753 	-9.1637074728e-20 	0.308079722009 	0.000610807752093 	504.380831699 	50.0372972327 	33.3530572624 	-2.95814678565 	-1.20456140495e-20
0.462 	0.0322175732218 	-1.06594937741e-18 	0.241176272726 	0.000536517467322 	449.521753559 	46.5797440766 	33.4512487969 	-2.96408780749 	5.39712728907e-20
0.462 	0.0336820083682 	-9.64885327716e-19 	0.211297416553 	0.000503558632818 	419.608368881 	44.2459537916 	33.5164354895 	-2.9664145958 	2.70546598244e-21
0.462 	0.0351464435146 	-9.12407405685e-19 	0.190595540971 	0.000482817591584 	394.756828031 	41.8907940091 	33.5838668433 	-2.96756428827 	3.98763508026e-20
0.462 	0.0366108786611 	-1.07777770476e-19 	0.17700795804 	0.000472651272876 	374.500119216 	39.5155540659 	33.6530154726 	-2.96742790831 	8.3842873333e-21
0.462 	0.0380753138075 	5.95225774055e-19 	0.168696420888 	0.000471007428214 	358.160850091 	37.1216175211 	33.7230140181 	-2.96588683422 	3.29503080004e-20
0.462 	0.039539748954 	1.42062459778e-19 	0.166018559045 	0.00047270643744 	351.208585066 	35.9180924153 	33.7581695021 	-2.96456540792 	-2.77056719638e-20
0.462 	0.0410041841004 	-1.66430836168e-18 	0.162787887245 	0.000479891351314 	339.218214288 	33.4988543636 	33.8286850797 	-2.9607938828 	1.32507882349e-20
0.462 	0.0424686192469 	-4.22487493788e-18 	0.161523238469 	0.000490732574553 	329.147170668 	31.0646030312 	33.899461116 	-2.95549401104 	6.52665884158e-21
0.462 	0.0439330543933 	1.79719805098e-18 	0.16145503365 	0.000503960557142 	320.372361214 	28.6168225374 	33.9705116809 	-2.94864141996 	2.94296054179e-21
0.462 	0.0453974895397 	3.33820960472e-19 	0.162074402532 	0.00051873350649 	312.442517216 	26.1570008498 	34.0418332989 	-2.94021213099 	-3.49936735529e-21
0.462 	0.0468619246862 	-2.31538042412e-18 	0.162537435119 	0.000526527795252 	308.696780274 	24.9230417279 	34.0775882409 	-2.93539871791 	1.12460664045e-20
0.462 	0.0483263598326 	-1.09044903632e-18 	0.163637673811 	0.000542716654221 	301.515850929 	22.4479665839 	34.1492634734 	-2.92455960527 	-1.61252293081e-21
0.462 	0.0497907949791 	-5.01392427765e-19 	0.16485989052 	0.000559524864207 	294.642653198 	19.9646085409 	34.2211243106 	-2.91208510465 	-5.46068208586e-21
0.462 	0.0512552301255 	7.91459084839e-20 	0.165489164577 	0.000568113817285 	291.295792397 	18.7202976367 	34.2571109773 	-2.90522771462 	1.26098496703e-20
0.462 	0.052719665272 	-2.79180548513e-19 	0.166748792957 	0.000585592883346 	284.752082375 	16.2273638703 	34.3291712933 	-2.89025961088 	1.0147915696e-20
0.462 	0.0541841004184 	-7.04805579929e-19 	0.167369030132 	0.000594459707512 	281.548148709 	14.9791225534 	34.3652357171 	-2.88214394314 	-8.58376336435e-21
0.462 	0.0556485355649 	-4.35983499559e-19 	0.168570669382 	0.000612392765631 	275.265611945 	12.4800461612 	34.4374131404 	-2.86463762548 	-3.8133138843e-21
0.462 	0.0571129707113 	-6.66044727066e-19 	0.16914552546 	0.000621436699194 	272.184641942 	11.2295934027 	34.4735193452 	-2.85524249605 	3.5549855368e-21
0.462 	0.0585774058577 	-3.95226851064e-19 	0.170228766946 	0.000639620979737 	266.140061598 	8.72781478256 	34.5457522436 	-2.83515753634 	1.39950733534e-20
0.462 	0.0600418410042 	7.85226602621e-19 	0.170731787536 	0.000648736644129 	263.175803434 	7.47687133624 	34.5818738276 	-2.82446353017 	-2.68577069268e-21
0.462 	0.0615062761506 	-4.13960216984e-19 	0.171205666231 	0.000657850772513 	260.250004081 	6.22614674623 	34.6179955081 	-2.81333242578 	-7.7887553267e-21
0.462 	0.0629707112971 	-2.55008882036e-18 	0.172056225246 	0.000676020009385 	254.513509744 	3.72611930799 	34.6902280162 	-2.78975066583 	-3.73322810097e-21
0.462 	0.0644351464435 	1.30934057231e-18 	0.172428164197 	0.000685046676997 	251.702796301 	2.47719936696 	34.726332241 	-2.77729581836 	5.77421882442e-23
0.462 	0.06589958159 	3.00634146892e-19 	0.172761454121 	0.000694014816836 	248.930498211 	1.22926426175 	34.7624231615 	-2.76439546586 	8.07360394597e-22
0.462 	0.0673640167364 	-5.55456164653e-19 	0.173302953559 	0.000711711856498 	243.501568755 	-1.26288226627 	34.83454609 	-2.73724941926 	6.52262480537e-22
0.462 	0.0688284518828 	-4.66582168057e-19 	0.173506575653 	0.000720406939407 	240.845230885 	-2.5067078469 	34.870567685 	-2.72299923712 	-6.15458176498e-22
0.462 	0.0702928870293 	6.36098492631e-19 	0.173662309346 	0.000728975596908 	238.227877699 	-3.74877672092 	34.906555479 	-2.708294594 	1.05335187075e-21
0.462 	0.0717573221757 	1.93009760581e-18 	0.173767679123 	0.000737398280307 	235.649694018 	-4.98889429064 	34.9425040482 	-2.69313321053 	3.01467011029e-21
0.462 	0.0732217573222 	1.20520421341e-18 	0.173816564411 	0.000753720537778 	230.611421208 	-7.46249298416 	35.0142624257 	-2.66143108075 	3.28418062531e-22
0.462 	0.0746861924686 	1.92983435646e-18 	0.173754089448 	0.000761572775147 	228.151655519 	-8.69558051084 	35.0500623338 	-2.64488577526 	-1.2142803915e-21
0.462 	0.0761506276151 	1.47821398718e-18 	0.173629106693 	0.000769184059781 	225.731545636 	-9.9259293985 	35.0858035225 	-2.62787462997 	-1.56113298751e-21
0.462 	0.0776150627615 	2.17742673138e-18 	0.173437655765 	0.00077652447792 	223.351176552 	-11.1533402209 	35.1214823525 	-2.6103954149 	-5.36440356401e-21
0.462 	0.0790794979079 	2.05877593128e-19 	0.173175220644 	0.000783560674967 	221.010607317 	-12.3776123993 	35.1570959011 	-2.59244592434 	5.23473875269e-21
0.462 	0.0805439330544 	1.4052456718e-18 	0.172836646877 	0.000790255313115 	218.709882754 	-13.5985441628 	35.1926420352 	-2.5740239793 	4.46933139364e-21
0.462 	0.0820083682008 	6.04343656516e-19 	0.172416060754 	0.000796566511576 	216.449045056 	-14.8159324807 	35.2281195275 	-2.55512743277 	-1.76881162687e-20
0.462 	0.0834728033473 	8.82222310112e-19 	0.17190681523 	0.000802447368941 	214.228149888 	-16.0295730405 	35.2635282439 	-2.5357541779 	4.58248414375e-20
0.462 	0.0849372384937 	3.89341945552e-19 	0.17130147982 	0.000807845655513 	212.047287314 	-17.239260186 	35.2988694455 	-2.51590216254 	-4.54023956482e-20
0.462 	0.0864016736402 	-1.96167867042e-19 	0.169769343417 	0.000816959411768 	207.80633771 	-19.645944795 	35.3693653755 	-2.4747541918 	-3.89113101284e-21
0.462 	0.0878661087866 	5.92075135654e-19 	0.168824762529 	0.000820546158945 	205.746819589 	-20.8425241679 	35.4045379252 	-2.45345503102 	1.09253356744e-20
0.462 	0.0893305439331 	1.36874864783e-18 	0.167749135044 	0.000823395570831 	203.728488453 	-22.0343142247 	35.4396829557 	-2.43167107 	-3.91591279035e-20
0.462 	0.0907949790795 	3.60172537237e-19 	0.166533888808 	0.000825439339586 	201.751819693 	-23.2211034346 	35.4748282073 	-2.40940209426 	3.15537802098e-20
0.462 	0.0922594142259 	-7.33551026303e-19 	0.165171377482 	0.000826612480741 	199.817183179 	-24.4026799021 	35.5100078049 	-2.38664832829 	-4.24086500826e-21
0.462 	0.0937238493724 	-2.4501145909e-18 	0.163655435311 	0.000826857299733 	197.924642335 	-25.5788314171 	35.5452533639 	-2.36340967699 	2.76830460714e-20
0.462 	0.0951882845188 	-7.30194901722e-19 	0.161982077943 	0.000826128193207 	196.073780407 	-26.7493446248 	35.5805779637 	-2.33968442684 	-7.4201710084e-20
0.462 	0.0966527196653 	-1.39588868779e-18 	0.160150420107 	0.000824397210351 	194.263660886 	-27.9140028897 	35.6159567002 	-2.31546778779 	1.56350882096e-20
0.462 	0.0981171548117 	-1.41622074e-18 	0.160150420107 	0.000824397210351 	194.263660886 	-27.9140028897 	35.6159567002 	-2.31546778779 	1.56350882096e-20
0.462 	0.0995815899582 	2.0669123674e-18 	0.158163789798 	0.000821659963662 	192.492998068 	-29.0725828073 	35.6513123234 	-2.29075101378 	-2.6200556125e-20
0.462 	0.101046025105 	-8.54364043688e-20 	0.156030828659 	0.000817940896569 	190.760517433 	-30.2248501318 	35.6865161246 	-2.26552186067 	3.5943343668e-20
0.462 	0.102510460251 	4.18646674792e-19 	0.153766169135 	0.000813296359153 	189.065360252 	-31.3705565159 	35.72140979 	-2.23976663425 	3.53036656431e-21
0.462 	0.103974895397 	-9.13835399143e-19 	0.151390236892 	0.000807813891757 	187.407320469 	-32.5094385925 	35.7558439503 	-2.21347322315 	-4.67417082654e-20
0.462 	0.105439330544 	3.70957957988e-19 	0.148927960561 	0.000801606929505 	185.786767903 	-33.6412201495 	35.7897188116 	-2.18663381543 	5.28268259048e-20
0.462 	0.10690376569 	1.43617759769e-18 	0.14640660645 	0.000794805640021 	184.204287285 	-34.7656168189 	35.8230086302 	-2.15924599471 	-1.89452622928e-20
0.462 	0.108368200837 	-8.9799870178e-19 	0.143853334014 	0.000787546013736 	182.660227472 	-35.8823415011 	35.8557586446 	-2.13131172122 	-1.65534209179e-20
0.462 	0.109832635983 	5.6486809397e-19 	0.141293151772 	0.000779959801195 	181.154402516 	-36.9911084733 	35.8880571132 	-2.10283483462 	8.24719108425e-20
0.462 	0.11129707113 	1.324212336e-18 	0.141293151772 	0.000779959801195 	181.154402516 	-36.9911084733 	35.8880571132 	-2.10283483462 	8.24719108425e-20
0.462 	0.112761506276 	-1.38923525183e-19 	0.138747712499 	0.000772167209455 	179.686097519 	-38.0916349375 	35.9199975197 	-2.07381842215 	-4.92392770947e-20
0.462 	0.114225941423 	-7.63030512725e-19 	0.136234969608 	0.000764272930114 	178.254343757 	-39.1836401013 	35.951648873 	-2.04426323437 	-3.95276568748e-21
0.462 	0.115690376569 	8.62283601802e-19 	0.133769384667 	0.000756364862009 	176.85827487 	-40.2668429455 	35.9830444503 	-2.01416752169 	-2.74451553572e-20
0.462 	0.117154811715 	1.41341492604e-18 	0.131362307165 	0.000748514406801 	175.497366479 	-41.3409599981 	36.014187637 	-1.98352784112 	6.76458714105e-20
0.462 	0.118619246862 	-7.73677825119e-19 	0.129022298185 	0.000740777459543 	174.171468803 	-42.4057039464 	36.0450657249 	-1.95234006417 	-5.06129641471e-20
0.462 	0.120083682008 	-8.4777867063e-19 	0.129022298185 	0.000740777459543 	174.171468803 	-42.4057039464 	36.0450657249 	-1.95234006417 	-5.06129641471e-20
0.462 	0.121548117155 	1.59154092846e-19 	0.126755372254 	0.000733195740426 	172.88067192 	-43.4607831397 	36.0756622139 	-1.9206000388 	6.19441184709e-20
0.462 	0.123012552301 	-4.59218506365e-19 	0.124565242389 	0.000725798460942 	171.625112332 	-44.5059016353 	36.1059630481 	-1.88830379203 	-8.48729500936e-20
0.462 	0.124476987448 	3.78208597451e-19 	0.122453647096 	0.000718604358418 	170.404821041 	-45.5407593557 	36.1359574476 	-1.85544745588 	1.01155522123e-19
0.462 	0.125941422594 	-3.84506180968e-19 	0.120420777739 	0.000711624015972 	169.219665211 	-46.5650521581 	36.1656363625 	-1.82202714003 	-4.85196500464e-20
0.462 	0.127405857741 	-4.89715102961e-19 	0.120420777739 	0.000711624015972 	169.219665211 	-46.5650521581 	36.1656363625 	-1.82202714003 	-4.85196500464e-20
0.462 	0.128870292887 	-5.30747885881e-19 	0.118465752302 	0.000704862217085 	168.069375021 	-47.578471794 	36.194991002 	-1.78803886124 	-3.81999507554e-20
0.462 	0.130334728033 	6.23840033982e-19 	0.116587022386 	0.000698319935554 	166.953593116 	-48.5807058397 	36.2240122341 	-1.75347852977 	8.31864729589e-20
0.462 	0.13179916318 	5.17470402857e-19 	0.116587022386 	0.000698319935554 	166.953593116 	-48.5807058397 	36.2240122341 	-1.75347852977 	8.31864729589e-20
0.462 	0.133263598326 	6.99251631776e-19 	0.114782651364 	0.000691995745575 	165.871903257 	-49.5714376382 	36.2526905816 	-1.71834195555 	-2.50035710295e-20
0.462 	0.134728033473 	-7.77782012769e-19 	0.113050500747 	0.000685886782619 	164.823850834 	-50.5503462691 	36.2810163736 	-1.68262485071 	-4.4504642886e-20
0.462 	0.136192468619 	-6.8100182987e-19 	0.111388348009 	0.000679989363926 	163.808956313 	-51.5171065392 	36.3089798324 	-1.64632282269 	3.06402853551e-20
0.462 	0.137656903766 	-6.14357952875e-19 	0.111388348009 	0.000679989363926 	163.808956313 	-51.5171065392 	36.3089798324 	-1.64632282269 	3.06402853551e-20
0.462 	0.139121338912 	-1.05936692962e-18 	0.109793957025 	0.00067429936909 	162.826723646 	-52.4713889738 	36.3365710801 	-1.60943136201 	-2.56582593413e-20
0.462 	0.140585774059 	-2.08615732814e-19 	0.108265118422 	0.000668812464599 	161.876645776 	-53.4128598223 	36.3637801183 	-1.57194582894 	6.07071297318e-20
0.462 	0.142050209205 	3.91509216314e-19 	0.108265118422 	0.000668812464599 	161.876645776 	-53.4128598223 	36.3637801183 	-1.57194582894 	6.07071297318e-20
0.462 	0.143514644351 	-5.04845554841e-19 	0.106799671614 	0.000663524232111 	160.958208376 	-54.3411810557 	36.3905968082 	-1.53386143964 	-5.32795650383e-20
0.462 	0.144979079498 	-5.11282233781e-19 	0.105395516909 	0.000658430242714 	160.070892968 	-55.256010365 	36.41701086 	-1.49517325215 	1.39885031632e-20
0.462 	0.146443514644 	-2.04242176921e-19 	0.105395516909 	0.000658430242714 	160.070892968 	-55.256010365 	36.41701086 	-1.49517325215 	1.39885031632e-20
0.462 	0.147907949791 	-5.85086151801e-19 	0.104050623879 	0.000653526107394 	159.21418089 	-56.1570011527 	36.4430118319 	-1.45587615111 	3.9836417474e-20
0.462 	0.149372384937 	9.26946599749e-19 	0.102763038518 	0.000648807517451 	158.387558334 	-57.0438025135 	36.4685891496 	-1.41596483207 	-6.50134717734e-20
0.462 	0.150836820084 	1.63969727854e-18 	0.102763038518 	0.000648807517451 	158.387558334 	-57.0438025135 	36.4685891496 	-1.41596483207 	-6.50134717734e-20
0.462 	0.15230125523 	-1.11419184582e-18 	0.101530883865 	0.000644270258718 	157.590518096 	-57.916059208 	36.4937321259 	-1.37543378335 	5.62044312334e-20
0.462 	0.153765690377 	6.71893965178e-19 	0.100352345802 	0.000639910170971 	156.822551593 	-58.7734116206 	36.5184299472 	-1.33427726423 	2.17552246875e-20
0.462 	0.155230125523 	3.02250377673e-19 	0.100352345802 	0.000639910170971 	156.822551593 	-58.7734116206 	36.5184299472 	-1.33427726423 	2.17552246875e-20
0.462 	0.156694560669 	2.59482233138e-18 	0.0992256574552 	0.000635723100191 	156.083139696 	-59.6154956951 	36.5426716332 	-1.29248928194 	-5.93142065961e-20
0.462 	0.158158995816 	-1.20649792852e-18 	0.0981491141666 	0.000631704958098 	155.371764791 	-60.4419428451 	36.5664460223 	-1.25006356782 	-1.08162196505e-21
0.462 	0.159623430962 	-9.03811839635e-19 	0.0981491141666 	0.000631704958098 	155.371764791 	-60.4419428451 	36.5664460223 	-1.25006356782 	-1.08162196505e-21
0.462 	0.161087866109 	3.94407859286e-20 	0.0971210865536 	0.000627851777819 	154.687921552 	-61.2523798363 	36.5897417836 	-1.20699355139 	4.17769189035e-20
0.462 	0.162552301255 	2.54471407249e-19 	0.0971210865536 	0.000627851777819 	154.687921552 	-61.2523798363 	36.5897417836 	-1.20699355139 	4.17769189035e-20
0.462 	0.164016736402 	1.35165046955e-18 	0.0961400119914 	0.00062415969047 	154.031113286 	-62.0464286358 	36.6125474172 	-1.16327232985 	-9.77162480435e-21
0.462 	0.165481171548 	-4.19042996613e-20 	0.0952043913247 	0.000620624916995 	153.40085246 	-62.8237062526 	36.6348512443 	-1.11889263889 	-4.17066951659e-20
0.462 	0.166945606695 	1.65560063318e-19 	0.0952043913247 	0.000620624916995 	153.40085246 	-62.8237062526 	36.6348512443 	-1.11889263889 	-4.17066951659e-20
0.462 	0.168410041841 	9.24445394537e-20 	0.094312787677 	0.00061724376883 	152.796662258 	-63.5838244733 	36.6566413985 	-1.07384681454 	2.73192402412e-20
0.462 	0.169874476987 	-2.36110367014e-19 	0.094312787677 	0.00061724376883 	152.796662258 	-63.5838244733 	36.6566413985 	-1.07384681454 	2.73192402412e-20
0.462 	0.171338912134 	-1.90748467316e-18 	0.0934638258103 	0.000614012657728 	152.21807667 	-64.3263896816 	36.6779058142 	-1.02812676483 	-4.51337787017e-20
0.462 	0.17280334728 	5.17032638851e-19 	0.0926561913532 	0.000610928115347 	151.664637828 	-65.0510023897 	36.6986322161 	-0.981723915428 	1.04469289606e-19
0.462 	0.174267782427 	-4.40767326314e-19 	0.0926561913532 	0.000610928115347 	151.664637828 	-65.0510023897 	36.6986322161 	-0.981723915428 	1.04469289606e-19
0.462 	0.175732217573 	-5.72259788668e-19 	0.0918886311361 	0.000607986866738 	151.13588165 	-65.7572571501 	36.7188081006 	-0.934629195538 	-8.41823973461e-20
0.462 	0.17719665272 	-1.78460672752e-20 	0.0918886311361 	0.000607986866738 	151.13588165 	-65.7572571501 	36.7188081006 	-0.934629195538 	-8.41823973461e-20
0.462 	0.178661087866 	-7.77564850063e-20 	0.0911599520544 	0.000605185714182 	150.631368055 	-66.4447416146 	36.7384207257 	-0.886832942087 	-3.52151007788e-20
0.462 	0.180125523013 	-2.51499376342e-20 	0.0911599520544 	0.000605185714182 	150.631368055 	-66.4447416146 	36.7384207257 	-0.886832942087 	-3.52151007788e-20
0.462 	0.181589958159 	6.91918388276e-19 	0.0904690211985 	0.000602521589096 	150.150671504 	-67.1130369611 	36.7574570804 	-0.838324942927 	1.0631879419e-19
0.462 	0.183054393305 	-5.28182946018e-19 	0.0898147645908 	0.000599991557598 	149.693380604 	-67.7617156786 	36.7759038828 	-0.789094221762 	6.2875504322e-20
0.462 	0.184518828452 	-9.14039157297e-19 	0.0898147645908 	0.000599991557598 	149.693380604 	-67.7617156786 	36.7759038828 	-0.789094221762 	6.2875504322e-20
0.462 	0.185983263598 	-1.22345950246e-19 	0.0891961693348 	0.000597592834492 	149.259101158 	-68.3903438113 	36.7937475203 	-0.739129272088 	-1.18456553203e-19
0.462 	0.187447698745 	-4.44592271713e-19 	0.0891961693348 	0.000597592834492 	149.259101158 	-68.3903438113 	36.7937475203 	-0.739129272088 	-1.18456553203e-19
0.462 	0.188912133891 	-2.63939765329e-19 	0.088612279874 	0.00059532277363 	148.847455194 	-68.9984751773 	36.8109740821 	-0.68841749325 	-1.80227321003e-20
0.462 	0.190376569038 	-5.18441416266e-19 	0.088612279874 	0.00059532277363 	148.847455194 	-68.9984751773 	36.8109740821 	-0.68841749325 	-1.80227321003e-20
0.462 	0.191841004184 	1.72517308907e-19 	0.0880622045837 	0.000593178894909 	148.458088006 	-69.585659228 	36.8275692283 	-0.636946002177 	6.8061645539e-20
0.462 	0.193305439331 	1.48029191497e-19 	0.0880622045837 	0.000593178894909 	148.458088006 	-69.585659228 	36.8275692283 	-0.636946002177 	6.8061645539e-20
0.462 	0.194769874477 	1.46269481108e-19 	0.0875451053094 	0.000591158847907 	148.090662297 	-70.1514252768 	36.843518324 	-0.584700069357 	-1.54414634168e-19
0.462 	0.196234309623 	4.70539336198e-19 	0.0875451053094 	0.000591158847907 	148.090662297 	-70.1514252768 	36.843518324 	-0.584700069357 	-1.54414634168e-19
0.462 	0.19769874477 	-3.85974564287e-19 	0.0870602160128 	0.000589260483609 	147.744874185 	-70.6953065435 	36.8588061221 	-0.531665590576 	2.95359382975e-20
0.462 	0.199163179916 	-6.09168825296e-19 	0.0870602160128 	0.000589260483609 	147.744874185 	-70.6953065435 	36.8588061221 	-0.531665590576 	2.95359382975e-20
0.462 	0.200627615063 	3.27931157787e-19 	0.0866068137061 	0.000587481749983 	147.420432564 	-71.2167969382 	36.8734171774 	-0.477824735598 	-5.27931667106e-21
0.462 	0.202092050209 	1.1806810824e-19 	0.0866068137061 	0.000587481749983 	147.420432564 	-71.2167969382 	36.8734171774 	-0.477824735598 	-5.27931667106e-21
0.462 	0.203556485356 	-2.61983058929e-19 	0.086184268686 	0.000585820883139 	147.117098701 	-71.7154195852 	36.887335059 	-0.423162998043 	4.87352903922e-20
0.462 	0.205020920502 	1.71522004711e-19 	0.086184268686 	0.000585820883139 	147.117098701 	-71.7154195852 	36.887335059 	-0.423162998043 	4.87352903922e-20
0.462 	0.206485355649 	7.41343348749e-19 	0.0857919659956 	0.000584276118759 	146.834627056 	-72.1906105658 	36.9005434829 	-0.367657335524 	-1.86624059199e-20
0.462 	0.207949790795 	4.87871421532e-19 	0.0857919659956 	0.000584276118759 	146.834627056 	-72.1906105658 	36.9005434829 	-0.367657335524 	-1.86624059199e-20
0.462 	0.209414225941 	8.57326748487e-19 	0.0854294361768 	0.000582846185069 	146.572866676 	-72.6419043972 	36.9130243767 	-0.311295354744 	-2.69783439857e-20
0.462 	0.210878661088 	6.33364786982e-19 	0.0854294361768 	0.000582846185069 	146.572866676 	-72.6419043972 	36.9130243767 	-0.311295354744 	-2.69783439857e-20
0.462 	0.212343096234 	-6.59894411327e-19 	0.0850961507225 	0.000581529540061 	146.331604605 	-73.0686304264 	36.9247607603 	-0.254043958253 	6.92177333658e-21
0.462 	0.213807531381 	1.26712771138e-18 	0.0850961507225 	0.000581529540061 	146.331604605 	-73.0686304264 	36.9247607603 	-0.254043958253 	6.92177333658e-21
0.462 	0.215271966527 	1.01227930479e-18 	0.0847918523395 	0.000580325613514 	146.110821865 	-73.4703935326 	36.9357321146 	-0.195899489239 	7.09023849307e-20
0.462 	0.216736401674 	-6.03305744248e-19 	0.0847918523395 	0.000580325613514 	146.110821865 	-73.4703935326 	36.9357321146 	-0.195899489239 	7.09023849307e-20
0.462 	0.21820083682 	-1.36902121742e-19 	0.0845160413227 	0.000579232877546 	145.910297221 	-73.8463076082 	36.945921301 	-0.136807584993 	8.96028481506e-20
0.462 	0.219665271967 	-9.100756278e-19 	0.0845160413227 	0.000579232877546 	145.910297221 	-73.8463076082 	36.945921301 	-0.136807584993 	8.96028481506e-20
0.462 	0.221129707113 	5.89390622472e-19 	0.0842687851991 	0.000578251895347 	145.730236039 	-74.1961930139 	36.9553038724 	-0.076789459532 	-6.66023634455e-20
0.462 	0.222594142259 	-2.51726817295e-19 	0.0842687851991 	0.000578251895347 	145.730236039 	-74.1961930139 	36.9553038724 	-0.076789459532 	-6.66023634455e-20
0.462 	0.224058577406 	6.8878620113e-19 	0.0840494725292 	0.00057738062107 	145.570303994 	-74.5187084372 	36.9638638874 	-0.0157439488873 	2.10719363997e-20
0.462 	0.225523012552 	-6.39555493919e-19 	0.0840494725292 	0.00057738062107 	145.570303994 	-74.5187084372 	36.9638638874 	-0.0157439488873 	2.10719363997e-20
0.462 	0.226987447699 	3.66878897427e-19 	0.0840494725292 	0.00057738062107 	145.570303994 	-74.5187084372 	36.9638638874 	-0.0157439488873 	2.10719363997e-20
0.462 	0.228451882845 	-6.08585355248e-19 	0.0838587381514 	0.000576621665089 	145.431126211 	-74.814222706 	36.9715702153 	0.046245657985 	-1.45711166282e-19
0.462 	0.229916317992 	1.08300644003e-18 	0.0838587381514 	0.000576621665089 	145.431126211 	-74.814222706 	36.9715702153 	0.046245657985 	-1.45711166282e-19
0.462 	0.231380753138 	-5.79774239663e-19 	0.0836955379343 	0.000575971232458 	145.31201077 	-75.0804241363 	36.9784110461 	0.109383799157 	1.95988588998e-20
0.462 	0.232845188285 	7.08401041697e-19 	0.0836955379343 	0.000575971232458 	145.31201077 	-75.0804241363 	36.9784110461 	0.109383799157 	1.95988588998e-20
0.462 	0.234309623431 	-3.79589573868e-19 	0.0835615866032 	0.000575435902746 	145.214412595 	-75.3189521816 	36.98434353 	0.173443244437 	9.75150245828e-20
0.462 	0.235774058577 	-1.59400138847e-18 	0.0835615866032 	0.000575435902746 	145.214412595 	-75.3189521816 	36.98434353 	0.173443244437 	9.75150245828e-20
0.462 	0.237238493724 	5.45987267586e-19 	0.0835615866032 	0.000575435902746 	145.214412595 	-75.3189521816 	36.98434353 	0.173443244437 	9.75150245828e-20
0.462 	0.23870292887 	1.10471184476e-18 	0.0834547095239 	0.000575007445147 	145.136746016 	-75.5254556128 	36.989365916 	0.238852309369 	1.42993730595e-20
0.462 	0.240167364017 	-1.14733759717e-18 	0.0834547095239 	0.000575007445147 	145.136746016 	-75.5254556128 	36.989365916 	0.238852309369 	1.42993730595e-20
0.462 	0.241631799163 	-5.73796518326e-19 	0.0833787587593 	0.000574700365533 	145.082139772 	-75.7043352982 	36.9934148425 	0.305067098889 	1.26382084562e-20
0.462 	0.24309623431 	6.01662855137e-19 	0.0833787587593 	0.000574700365533 	145.082139772 	-75.7043352982 	36.9934148425 	0.305067098889 	1.26382084562e-20
0.462 	0.244560669456 	6.38436570434e-19 	0.0833289780289 	0.000574496406319 	145.046996138 	-75.8470676352 	36.996508399 	0.372987928115 	-2.55942907341e-20
0.462 	0.246025104603 	6.3518166779e-19 	0.0833289780289 	0.000574496406319 	145.046996138 	-75.8470676352 	36.996508399 	0.372987928115 	-2.55942907341e-20
0.462 	0.247489539749 	-9.35721551012e-20 	0.0833289780289 	0.000574496406319 	145.046996138 	-75.8470676352 	36.996508399 	0.372987928115 	-2.55942907341e-20
0.462 	0.248953974895 	-9.71113475778e-19 	0.0833134898102 	0.000574425981041 	145.037816116 	-75.9637450994 	36.9985446234 	0.441405113773 	2.91092476876e-20
0.462 	0.250418410042 	5.32731591068e-19 	0.0833134898102 	0.000574425981041 	145.037816116 	-75.9637450994 	36.9985446234 	0.441405113773 	2.91092476876e-20
0.462 	0.251882845188 	-3.14434674026e-19 	0.0833220560663 	0.000574449640151 	145.046754741 	-76.0376067447 	36.9995814538 	0.512181063118 	-1.33467016525e-19
0.462 	0.253347280335 	-8.21115687956e-19 	0.0833220560663 	0.000574449640151 	145.046754741 	-76.0376067447 	36.9995814538 	0.512181063118 	-1.33467016525e-19
0.462 	0.254811715481 	5.01732829187e-19 	0.0833220560663 	0.000574449640151 	145.046754741 	-76.0376067447 	36.9995814538 	0.512181063118 	-1.33467016525e-19
0.462 	0.256276150628 	1.11789992737e-18 	0.0833711648872 	0.000574628890618 	145.086970475 	-76.0899080084 	36.9994624362 	0.582763887306 	4.33792888258e-20
0.462 	0.257740585774 	-4.78685918019e-19 	0.0833711648872 	0.000574628890618 	145.086970475 	-76.0899080084 	36.9994624362 	0.582763887306 	4.33792888258e-20
0.462 	0.259205020921 	-1.20778457771e-19 	0.0834394266051 	0.000574881221107 	145.142028547 	-76.0882871482 	36.9983218818 	0.656904251233 	-9.26779849498e-20
0.462 	0.260669456067 	4.01065765307e-19 	0.0834394266051 	0.000574881221107 	145.142028547 	-76.0882871482 	36.9983218818 	0.656904251233 	-9.26779849498e-20
0.462 	0.262133891213 	1.67643473979e-19 	0.0834394266051 	0.000574881221107 	145.142028547 	-76.0882871482 	36.9983218818 	0.656904251233 	-9.26779849498e-20
0.462 	0.26359832636 	-1.08893002338e-18 	0.0835594588608 	0.000575328014719 	145.237945525 	-76.0748227577 	36.9958891386 	0.729457636248 	1.80335155498e-19
0.462 	0.265062761506 	2.556381953e-19 	0.0835594588608 	0.000575328014719 	145.237945525 	-76.0748227577 	36.9958891386 	0.729457636248 	1.80335155498e-19
0.462 	0.266527196653 	1.30238878566e-18 	0.0836883749947 	0.000575803754059 	145.341836354 	-75.9889664938 	36.992414732 	0.807734275506 	-4.79823747745e-20
0.462 	0.267991631799 	3.13447771691e-19 	0.0836883749947 	0.000575803754059 	145.341836354 	-75.9889664938 	36.992414732 	0.807734275506 	-4.79823747745e-20
0.462 	0.269456066946 	-2.634063738e-19 	0.0836883749947 	0.000575803754059 	145.341836354 	-75.9889664938 	36.992414732 	0.807734275506 	-4.79823747745e-20
0.462 	0.270920502092 	-2.2654302641e-18 	0.0838889478059 	0.000576540737392 	145.50393817 	-75.9096162664 	36.9874482986 	0.881797098873 	-7.00850567541e-20
0.462 	0.272384937238 	5.23361022127e-19 	0.0838889478059 	0.000576540737392 	145.50393817 	-75.9096162664 	36.9874482986 	0.881797098873 	-7.00850567541e-20
0.462 	0.273849372385 	-2.59749489964e-19 	0.0840779714198 	0.000577217343351 	145.660854422 	-75.7279807303 	36.9814754672 	0.965377217108 	1.14308971015e-19
0.462 	0.275313807531 	1.79082719644e-20 	0.0840779714198 	0.000577217343351 	145.660854422 	-75.7279807303 	36.9814754672 	0.965377217108 	1.14308971015e-19
0.462 	0.276778242678 	-3.79933626979e-19 	0.0840779714198 	0.000577217343351 	145.660854422 	-75.7279807303 	36.9814754672 	0.965377217108 	1.14308971015e-19
0.462 	0.278242677824 	-1.6737936095e-18 	0.0843721965708 	0.000578261060985 	145.906757801 	-75.584236849 	36.9737272824 	1.04008415055 	-1.8325685876e-20
0.462 	0.279707112971 	-6.86542094004e-19 	0.0843721965708 	0.000578261060985 	145.906757801 	-75.584236849 	36.9737272824 	1.04008415055 	-1.8325685876e-20
0.462 	0.281171548117 	1.2574030712e-20 	0.0843721965708 	0.000578261060985 	145.906757801 	-75.584236849 	36.9737272824 	1.04008415055 	-1.8325685876e-20
0.462 	0.282635983264 	-1.4172044388e-18 	0.0846145686813 	0.000579061624503 	146.123599114 	-75.2921788015 	36.9651106524 	1.13068259616 	-9.05644460985e-20
0.462 	0.28410041841 	6.40715556652e-19 	0.0846145686813 	0.000579061624503 	146.123599114 	-75.2921788015 	36.9651106524 	1.13068259616 	-9.05644460985e-20
0.462 	0.285564853556 	9.6840070102e-19 	0.0850117706409 	0.00058035906622 	146.481334727 	-75.0867775421 	36.9542418303 	1.20462441361 	3.67056183546e-20
0.462 	0.287029288703 	-8.42982240318e-19 	0.0850117706409 	0.00058035906622 	146.481334727 	-75.0867775421 	36.9542418303 	1.20462441361 	3.67056183546e-20
0.462 	0.288493723849 	3.26972661597e-20 	0.0850117706409 	0.00058035906622 	146.481334727 	-75.0867775421 	36.9542418303 	1.20462441361 	3.67056183546e-20
0.462 	0.289958158996 	5.99312513384e-19 	0.0852679895411 	0.000580989744075 	146.763330008 	-74.6674608848 	36.9428477142 	1.30462168043 	-9.08406707213e-21
0.462 	0.291422594142 	5.08657132279e-19 	0.0852679895411 	0.000580989744075 	146.763330008 	-74.6674608848 	36.9428477142 	1.30462168043 	-9.08406707213e-21
0.462 	0.292887029289 	-7.62945314573e-19 	0.0852679895411 	0.000580989744075 	146.763330008 	-74.6674608848 	36.9428477142 	1.30462168043 	-9.08406707213e-21
0.462 	0.294351464435 	1.22021303376e-18 	0.0857153943022 	0.000582084432952 	147.255946818 	-74.4020685388 	36.9282695144 	1.37579168011 	9.39394488146e-23
0.462 	0.295815899582 	7.96723849222e-19 	0.0857153943022 	0.000582084432952 	147.255946818 	-74.4020685388 	36.9282695144 	1.37579168011 	9.39394488146e-23
0.462 	0.297280334728 	-7.22805992462e-19 	0.0857153943022 	0.000582084432952 	147.255946818 	-74.4020685388 	36.9282695144 	1.37579168011 	9.39394488146e-23
0.462 	0.298744769874 	1.01405885184e-18 	0.0857869422067 	0.000581370704764 	147.559795332 	-73.8403167734 	36.914027891 	1.48818889728 	3.98398912949e-21
0.462 	0.300209205021 	3.87976941278e-20 	0.0857869422067 	0.000581370704764 	147.559795332 	-73.8403167734 	36.914027891 	1.48818889728 	3.98398912949e-21
0.462 	0.301673640167 	-2.63297493735e-19 	0.0857869422067 	0.000581370704764 	147.559795332 	-73.8403167734 	36.914027891 	1.48818889728 	3.98398912949e-21
0.462 	0.303138075314 	4.1460872433e-19 	0.0859617158303 	0.000580308525822 	148.131057886 	-73.5089113314 	36.8948080201 	1.55420613511 	1.97219853437e-20
0.462 	0.30460251046 	1.02507080148e-18 	0.0859617158303 	0.000580308525822 	148.131057886 	-73.5089113314 	36.8948080201 	1.55420613511 	1.97219853437e-20
0.462 	0.306066945607 	-3.03900814072e-19 	0.0859617158303 	0.000580308525822 	148.131057886 	-73.5089113314 	36.8948080201 	1.55420613511 	1.97219853437e-20
0.462 	0.307531380753 	6.79613542762e-19 	0.0851898442962 	0.000574639197978 	148.249274668 	-72.8014398638 	36.8782656011 	1.68216479574 	4.96464168394e-20
0.462 	0.3089958159 	2.66504373642e-19 	0.0851898442962 	0.000574639197978 	148.249274668 	-72.8014398638 	36.8782656011 	1.68216479574 	4.96464168394e-20
0.462 	0.310460251046 	4.86931137755e-19 	0.0851898442962 	0.000574639197978 	148.249274668 	-72.8014398638 	36.8782656011 	1.68216479574 	4.96464168394e-20
0.462 	0.311924686192 	-2.37825512856e-19 	0.0844084344174 	0.000566956693443 	148.879862243 	-72.3742692605 	36.85316404 	1.74116811815 	-1.0806803324e-19
0.462 	0.313389121339 	-9.02560067873e-20 	0.0844084344174 	0.000566956693443 	148.879862243 	-72.3742692605 	36.85316404 	1.74116811815 	-1.0806803324e-19
0.462 	0.314853556485 	5.14355904756e-19 	0.0844084344174 	0.000566956693443 	148.879862243 	-72.3742692605 	36.85316404 	1.74116811815 	-1.0806803324e-19
0.462 	0.316317991632 	-4.98828140281e-19 	0.082774704578 	0.000554436048465 	149.229303437 	-71.5532968079 	36.8368515102 	1.88661177903 	1.08148027065e-19
0.462 	0.317782426778 	1.08228666246e-18 	0.082774704578 	0.000554436048465 	149.229303437 	-71.5532968079 	36.8368515102 	1.88661177903 	1.08148027065e-19
0.462 	0.319246861925 	4.23122482889e-20 	0.082774704578 	0.000554436048465 	149.229303437 	-71.5532968079 	36.8368515102 	1.88661177903 	1.08148027065e-19
0.462 	0.320711297071 	1.8108283162e-20 	0.0820334116078 	0.000527681990508 	151.054527875 	-70.9421906045 	36.8024373802 	1.93948128011 	2.46841585483e-20
0.462 	0.322175732218 	1.49814878369e-19 	0.0820334116078 	0.000527681990508 	151.054527875 	-70.9421906045 	36.8024373802 	1.93948128011 	2.46841585483e-20
0.462 	0.323640167364 	1.16878602716e-19 	0.0820334116078 	0.000527681990508 	151.054527875 	-70.9421906045 	36.8024373802 	1.93948128011 	2.46841585483e-20
0.462 	0.32510460251 	-2.26047603697e-18 	0.0808151853123 	0.000504243497999 	152.37370718 	-70.1108835579 	36.7783320451 	2.09918250329 	-5.55654446008e-20
0.462 	0.326569037657 	2.00066018495e-19 	0.0808151853123 	0.000504243497999 	152.37370718 	-70.1108835579 	36.7783320451 	2.09918250329 	-5.55654446008e-20
0.462 	0.328033472803 	5.75676501301e-19 	0.0808151853123 	0.000504243497999 	152.37370718 	-70.1108835579 	36.7783320451 	2.09918250329 	-5.55654446008e-20
0.462 	0.32949790795 	5.6715350988e-19 	0.0799818828601 	0.000515687948019 	153.403066998 	-69.1221832121 	36.7128130074 	2.1535573242 	-1.04708340418e-19
0.462 	0.330962343096 	-1.56210214091e-18 	0.0799818828601 	0.000515687948019 	153.403066998 	-69.1221832121 	36.7128130074 	2.1535573242 	-1.04708340418e-19
0.462 	0.332426778243 	6.55527642124e-20 	0.0799818828601 	0.000515687948019 	153.403066998 	-69.1221832121 	36.7128130074 	2.1535573242 	-1.04708340418e-19
0.462 	0.333891213389 	3.04496312707e-19 	0.0784154514765 	0.000512896470929 	152.887484943 	-68.5109456654 	36.8147582892 	2.31939833767 	1.60210583574e-19
0.462 	0.335355648536 	5.77635007679e-19 	0.0784154514765 	0.000512896470929 	152.887484943 	-68.5109456654 	36.8147582892 	2.31939833767 	1.60210583574e-19
0.462 	0.336820083682 	-1.08396265653e-18 	0.0784154514765 	0.000512896470929 	152.887484943 	-68.5109456654 	36.8147582892 	2.31939833767 	1.60210583574e-19
0.462 	0.338284518828 	-4.59306367694e-19 	0.078292618007 	0.000510947621729 	153.230222977 	-66.8049855506 	36.2672555094 	2.37534709703 	-1.64381102122e-19
0.462 	0.339748953975 	7.88761963972e-19 	0.078292618007 	0.000510947621729 	153.230222977 	-66.8049855506 	36.2672555094 	2.37534709703 	-1.64381102122e-19
0.462 	0.341213389121 	2.40522720368e-20 	0.078292618007 	0.000510947621729 	153.230222977 	-66.8049855506 	36.2672555094 	2.37534709703 	-1.64381102122e-19
