-0.89 	0 	0 	4.75645063129 	4.52513952182e-05 	99266.0373783 	11.2963434696 	16.3556085892 	0.000866876760233 	2.617072206e-23
-0.89 	0.00146443514644 	1.13385510285e-18 	5.47749059236 	0.000583949037843 	9380.08325623 	11.3042526054 	26.3887236519 	0.00884291670776 	-1.4241494798e-23
-0.89 	0.00292887029289 	1.27699035254e-18 	4.453875604 	0.000795731249992 	5429.25142756 	11.3134251336 	29.5529344443 	0.020704995674 	2.37611121098e-24
-0.89 	0.00439330543933 	-2.67179794604e-18 	3.25412617739 	0.000660082141978 	4363.48469293 	11.3201325875 	31.5920953313 	0.0342531283095 	-1.198403817e-23
-0.89 	0.00585774058577 	-5.01567793036e-18 	1.31736439353 	0.000416803117959 	3160.63948844 	11.32580905 	33.8036110732 	0.055352543277 	-1.04388199265e-23
-0.89 	0.00732217573222 	-3.12047196919e-18 	0.282259251947 	0.000188865367433 	1494.4997899 	11.3281877166 	34.7950921062 	0.0676040035324 	8.16010449026e-25
-0.89 	0.00878661087866 	-3.10199375501e-19 	0.138148877854 	0.000344471581551 	401.045790865 	11.329471769 	34.9192777224 	0.0691455128741 	2.71385508512e-23
-0.89 	0.0102510460251 	1.39662681574e-18 	0.131377253479 	0.000492075431672 	266.986004631 	11.3304861654 	34.9159808005 	0.0690401793294 	-2.79158313692e-23
-0.89 	0.0117154811715 	1.2448117632e-18 	0.130183189725 	0.000535338833649 	243.179051364 	11.3319060008 	34.9022345011 	0.0687239961104 	1.58021810831e-23
-0.89 	0.013179916318 	1.27906503978e-18 	0.129998528793 	0.00053947798511 	240.970961524 	11.3330173788 	34.8903415948 	0.0684326977335 	-1.33411634202e-23
-0.89 	0.0146443514644 	7.48064195847e-19 	0.129873626771 	0.000541254548144 	239.949257177 	11.3345599223 	34.8750894397 	0.068013646643 	-8.28428281751e-24
-0.89 	0.0161087866109 	6.78695820314e-19 	0.129826602628 	0.000542782663076 	239.187084371 	11.3357635901 	34.8646683477 	0.0676870465117 	-3.43165039532e-23
-0.89 	0.0175732217573 	-6.74367928269e-19 	0.12981155288 	0.000544594097455 	238.36386308 	11.3370088783 	34.8551476024 	0.0673521524324 	-2.25797160658e-23
-0.89 	0.0190376569038 	-4.83527784105e-19 	0.129816337488 	0.000546428587176 	237.572375484 	11.3382972149 	34.8464176031 	0.0670085249545 	7.03065391053e-25
-0.89 	0.0205020920502 	-4.06846164715e-19 	0.129824653265 	0.000547557317599 	237.097832669 	11.339180689 	34.8409757392 	0.0667740692564 	3.20997237869e-23
-0.89 	0.0219665271967 	-9.88307365957e-19 	0.129838606747 	0.000549025027279 	236.489413589 	11.3405437072 	34.833299978 	0.0664135003212 	-7.22579231969e-24
-0.89 	0.0234309623431 	-2.10247148649e-19 	0.129850308773 	0.000550197010683 	236.00693252 	11.341953143 	34.8261302475 	0.0660413508834 	-4.35649087846e-23
-0.89 	0.0248953974895 	1.051784306e-18 	0.12985592508 	0.000550823874328 	235.748541652 	11.3429191107 	34.8215956068 	0.0657863491083 	3.51566946358e-24
-0.89 	0.026359832636 	2.53832505417e-19 	0.129860975628 	0.000551566267743 	235.440387171 	11.3444083784 	34.8151173642 	0.0653928376005 	-4.00536006733e-24
-0.89 	0.0278242677824 	-1.37245018792e-18 	0.129862369505 	0.000551951610574 	235.278540759 	11.3454285538 	34.8109928307 	0.0651227903492 	-8.21725198873e-23
-0.89 	0.0292887029289 	-3.40950982921e-19 	0.129862489174 	0.000552266240879 	235.144717459 	11.3464709468 	34.8070090224 	0.0648462917736 	-6.85774127577e-23
-0.89 	0.0307531380753 	3.00345696988e-19 	0.12986159789 	0.000552522864981 	235.033889311 	11.3475358522 	34.8031551472 	0.0645631007585 	1.28831169134e-22
-0.89 	0.0322175732218 	-1.66755688497e-19 	0.129858869962 	0.000552822132845 	234.901720186 	11.3491760492 	34.797597631 	0.0641252441166 	-5.35410369102e-23
-0.89 	0.0336820083682 	-6.27320394251e-21 	0.129856398625 	0.000552976952255 	234.83148456 	11.3502984783 	34.7940297486 	0.0638242800427 	9.73553616253e-24
-0.89 	0.0351464435146 	-3.66103022619e-20 	0.129853576516 	0.000553103885879 	234.772489999 	11.3514443911 	34.7905633808 	0.063515791029 	-4.2164244543e-23
-0.89 	0.0366108786611 	6.91994119568e-19 	0.129850514766 	0.000553208216409 	234.7226793 	11.3526140432 	34.7871923598 	0.0631995381013 	-9.601686071e-24
-0.89 	0.0380753138075 	1.58587212011e-19 	0.129847298785 	0.000553294187824 	234.680395425 	11.3538076783 	34.7839111457 	0.0628752802289 	3.18398598688e-24
-0.89 	0.039539748954 	-1.96204881484e-19 	0.129845653911 	0.000553331381724 	234.661647975 	11.354413562 	34.7823026334 	0.0627100733906 	-1.64103491975e-24
-0.89 	0.0410041841004 	1.16507723476e-18 	0.129842323094 	0.000553395990258 	234.628232548 	11.3556435984 	34.7791468896 	0.062373350086 	-1.57317067185e-23
-0.89 	0.0424686192469 	-1.36202560222e-18 	0.129838971326 	0.000553449551006 	234.599469978 	11.3568981643 	34.7760692767 	0.0620280062262 	1.27871747333e-23
-0.89 	0.0439330543933 	-1.43293932627e-18 	0.129835629888 	0.000553494047843 	234.574572923 	11.3581774485 	34.7730658195 	0.061673789079 	4.91743564947e-23
-0.89 	0.0453974895397 	-4.05931341542e-19 	0.129833970468 	0.000553513411548 	234.563368763 	11.3588264138 	34.7715907461 	0.061493272878 	8.861535955e-23
-0.89 	0.0468619246862 	-4.40171557504e-19 	0.129830685384 	0.000553547225594 	234.543105594 	11.3601430868 	34.7686917625 	0.0611252624436 	-8.17868551059e-23
-0.89 	0.0483263598326 	1.89779143352e-18 	0.129827456329 	0.000553575441847 	234.525317626 	11.3614848608 	34.7658583234 	0.0607477274173 	-8.8444924825e-23
-0.89 	0.0497907949791 	7.66971617894e-21 	0.129825865951 	0.000553587757682 	234.517227213 	11.3621651968 	34.7644652363 	0.0605553043019 	-7.71069737686e-23
-0.89 	0.0512552301255 	3.04185370576e-19 	0.129822737903 	0.000553609319255 	234.502443127 	11.3635448242 	34.7617245532 	0.0601629762558 	4.69388073313e-23
-0.89 	0.052719665272 	1.67689623634e-19 	0.129821201488 	0.000553618742177 	234.495676533 	11.3642441334 	34.7603762852 	0.059963002075 	-1.9006441808e-22
-0.89 	0.0541841004184 	3.2110642394e-19 	0.129818185996 	0.000553635254944 	234.483235735 	11.3656617735 	34.7577223037 	0.0595552576768 	-1.18654141722e-23
-0.89 	0.0556485355649 	-1.00833369228e-20 	0.129816707434 	0.000553642477023 	234.477506372 	11.3663801107 	34.7564159858 	0.0593474161106 	-8.23661010384e-23
-0.89 	0.0571129707113 	8.64960187666e-20 	0.129813809309 	0.00055365513908 	234.466909356 	11.3678358195 	34.7538432609 	0.0589236131544 	5.65063071813e-23
-0.89 	0.0585774058577 	-7.66559368846e-19 	0.129812389787 	0.00055366067839 	234.461999657 	11.3685731846 	34.7525763086 	0.0587075782226 	1.67090003286e-22
-0.89 	0.0600418410042 	4.58135441095e-19 	0.129809609508 	0.00055367038945 	234.452865787 	11.3700669025 	34.7500799288 	0.0582670547711 	-8.67956830518e-23
-0.89 	0.0615062761506 	7.70045839777e-19 	0.129808248494 	0.000553674636271 	234.448609328 	11.3708232345 	34.7488500084 	0.0580424904334 	6.94578117968e-24
-0.89 	0.0629707112971 	-1.26471549894e-18 	0.129806906667 	0.000553678521886 	234.444540534 	11.3715858637 	34.7476319528 	0.0578150064956 	5.60714344207e-23
-0.89 	0.0644351464435 	-1.44566188893e-18 	0.129804279725 	0.000553685326192 	234.43691495 	11.3731299438 	34.745230537 	0.0573511238826 	1.16526011223e-22
-0.89 	0.06589958159 	1.11593416674e-18 	0.129802994134 	0.000553688297016 	234.433335206 	11.3739113523 	34.7440467457 	0.0571146462437 	1.29679270068e-22
-0.89 	0.0673640167364 	1.28075014401e-18 	0.129801726785 	0.000553691011352 	234.429897043 	11.3746989737 	34.7428739567 	0.0568750910712 	-3.47931820176e-23
-0.89 	0.0688284518828 	2.32744755185e-19 	0.129799245711 	0.000553695752115 	234.423408912 	11.3762927378 	34.7405605998 	0.0563865857457 	-5.93327146659e-23
-0.89 	0.0702928870293 	-2.78978105041e-19 	0.129798031415 	0.000553697815076 	234.420342435 	11.3770988141 	34.7394196552 	0.0561375533769 	2.17198953458e-22
-0.89 	0.0717573221757 	3.56539010289e-19 	0.129796834226 	0.000553699694918 	234.4173844 	11.3779109702 	34.7382889594 	0.0558852790413 	-2.30910671378e-23
-0.89 	0.0732217573222 	-1.79884473775e-19 	0.129795653846 	0.000553701406314 	234.414528058 	11.3787291645 	34.7371683395 	0.0556297205895 	-1.44807997354e-22
-0.89 	0.0746861924686 	-2.816341986e-19 	0.12979448998 	0.000553702962726 	234.41176717 	11.3795533522 	34.7360576287 	0.0553708354607 	-1.74792278397e-22
-0.89 	0.0761506276151 	-4.6537863871e-19 	0.129792210605 	0.000553705658996 	234.406509119 	11.3812195091 	34.7338652959 	0.0548429127977 	1.31869292512e-22
-0.89 	0.0776150627615 	-1.75772706472e-18 	0.129791094508 	0.000553706820612 	234.404001677 	11.3820613698 	34.7327833686 	0.0545737880201 	-9.74580002635e-23
-0.89 	0.0790794979079 	4.45392313096e-19 	0.12978999375 	0.000553707870928 	234.401569067 	11.3829090067 	34.7317107397 	0.0543011620736 	-6.12048945021e-23
-0.89 	0.0805439330544 	-2.70903125098e-19 	0.129788908047 	0.000553708818743 	234.399207044 	11.3837623557 	34.7306472699 	0.0540249902666 	-3.6208868778e-23
-0.89 	0.0820083682008 	-7.36223046143e-19 	0.129787837116 	0.000553709672151 	234.396911673 	11.3846213487 	34.7295928254 	0.0537452274822 	-1.03972084013e-22
-0.89 	0.0834728033473 	-7.17791775372e-19 	0.12978678068 	0.000553710438598 	234.3946793 	11.3854859132 	34.7285472771 	0.0534618281669 	2.12096514099e-22
-0.89 	0.0849372384937 	-3.00527307578e-19 	0.129785738469 	0.000553711124936 	234.392506533 	11.3863559727 	34.7275105014 	0.0531747463431 	-4.18472811795e-24
-0.89 	0.0864016736402 	2.25356781237e-19 	0.129784710216 	0.000553711737476 	234.39039022 	11.3872314459 	34.7264823791 	0.0528839355901 	-9.22471640123e-23
-0.89 	0.0878661087866 	1.29904022032e-18 	0.129783695662 	0.000553712282029 	234.388327429 	11.3881122473 	34.7254627963 	0.0525893490641 	-1.65984032304e-22
-0.89 	0.0893305439331 	-6.74652325129e-21 	0.129782694552 	0.000553712763951 	234.386315435 	11.3889982865 	34.7244516435 	0.0522909394786 	8.03384932613e-23
-0.89 	0.0907949790795 	9.91824778297e-19 	0.129781706638 	0.000553713188176 	234.384351699 	11.3898894686 	34.723448816 	0.0519886591151 	-5.58315460802e-23
-0.89 	0.0922594142259 	3.91699682436e-19 	0.12978073168 	0.000553713559256 	234.38243386 	11.3907856936 	34.7224542139 	0.0516824598209 	-1.10624031263e-22
-0.89 	0.0937238493724 	-4.53965559828e-19 	0.129779769441 	0.000553713881387 	234.380559713 	11.3916868568 	34.7214677415 	0.0513722930029 	-1.70914595607e-22
-0.89 	0.0951882845188 	6.05956687906e-19 	0.129778819693 	0.000553714158441 	234.378727208 	11.3925928482 	34.720489308 	0.0510581096374 	7.55096900713e-24
-0.89 	0.0966527196653 	9.04398218617e-19 	0.129777882213 	0.000553714393992 	234.37693443 	11.3935035527 	34.7195188268 	0.0507398602583 	-1.06209401658e-23
-0.89 	0.0981171548117 	6.55014633005e-19 	0.129776956787 	0.000553714591337 	234.375179591 	11.3944188502 	34.7185562156 	0.0504174949671 	1.37610525423e-22
-0.89 	0.0995815899582 	2.80832461348e-19 	0.129776043204 	0.000553714753523 	234.373461024 	11.3953386147 	34.7176013968 	0.050090963427 	1.57320133829e-22
-0.89 	0.101046025105 	-1.46702350463e-19 	0.12977514126 	0.000553714883364 	234.371777171 	11.3962627152 	34.7166542968 	0.0497602148635 	-1.44112486595e-22
-0.89 	0.102510460251 	7.23277040507e-19 	0.129774250759 	0.000553714983457 	234.370126575 	11.3971910147 	34.7157148464 	0.0494251980679 	5.90169711235e-23
-0.89 	0.103974895397 	1.09626314571e-18 	0.12977337151 	0.000553715056204 	234.368507875 	11.398123371 	34.7147829807 	0.0490858613929 	1.47741573374e-22
-0.89 	0.105439330544 	5.6719304302e-19 	0.129772503329 	0.000553715103826 	234.366919796 	11.3990596356 	34.7138586388 	0.0487421527561 	2.17274880625e-23
-0.89 	0.10690376569 	7.66706799873e-19 	0.129771646035 	0.000553715128376 	234.365361149 	11.3999996543 	34.7129417642 	0.0483940196377 	-3.14579914669e-23
-0.89 	0.108368200837 	-5.25869552214e-19 	0.129771646035 	0.000553715128376 	234.365361149 	11.3999996543 	34.7129417642 	0.0483940196377 	-3.14579914669e-23
-0.89 	0.109832635983 	-5.64364822306e-19 	0.129770799457 	0.000553715131749 	234.363830816 	11.4009432671 	34.7120323044 	0.0480414090842 	-3.87866368378e-23
-0.89 	0.11129707113 	3.16225099129e-19 	0.129769963428 	0.000553715115704 	234.362327752 	11.4018903077 	34.7111302112 	0.0476842677024 	-1.00912713043e-22
-0.89 	0.112761506276 	7.43330478286e-19 	0.129769137785 	0.000553715081862 	234.360850978 	11.4028406036 	34.7102354403 	0.0473225416683 	-9.95106240256e-23
-0.89 	0.114225941423 	1.11375430127e-18 	0.129768322373 	0.000553715031727 	234.359399578 	11.4037939761 	34.7093479518 	0.0469561767162 	-2.32823717876e-22
-0.89 	0.115690376569 	-4.56149889316e-19 	0.129767517041 	0.00055371496669 	234.357972689 	11.40475024 	34.7084677097 	0.04658511815 	-2.59372832239e-24
-0.89 	0.117154811715 	8.2217775523e-20 	0.129767517041 	0.00055371496669 	234.357972689 	11.40475024 	34.7084677097 	0.04658511815 	-2.59372832239e-24
-0.89 	0.118619246862 	5.6142506974e-19 	0.129766721645 	0.000553714888038 	234.356569505 	11.4057092039 	34.7075946821 	0.0462093108323 	-4.29960691108e-23
-0.89 	0.120083682008 	-1.18859502508e-19 	0.129765936043 	0.000553714796963 	234.355189268 	11.4066706697 	34.7067288412 	0.0458286991932 	1.88624459307e-22
-0.89 	0.121548117155 	2.4148997079e-18 	0.129765160102 	0.000553714694569 	234.353831269 	11.4076344324 	34.7058701634 	0.0454432272212 	1.0119245787e-22
-0.89 	0.123012552301 	-1.65300628976e-18 	0.129764393691 	0.000553714581876 	234.352494839 	11.4086002807 	34.705018629 	0.0450528384707 	8.49153800979e-23
-0.89 	0.124476987448 	8.83266495894e-19 	0.129764393691 	0.000553714581876 	234.352494839 	11.4086002807 	34.705018629 	0.0450528384707 	8.49153800979e-23
-0.89 	0.125941422594 	5.91891294341e-19 	0.129763636686 	0.000553714459834 	234.351179352 	11.4095679963 	34.7041742227 	0.0446574760516 	-2.42629034603e-22
-0.89 	0.127405857741 	-1.17589564682e-18 	0.129762888966 	0.000553714329317 	234.349884219 	11.4105373541 	34.7033369331 	0.0442570826378 	5.3960920635e-23
-0.89 	0.128870292887 	2.72619007811e-19 	0.129762150415 	0.00055371419114 	234.348608888 	11.4115081217 	34.702506753 	0.043851600454 	-1.2335120471e-22
-0.89 	0.130334728033 	3.81199886242e-19 	0.129762150415 	0.00055371419114 	234.348608888 	11.4115081217 	34.702506753 	0.043851600454 	-1.2335120471e-22
-0.89 	0.13179916318 	4.55736859248e-19 	0.129761420923 	0.000553714046054 	234.347352839 	11.4124800603 	34.7016836793 	0.0434409712858 	-5.14839452446e-23
-0.89 	0.133263598326 	4.28805804886e-19 	0.129760700383 	0.00055371389476 	234.346115586 	11.4134529233 	34.7008677132 	0.0430251364625 	2.47764554229e-22
-0.89 	0.134728033473 	1.10536851133e-18 	0.129759988692 	0.000553713737903 	234.344896668 	11.4144264576 	34.7000588599 	0.0426040368697 	-1.55954260435e-22
-0.89 	0.136192468619 	2.62245339713e-21 	0.129759988692 	0.000553713737903 	234.344896668 	11.4144264576 	34.7000588599 	0.0426040368697 	-1.55954260435e-22
-0.89 	0.137656903766 	4.52058663719e-19 	0.129759285754 	0.000553713576083 	234.343695656 	11.4154004022 	34.6992571292 	0.0421776129278 	3.46222878211e-22
-0.89 	0.139121338912 	9.92673166719e-19 	0.129758591474 	0.000553713409857 	234.342512144 	11.4163744894 	34.6984625348 	0.0417458046038 	-9.81054571187e-24
-0.89 	0.140585774059 	4.47995549783e-19 	0.129758591474 	0.000553713409857 	234.342512144 	11.4163744894 	34.6984625348 	0.0417458046038 	-9.81054571187e-24
-0.89 	0.142050209205 	-2.92163388594e-19 	0.129757905762 	0.000553713239742 	234.341345753 	11.4173484437 	34.6976750949 	0.0413085513916 	-1.25332741413e-22
-0.89 	0.143514644351 	-2.22517720194e-18 	0.129757228534 	0.000553713066215 	234.340196125 	11.4183219824 	34.696894832 	0.0408657923147 	-2.14746451613e-22
-0.89 	0.144979079498 	7.4920037821e-20 	0.129757228534 	0.000553713066215 	234.340196125 	11.4183219824 	34.696894832 	0.0408657923147 	-2.14746451613e-22
-0.89 	0.146443514644 	3.1994283317e-19 	0.129756559707 	0.000553712889721 	234.339062926 	11.4192948154 	34.6961217731 	0.0404174659161 	-8.53981948093e-23
-0.89 	0.147907949791 	1.4278202e-19 	0.129755899204 	0.000553712710672 	234.33794584 	11.4202666448 	34.6953559496 	0.0399635102452 	-1.35651960912e-22
-0.89 	0.149372384937 	-3.1800860974e-20 	0.129755899204 	0.000553712710672 	234.33794584 	11.4202666448 	34.6953559496 	0.0399635102452 	-1.35651960912e-22
-0.89 	0.150836820084 	2.29601724558e-19 	0.129755246952 	0.000553712529451 	234.336844573 	11.4212371654 	34.6945973974 	0.0395038628577 	2.11524674377e-22
-0.89 	0.15230125523 	3.00866691386e-20 	0.12975460288 	0.000553712346412 	234.335758848 	11.4222060642 	34.6938461571 	0.0390384607928 	-7.43610725913e-23
-0.89 	0.153765690377 	-7.97562207228e-20 	0.12975460288 	0.000553712346412 	234.335758848 	11.4222060642 	34.6938461571 	0.0390384607928 	-7.43610725913e-23
-0.89 	0.155230125523 	-1.84575004082e-19 	0.129753966923 	0.000553712161887 	234.334688406 	11.4231730207 	34.6931022738 	0.0385672405724 	7.2308694011e-23
-0.89 	0.156694560669 	1.43527435753e-18 	0.129753339016 	0.000553711976181 	234.333633004 	11.4241377065 	34.6923657974 	0.0380901381778 	3.48893564991e-23
-0.89 	0.158158995816 	1.26765592873e-19 	0.129753339016 	0.000553711976181 	234.333633004 	11.4241377065 	34.6923657974 	0.0380901381778 	3.48893564991e-23
-0.89 	0.159623430962 	-1.77977349158e-19 	0.129752719103 	0.000553711789579 	234.332592416 	11.4250997854 	34.6916367827 	0.0376070890398 	-2.33489602415e-22
-0.89 	0.161087866109 	-3.31896218003e-19 	0.129752719103 	0.000553711789579 	234.332592416 	11.4250997854 	34.6916367827 	0.0376070890398 	-2.33489602415e-22
-0.89 	0.162552301255 	-8.72231972614e-19 	0.129752107127 	0.00055371160234 	234.331566431 	11.4260589137 	34.6909152893 	0.0371180280207 	4.85368429423e-24
-0.89 	0.164016736402 	7.84855849381e-19 	0.129751503035 	0.000553711414681 	234.330554861 	11.4270147395 	34.6902013818 	0.0366228893918 	2.74593762544e-22
-0.89 	0.165481171548 	-3.71001691068e-19 	0.129751503035 	0.000553711414681 	234.330554861 	11.4270147395 	34.6902013818 	0.0366228893918 	2.74593762544e-22
-0.89 	0.166945606695 	-4.81451163924e-19 	0.129750906768 	0.000553711226655 	234.329557577 	11.4279669032 	34.68949513 	0.0361216068183 	-2.07015057006e-22
-0.89 	0.168410041841 	-6.96618890402e-19 	0.129750906768 	0.000553711226655 	234.329557577 	11.4279669032 	34.68949513 	0.0361216068183 	-2.07015057006e-22
-0.89 	0.169874476987 	-7.0599830607e-19 	0.129750318233 	0.000553711037578 	234.328574703 	11.4289150371 	34.6887966087 	0.035614113328 	1.7175961254e-22
-0.89 	0.171338912134 	3.03539272413e-20 	0.129749737209 	0.000553710843638 	234.32760745 	11.4298587656 	34.6881058982 	0.0351003412961 	-1.69120690504e-22
-0.89 	0.17280334728 	5.72485823894e-19 	0.129749737209 	0.000553710843638 	234.32760745 	11.4298587656 	34.6881058982 	0.0351003412961 	-1.69120690504e-22
-0.89 	0.174267782427 	2.47235484009e-19 	0.12974916314 	0.000553710630011 	234.326661089 	11.430797705 	34.6874230842 	0.0345802224024 	2.84571437086e-22
-0.89 	0.175732217573 	-7.55622311296e-19 	0.12974916314 	0.000553710630011 	234.326661089 	11.430797705 	34.6874230842 	0.0345802224024 	2.84571437086e-22
-0.89 	0.17719665272 	3.91097884699e-20 	0.129748595092 	0.000553710347726 	234.325754656 	11.4317314634 	34.6867482579 	0.0340536876217 	-2.00855085864e-22
-0.89 	0.178661087866 	-1.22643276206e-19 	0.129748595092 	0.000553710347726 	234.325754656 	11.4317314634 	34.6867482579 	0.0340536876217 	-2.00855085864e-22
-0.89 	0.180125523013 	-2.84571307747e-19 	0.129748033685 	0.000553710038033 	234.324871816 	11.4326596409 	34.6860815163 	0.0335206671595 	-3.0062722685e-22
-0.89 	0.181589958159 	1.95296561919e-19 	0.129747479442 	0.000553709717992 	234.32400629 	11.4335818289 	34.6854229623 	0.0329810904545 	5.56217129735e-22
-0.89 	0.183054393305 	-4.73227417891e-19 	0.129747479442 	0.000553709717992 	234.32400629 	11.4335818289 	34.6854229623 	0.0329810904545 	5.56217129735e-22
-0.89 	0.184518828452 	4.03504498596e-19 	0.129746932556 	0.00055370939249 	234.323156362 	11.434497611 	34.6847727046 	0.0324348860958 	4.7561687213e-23
-0.89 	0.185983263598 	4.68749658175e-19 	0.129746932556 	0.00055370939249 	234.323156362 	11.434497611 	34.6847727046 	0.0324348860958 	4.7561687213e-23
-0.89 	0.187447698745 	-7.41371876694e-19 	0.129746393047 	0.00055370906195 	234.322321888 	11.4354065618 	34.6841308584 	0.0318819818192 	7.79810479474e-23
-0.89 	0.188912133891 	-6.57635041805e-19 	0.129746393047 	0.00055370906195 	234.322321888 	11.4354065618 	34.6841308584 	0.0318819818192 	7.79810479474e-23
-0.89 	0.190376569038 	1.95419918481e-19 	0.129745860875 	0.000553708725452 	234.321503187 	11.4363082479 	34.683497545 	0.0313223044249 	8.1255552122e-23
-0.89 	0.191841004184 	-1.86828184942e-19 	0.129745860875 	0.000553708725452 	234.321503187 	11.4363082479 	34.683497545 	0.0313223044249 	8.1255552122e-23
-0.89 	0.193305439331 	4.46995939894e-19 	0.129745335985 	0.000553708381626 	234.320700735 	11.4372022267 	34.6828728923 	0.0307557797563 	-1.00913062817e-22
-0.89 	0.194769874477 	-8.03235747476e-19 	0.129745335985 	0.000553708381626 	234.320700735 	11.4372022267 	34.6828728923 	0.0307557797563 	-1.00913062817e-22
-0.89 	0.196234309623 	3.86321734915e-19 	0.129744818314 	0.000553708028834 	234.319915114 	11.438088047 	34.6822570352 	0.0301823326193 	-2.07435994364e-22
-0.89 	0.19769874477 	3.12144992047e-19 	0.129744818314 	0.000553708028834 	234.319915114 	11.438088047 	34.6822570352 	0.0301823326193 	-2.07435994364e-22
-0.89 	0.199163179916 	5.85856050562e-19 	0.129744307795 	0.000553707665161 	234.319147014 	11.4389652489 	34.6816501153 	0.0296018867446 	-4.67725797722e-22
-0.89 	0.200627615063 	2.19287722374e-21 	0.129744307795 	0.000553707665161 	234.319147014 	11.4389652489 	34.6816501153 	0.0296018867446 	-4.67725797722e-22
-0.89 	0.202092050209 	2.64973322662e-19 	0.129743804356 	0.000553707288369 	234.318397249 	11.439833363 	34.6810522815 	0.029014364703 	1.7522213436e-22
-0.89 	0.203556485356 	-6.22794974712e-19 	0.129743804356 	0.000553707288369 	234.318397249 	11.439833363 	34.6810522815 	0.029014364703 	1.7522213436e-22
-0.89 	0.205020920502 	-1.02735455255e-18 	0.129743307914 	0.000553706895825 	234.317666788 	11.4406919107 	34.6804636903 	0.0284196878563 	-2.28974790668e-22
-0.89 	0.206485355649 	4.84227779399e-19 	0.129743307914 	0.000553706895825 	234.317666788 	11.4406919107 	34.6804636903 	0.0284196878563 	-2.28974790668e-22
-0.89 	0.207949790795 	-1.33930848832e-19 	0.129742818379 	0.00055370648442 	234.316956781 	11.441540404 	34.6798845057 	0.0278177762623 	-2.2215484191e-22
-0.89 	0.209414225941 	8.94719488475e-19 	0.129742818379 	0.00055370648442 	234.316956781 	11.441540404 	34.6798845057 	0.0278177762623 	-2.2215484191e-22
-0.89 	0.210878661088 	2.21728576547e-19 	0.129742335645 	0.000553706050456 	234.316268602 	11.442378345 	34.6793148999 	0.0272085486153 	4.31164847109e-22
-0.89 	0.212343096234 	3.57215062815e-19 	0.129742335645 	0.000553706050456 	234.316268602 	11.442378345 	34.6793148999 	0.0272085486153 	4.31164847109e-22
-0.89 	0.213807531381 	5.51367148984e-19 	0.12974185959 	0.000553705589518 	234.315603898 	11.4432052257 	34.6787550532 	0.0265919221428 	2.96865516271e-23
-0.89 	0.215271966527 	-7.87093568539e-20 	0.12974185959 	0.000553705589518 	234.315603898 	11.4432052257 	34.6787550532 	0.0265919221428 	2.96865516271e-23
-0.89 	0.216736401674 	1.36439826173e-20 	0.129741390064 	0.000553705096291 	234.314964651 	11.444020528 	34.6782051547 	0.0259678125296 	-1.30365321715e-22
-0.89 	0.21820083682 	1.50798444336e-19 	0.129741390064 	0.000553705096291 	234.314964651 	11.444020528 	34.6782051547 	0.0259678125296 	-1.30365321715e-22
-0.89 	0.219665271967 	6.64206396463e-19 	0.129740926893 	0.000553704564349 	234.314353262 	11.4448237228 	34.6776654023 	0.0253361338065 	-2.819290495e-22
-0.89 	0.221129707113 	-4.00314925876e-19 	0.129740926893 	0.000553704564349 	234.314353262 	11.4448237228 	34.6776654023 	0.0253361338065 	-2.819290495e-22
-0.89 	0.222594142259 	-7.40878509608e-19 	0.129740469861 	0.000553703985866 	234.313772652 	11.4456142703 	34.6771360033 	0.0246967982603 	1.96391238437e-22
-0.89 	0.224058577406 	-1.34455531297e-18 	0.129740469861 	0.000553703985866 	234.313772652 	11.4456142703 	34.6771360033 	0.0246967982603 	1.96391238437e-22
-0.89 	0.225523012552 	-3.26211595692e-19 	0.129740469861 	0.000553703985866 	234.313772652 	11.4456142703 	34.6771360033 	0.0246967982603 	1.96391238437e-22
-0.89 	0.226987447699 	4.78880996306e-19 	0.1297400187 	0.000553703351248 	234.3132264 	11.446391619 	34.6766171748 	0.0240497163076 	-2.89360183377e-22
-0.89 	0.228451882845 	-6.07932616263e-19 	0.1297400187 	0.000553703351248 	234.3132264 	11.446391619 	34.6766171748 	0.0240497163076 	-2.89360183377e-22
-0.89 	0.229916317992 	2.04648581054e-19 	0.129739573079 	0.00055370264865 	234.312718921 	11.4471552055 	34.6761091436 	0.0233947963998 	-1.62979535819e-23
-0.89 	0.231380753138 	-4.14769464139e-19 	0.129739573079 	0.00055370264865 	234.312718921 	11.4471552055 	34.6761091436 	0.0233947963998 	-1.62979535819e-23
-0.89 	0.232845188285 	-1.07900568431e-18 	0.129739132582 	0.000553701863337 	234.312255697 	11.4479044538 	34.6756121476 	0.0227319448603 	-3.30541252895e-22
-0.89 	0.234309623431 	7.38518790347e-19 	0.129739132582 	0.000553701863337 	234.312255697 	11.4479044538 	34.6756121476 	0.0227319448603 	-3.30541252895e-22
-0.89 	0.235774058577 	3.8687675885e-19 	0.129738696678 	0.00055370097683 	234.31184359 	11.4486387754 	34.6751264352 	0.0220610658238 	3.15207816599e-22
-0.89 	0.237238493724 	7.69455378157e-19 	0.129738696678 	0.00055370097683 	234.31184359 	11.4486387754 	34.6751264352 	0.0220610658238 	3.15207816599e-22
-0.89 	0.23870292887 	-1.61889838614e-19 	0.129738696678 	0.00055370097683 	234.31184359 	11.4486387754 	34.6751264352 	0.0220610658238 	3.15207816599e-22
-0.89 	0.240167364017 	-7.66652667967e-19 	0.129738264691 	0.000553699965761 	234.311491266 	11.4493575675 	34.6746522667 	0.0213820609615 	8.41744095903e-23
-0.89 	0.241631799163 	-9.12789467077e-19 	0.129738264691 	0.000553699965761 	234.311491266 	11.4493575675 	34.6746522667 	0.0213820609615 	8.41744095903e-23
-0.89 	0.24309623431 	1.17627872919e-18 	0.129737835745 	0.000553698800302 	234.311209766 	11.4500602137 	34.6741899141 	0.0206948295877 	-2.59325779047e-22
-0.89 	0.244560669456 	-1.43869493319e-19 	0.129737835745 	0.000553698800302 	234.311209766 	11.4500602137 	34.6741899141 	0.0206948295877 	-2.59325779047e-22
-0.89 	0.246025104603 	-1.17423047763e-18 	0.129737408698 	0.00055369744201 	234.311013297 	11.4507460812 	34.6737396622 	0.0199992680381 	8.06090623908e-22
-0.89 	0.247489539749 	1.13369938285e-18 	0.129737408698 	0.00055369744201 	234.311013297 	11.4507460812 	34.6737396622 	0.0199992680381 	8.06090623908e-22
-0.89 	0.248953974895 	1.20522854198e-19 	0.129737408698 	0.00055369744201 	234.311013297 	11.4507460812 	34.6737396622 	0.0199992680381 	8.06090623908e-22
-0.89 	0.250418410042 	3.263670108e-19 	0.129736982046 	0.000553695840808 	234.310920337 	11.4514145239 	34.6733018091 	0.0192952703424 	4.79671608961e-22
-0.89 	0.251882845188 	8.33092607943e-19 	0.129736982046 	0.000553695840808 	234.310920337 	11.4514145239 	34.6733018091 	0.0192952703424 	4.79671608961e-22
-0.89 	0.253347280335 	-1.85335313438e-19 	0.129736553792 	0.000553693930713 	234.310955196 	11.4520648743 	34.6728766665 	0.0185827265845 	6.84339298777e-22
-0.89 	0.254811715481 	-3.70607761411e-19 	0.129736553792 	0.000553693930713 	234.310955196 	11.4520648743 	34.6728766665 	0.0185827265845 	6.84339298777e-22
-0.89 	0.256276150628 	-9.82028956782e-20 	0.129736553792 	0.000553693930713 	234.310955196 	11.4520648743 	34.6728766665 	0.0185827265845 	6.84339298777e-22
-0.89 	0.257740585774 	-1.85273633816e-19 	0.129736121241 	0.000553691623702 	234.311150263 	11.4526964546 	34.6724645607 	0.0178615252555 	8.31268932345e-23
-0.89 	0.259205020921 	-1.7511746725e-19 	0.129736121241 	0.000553691623702 	234.311150263 	11.4526964546 	34.6724645607 	0.0178615252555 	8.31268932345e-23
-0.89 	0.260669456067 	7.25497290205e-19 	0.129735680723 	0.000553688800743 	234.311549284 	11.4533085557 	34.6720658337 	0.017131548752 	3.37297377329e-23
-0.89 	0.262133891213 	2.34612803865e-19 	0.129735680723 	0.000553688800743 	234.311549284 	11.4533085557 	34.6720658337 	0.017131548752 	3.37297377329e-23
-0.89 	0.26359832636 	-2.41305731854e-19 	0.129735680723 	0.000553688800743 	234.311549284 	11.4533085557 	34.6720658337 	0.017131548752 	3.37297377329e-23
-0.89 	0.265062761506 	6.4749641124e-19 	0.129735227166 	0.000553685298461 	234.312212238 	11.4539004688 	34.671680843 	0.0163926804347 	-5.40865312862e-22
-0.89 	0.266527196653 	2.19619986522e-19 	0.129735227166 	0.000553685298461 	234.312212238 	11.4539004688 	34.671680843 	0.0163926804347 	-5.40865312862e-22
-0.89 	0.267991631799 	1.0378502904e-18 	0.129734753447 	0.000553680888928 	234.313222726 	11.4544714302 	34.6713099639 	0.0156447923471 	-4.53983449759e-22
-0.89 	0.269456066946 	-1.18355204377e-19 	0.129734753447 	0.000553680888928 	234.313222726 	11.4544714302 	34.6713099639 	0.0156447923471 	-4.53983449759e-22
-0.89 	0.270920502092 	-9.32711764625e-19 	0.129734753447 	0.000553680888928 	234.313222726 	11.4544714302 	34.6713099639 	0.0156447923471 	-4.53983449759e-22
-0.89 	0.272384937238 	-7.14158745126e-19 	0.129734249389 	0.000553675248357 	234.31469941 	11.4550207083 	34.6709535883 	0.0148877648863 	-2.64846926917e-22
-0.89 	0.273849372385 	1.75121214671e-19 	0.129734249389 	0.000553675248357 	234.31469941 	11.4550207083 	34.6709535883 	0.0148877648863 	-2.64846926917e-22
-0.89 	0.275313807531 	-4.01572266669e-19 	0.129734249389 	0.000553675248357 	234.31469941 	11.4550207083 	34.6709535883 	0.0148877648863 	-2.64846926917e-22
-0.89 	0.276778242678 	-4.01846845393e-19 	0.129733700172 	0.000553667907436 	234.316814158 	11.4555474585 	34.670612129 	0.0141214541695 	-2.19971786907e-22
-0.89 	0.278242677824 	1.48323614021e-19 	0.129733700172 	0.000553667907436 	234.316814158 	11.4555474585 	34.670612129 	0.0141214541695 	-2.19971786907e-22
-0.89 	0.279707112971 	5.69639394922e-19 	0.129733083723 	0.000553658170449 	234.319821592 	11.456050952 	34.6702860158 	0.013345744085 	5.37269416e-22
-0.89 	0.281171548117 	2.12064258696e-19 	0.129733083723 	0.000553658170449 	234.319821592 	11.456050952 	34.6702860158 	0.013345744085 	5.37269416e-22
-0.89 	0.282635983264 	5.47878831854e-19 	0.129733083723 	0.000553658170449 	234.319821592 	11.456050952 	34.6702860158 	0.013345744085 	5.37269416e-22
-0.89 	0.28410041841 	2.05409136691e-19 	0.129732366331 	0.000553644979537 	234.324108636 	11.4565302086 	34.6699757042 	0.0125604625834 	5.90022824752e-23
-0.89 	0.285564853556 	-4.21360833083e-19 	0.129732366331 	0.000553644979537 	234.324108636 	11.4565302086 	34.6699757042 	0.0125604625834 	5.90022824752e-23
-0.89 	0.287029288703 	-3.78595570185e-19 	0.129732366331 	0.000553644979537 	234.324108636 	11.4565302086 	34.6699757042 	0.0125604625834 	5.90022824752e-23
-0.89 	0.288493723849 	4.93456943627e-20 	0.129731495022 	0.000553626679185 	234.330280492 	11.4569845677 	34.6696816651 	0.011765513321 	3.37353715962e-22
-0.89 	0.289958158996 	2.8064431499e-20 	0.129731495022 	0.000553626679185 	234.330280492 	11.4569845677 	34.6696816651 	0.011765513321 	3.37353715962e-22
-0.89 	0.291422594142 	-3.32684102358e-20 	0.129731495022 	0.000553626679185 	234.330280492 	11.4569845677 	34.6696816651 	0.011765513321 	3.37353715962e-22
-0.89 	0.292887029289 	5.61150789051e-19 	0.129730383706 	0.000553600591489 	234.339315566 	11.4574127986 	34.6694044038 	0.010960669146 	-4.55544134715e-22
-0.89 	0.294351464435 	3.48134191298e-19 	0.129730383706 	0.000553600591489 	234.339315566 	11.4574127986 	34.6694044038 	0.010960669146 	-4.55544134715e-22
-0.89 	0.295815899582 	3.18330591564e-19 	0.129728886985 	0.000553562215943 	234.352857273 	11.4578144599 	34.6691444345 	0.010145891094 	2.42694928424e-22
-0.89 	0.297280334728 	1.43724781241e-18 	0.129728886985 	0.000553562215943 	234.352857273 	11.4578144599 	34.6691444345 	0.010145891094 	2.42694928424e-22
-0.89 	0.298744769874 	8.10742057679e-20 	0.129728886985 	0.000553562215943 	234.352857273 	11.4578144599 	34.6691444345 	0.010145891094 	2.42694928424e-22
-0.89 	0.300209205021 	2.22982467196e-19 	0.129726747699 	0.000553503642263 	234.373792317 	11.4581878319 	34.6689023228 	0.00932083901941 	1.9237441894e-22
-0.89 	0.301673640167 	1.62088372894e-18 	0.129726747699 	0.000553503642263 	234.373792317 	11.4581878319 	34.6689023228 	0.00932083901941 	1.9237441894e-22
-0.89 	0.303138075314 	-4.15282994022e-20 	0.129726747699 	0.000553503642263 	234.373792317 	11.4581878319 	34.6689023228 	0.00932083901941 	1.9237441894e-22
-0.89 	0.30460251046 	6.3937776691e-19 	0.129723485524 	0.000553410209492 	234.40746719 	11.458533016 	34.668678626 	0.00848561297081 	-2.52213527685e-22
-0.89 	0.306066945607 	-8.17260828661e-19 	0.129723485524 	0.000553410209492 	234.40746719 	11.458533016 	34.668678626 	0.00848561297081 	-2.52213527685e-22
-0.89 	0.307531380753 	7.69702553504e-19 	0.129723485524 	0.000553410209492 	234.40746719 	11.458533016 	34.668678626 	0.00848561297081 	-2.52213527685e-22
-0.89 	0.3089958159 	-7.30992114934e-19 	0.129718141983 	0.000553252966974 	234.464430787 	11.458847331 	34.6684739855 	0.00763963971997 	-5.70248638232e-23
-0.89 	0.310460251046 	1.11440532922e-19 	0.129718141983 	0.000553252966974 	234.464430787 	11.458847331 	34.6684739855 	0.00763963971997 	-5.70248638232e-23
-0.89 	0.311924686192 	5.54604436303e-19 	0.129718141983 	0.000553252966974 	234.464430787 	11.458847331 	34.6684739855 	0.00763963971997 	-5.70248638232e-23
-0.89 	0.313389121339 	2.05820224954e-19 	0.129708649747 	0.00055297030675 	234.567115384 	11.4591320796 	34.6682889968 	0.00678332637875 	9.07768960357e-22
-0.89 	0.314853556485 	-7.81929893097e-19 	0.129708649747 	0.00055297030675 	234.567115384 	11.4591320796 	34.6682889968 	0.00678332637875 	9.07768960357e-22
-0.89 	0.316317991632 	2.58675372651e-19 	0.129708649747 	0.00055297030675 	234.567115384 	11.4591320796 	34.6682889968 	0.00678332637875 	9.07768960357e-22
-0.89 	0.317782426778 	-2.10451747801e-19 	0.129690167231 	0.000552420004831 	234.76732576 	11.4593827359 	34.6681244004 	0.00591562730503 	3.76921682802e-22
-0.89 	0.319246861925 	9.57463367507e-20 	0.129690167231 	0.000552420004831 	234.76732576 	11.4593827359 	34.6681244004 	0.00591562730503 	3.76921682802e-22
-0.89 	0.320711297071 	-1.52706822513e-19 	0.129690167231 	0.000552420004831 	234.76732576 	11.4593827359 	34.6681244004 	0.00591562730503 	3.76921682802e-22
-0.89 	0.322175732218 	-1.21652970375e-18 	0.129650737996 	0.000551252559096 	235.192990683 	11.4596031233 	34.6679808123 	0.00503758642667 	-4.27791894504e-22
-0.89 	0.323640167364 	-8.83200224465e-19 	0.129650737996 	0.000551252559096 	235.192990683 	11.4596031233 	34.6679808123 	0.00503758642667 	-4.27791894504e-22
-0.89 	0.32510460251 	-1.24359772036e-19 	0.129650737996 	0.000551252559096 	235.192990683 	11.4596031233 	34.6679808123 	0.00503758642667 	-4.27791894504e-22
-0.89 	0.326569037657 	-2.53696515854e-19 	0.129562737408 	0.000548638451961 	236.15322066 	11.4597854091 	34.6678590932 	0.0041472314124 	8.2623709628e-23
-0.89 	0.328033472803 	-4.44495519825e-19 	0.129562737408 	0.000548638451961 	236.15322066 	11.4597854091 	34.6678590932 	0.0041472314124 	8.2623709628e-23
-0.89 	0.32949790795 	-1.02905300886e-19 	0.129562737408 	0.000548638451961 	236.15322066 	11.4597854091 	34.6678590932 	0.0041472314124 	8.2623709628e-23
-0.89 	0.330962343096 	-6.95989344945e-19 	0.12938830529 	0.000543347078766 	238.131960852 	11.4599383812 	34.6677598068 	0.00324687997359 	-5.59561343306e-22
-0.89 	0.332426778243 	5.18337666562e-19 	0.12938830529 	0.000543347078766 	238.131960852 	11.4599383812 	34.6677598068 	0.00324687997359 	-5.59561343306e-22
-0.89 	0.333891213389 	1.82775233732e-19 	0.12938830529 	0.000543347078766 	238.131960852 	11.4599383812 	34.6677598068 	0.00324687997359 	-5.59561343306e-22
-0.89 	0.335355648536 	2.24226357938e-19 	0.12938830529 	0.000543347078766 	238.131960852 	11.4599383812 	34.6677598068 	0.00324687997359 	-5.59561343306e-22
-0.89 	0.336820083682 	-4.01004119911e-19 	0.129216235834 	0.000538609423527 	239.907120428 	11.4600460808 	34.6676841157 	0.00233274113246 	-2.60783339392e-22
-0.89 	0.338284518828 	5.2041793831e-19 	0.129216235834 	0.000538609423527 	239.907120428 	11.4600460808 	34.6676841157 	0.00233274113246 	-2.60783339392e-22
-0.89 	0.339748953975 	1.05474684924e-19 	0.129216235834 	0.000538609423527 	239.907120428 	11.4600460808 	34.6676841157 	0.00233274113246 	-2.60783339392e-22
-0.89 	0.341213389121 	1.02153078473e-18 	0.129184357926 	0.000538011657765 	240.114421428 	11.4601239047 	34.6676328925 	0.00140952427335 	2.86710894935e-22
-0.89 	0.342677824268 	1.5109351659e-19 	0.129184357926 	0.000538011657765 	240.114421428 	11.4601239047 	34.6676328925 	0.00140952427335 	2.86710894935e-22
-0.89 	0.344142259414 	1.6652471933e-19 	0.129184357926 	0.000538011657765 	240.114421428 	11.4601239047 	34.6676328925 	0.00140952427335 	2.86710894935e-22
-0.89 	0.345606694561 	2.41264389218e-20 	0.129180996665 	0.00053796656146 	240.128301497 	11.4601471085 	34.6676080417 	0.00047028530585 	5.72328876581e-22
-0.89 	0.347071129707 	-5.05836838842e-19 	0.129180996665 	0.00053796656146 	240.128301497 	11.4601471085 	34.6676080417 	0.00047028530585 	5.72328876581e-22
-0.89 	0.348535564854 	-2.60428093345e-19 	0.129180996665 	0.00053796656146 	240.128301497 	11.4601471085 	34.6676080417 	0.00047028530585 	5.72328876581e-22
-0.89 	0.35 	-4.05827254959e-19 	0.129180996665 	0.00053796656146 	240.128301497 	11.4601471085 	34.6676080417 	0.00047028530585 	5.72328876581e-22
