-0.89 	0 	0 	4.75657184238 	4.52522838141e-05 	99266.7149578 	12.9692526997 	16.3559499151 	0.000866230745431 	2.98365279775e-23
-0.89 	0.00146443514644 	1.13385510285e-18 	5.47753077481 	0.000583952048328 	9380.10370971 	12.9771578686 	26.3891261882 	0.00883676121722 	-1.62004381747e-23
-0.89 	0.00292887029289 	1.27699035254e-18 	4.45382372932 	0.000795726892769 	5429.21603774 	12.9863298762 	29.5533414162 	0.0206922356382 	2.69741232251e-24
-0.89 	0.00439330543933 	-2.67179794604e-18 	3.25401808269 	0.000660074181017 	4363.41757439 	12.9930416867 	31.5924723048 	0.0342347948404 	-1.36281428149e-23
-0.89 	0.00585774058577 	-5.01567793036e-18 	1.31726449496 	0.000416780585874 	3160.57066862 	12.9987282626 	33.8039175171 	0.0553275935719 	-1.187246311e-23
-0.89 	0.00732217573222 	-3.12047196919e-18 	0.282221688277 	0.000188858991788 	1494.35134438 	13.0011191002 	34.7953319378 	0.0675742776732 	9.26877452687e-25
-0.89 	0.00878661087866 	-3.10199375501e-19 	0.138147018758 	0.000344490821135 	401.017996076 	13.0024163892 	34.9194951471 	0.0691124173268 	3.08647196146e-23
-0.89 	0.0102510460251 	1.39662681574e-18 	0.131377079543 	0.000492085799442 	266.980026028 	13.0034425321 	34.916197494 	0.0690046842007 	-3.17459971944e-23
-0.89 	0.0117154811715 	1.2448117632e-18 	0.130183315147 	0.000535340207941 	243.178661374 	13.0048789679 	34.9024487283 	0.0686852374563 	1.79718458129e-23
-0.89 	0.013179916318 	1.27906503978e-18 	0.129998675621 	0.000539478455624 	240.971023524 	13.0060043042 	34.8905526449 	0.0683913804434 	-1.51847286703e-23
-0.89 	0.0146443514644 	7.48064195847e-19 	0.12987376169 	0.00054125487631 	239.949360966 	13.0075676319 	34.8752961882 	0.0679688196116 	-9.42285333696e-24
-0.89 	0.0161087866109 	6.78695820314e-19 	0.129826726568 	0.000542782994689 	239.187166581 	13.008788715 	34.8648720812 	0.067639515981 	-3.90271613827e-23
-0.89 	0.0175732217573 	-6.74367928269e-19 	0.129811667761 	0.000544594427149 	238.363929724 	13.0100531587 	34.8553485026 	0.0673018544458 	-2.56711798659e-23
-0.89 	0.0190376569038 	-4.83527784105e-19 	0.129816444701 	0.000546428897265 	237.572436873 	13.0113625525 	34.8466158137 	0.0669553922684 	8.09854576774e-25
-0.89 	0.0205020920502 	-4.06846164715e-19 	0.129824755869 	0.000547557606811 	237.097894822 	13.0122612028 	34.8411722192 	0.0667190078997 	3.65054731159e-23
-0.89 	0.0219665271967 	-9.88307365957e-19 	0.129838703047 	0.000549025279511 	236.489480344 	13.013648819 	34.8334939349 	0.0663554855961 	-8.21089593291e-24
-0.89 	0.0234309623431 	-2.10247148649e-19 	0.129850399495 	0.000550197225454 	236.007005284 	13.0150852111 	34.8263217492 	0.0659803080683 	-4.95327797911e-23
-0.89 	0.0248953974895 	1.051784306e-18 	0.129856012491 	0.000550824066178 	235.748618234 	13.0160705505 	34.8217854999 	0.0657232448467 	3.99407390207e-24
-0.89 	0.026359832636 	2.53832505417e-19 	0.129861058666 	0.000551566429866 	235.440468518 	13.0175911199 	34.8153048745 	0.0653265753909 	-4.5638052234e-24
-0.89 	0.0278242677824 	-1.37245018792e-18 	0.129862449992 	0.000551951756164 	235.27862452 	13.0186337467 	34.8111787652 	0.0650543780833 	-9.34339012393e-23
-0.89 	0.0292887029289 	-3.40950982921e-19 	0.129862567365 	0.000552266372396 	235.144803043 	13.019699931 	34.8071933857 	0.0647756929934 	-7.79857973471e-23
-0.89 	0.0307531380753 	3.00345696988e-19 	0.129861674009 	0.000552522984608 	235.03397619 	13.020790034 	34.8033379391 	0.0644902785102 	1.46484840784e-22
-0.89 	0.0322175732218 	-1.66755688497e-19 	0.129858943326 	0.000552822238054 	234.901808189 	13.0224708144 	34.797778055 	0.0640490164228 	-6.08693012162e-23
-0.89 	0.0336820083682 	-6.27320394251e-21 	0.129856470345 	0.0005529770497 	234.831572876 	13.0236222627 	34.7942085799 	0.0637457346796 	1.10598210729e-23
-0.89 	0.0351464435146 	-3.66103022619e-20 	0.129853646719 	0.000553103976742 	234.772578356 	13.0247988542 	34.7907406023 	0.0634348897581 	-4.79376944489e-23
-0.89 	0.0366108786611 	6.91994119568e-19 	0.129850583557 	0.000553208301656 	234.722767478 	13.0260009242 	34.7873679498 	0.0631162424963 	-1.09011690064e-23
-0.89 	0.0380753138075 	1.58587212011e-19 	0.129847366251 	0.000553294268249 	234.680483248 	13.0272287997 	34.7840850777 	0.0627895517866 	3.61903612272e-24
-0.89 	0.039539748954 	-1.96204881484e-19 	0.129845720743 	0.000553331459989 	234.661735564 	13.0278525141 	34.7824757249 	0.0626231141003 	-1.8947057981e-24
-0.89 	0.0410041841004 	1.16507723476e-18 	0.129842388706 	0.000553396064631 	234.628319578 	13.0291196894 	34.7793182743 	0.0622839003271 	-1.78910720275e-23
-0.89 	0.0424686192469 	-1.36202560222e-18 	0.129839035772 	0.00055344962197 	234.599556342 	13.0304134418 	34.776238916 	0.0619360278404 	1.45244128066e-23
-0.89 	0.0439330543933 	-1.43293932627e-18 	0.129835693213 	0.000553494115796 	234.574658533 	13.0317340567 	34.77323367 	0.0615792442611 	5.5875098749e-23
-0.89 	0.0453974895397 	-4.05931341542e-19 	0.129834033246 	0.000553513478123 	234.563453967 	13.0324045224 	34.7717576845 	0.0613974308115 	1.00770673316e-22
-0.89 	0.0468619246862 	-4.40171557504e-19 	0.12983074709 	0.000553547289631 	234.543189935 	13.0337659306 	34.7688568381 	0.0610267981757 	-9.29532371218e-23
-0.89 	0.0483263598326 	1.89779143352e-18 	0.129827516989 	0.000553575503596 	234.525401044 	13.0351548403 	34.7660214806 	0.060646604596 	-1.00554145511e-22
-0.89 	0.0497907949791 	7.66971617894e-21 	0.129825926095 	0.000553587818368 	234.517310149 	13.0358596781 	34.764627412 	0.0604528388297 	-8.76674024281e-23
-0.89 	0.0512552301255 	3.04185370576e-19 	0.129822797027 	0.000553609377951 	234.502525061 	13.0372902469 	34.7618847181 	0.0600577993461 	5.3363979282e-23
-0.89 	0.052719665272 	1.67689623634e-19 	0.129821260106 	0.00055361879994 	234.495757948 	13.0380160245 	34.7605354195 	0.0598564566608 	-2.16065659916e-22
-0.89 	0.0541841004184 	3.2110642394e-19 	0.129818243607 	0.000553635310945 	234.483316076 	13.0394886698 	34.7578793235 	0.0594459504862 	-1.3467031223e-23
-0.89 	0.0556485355649 	-1.00833369228e-20 	0.129816764543 	0.00055364253219 	234.477586159 	13.0402355741 	34.7565719204 	0.0592367160127 	-9.36261089592e-23
-0.89 	0.0571129707113 	8.64960187666e-20 	0.129813865415 	0.00055365519266 	234.466988003 	13.0417506236 	34.7539969659 	0.0588101042267 	6.42383542246e-23
-0.89 	0.0585774058577 	-7.66559368846e-19 	0.129812445391 	0.000553660731212 	234.462077718 	13.0425187941 	34.752728868 	0.058592653829 	1.89940553628e-22
-0.89 	0.0600418410042 	4.58135441095e-19 	0.129809664103 	0.000553670440816 	234.452942641 	13.044076474 	34.7502301319 	0.0581492786088 	-9.86547507549e-23
-0.89 	0.0615062761506 	7.70045839777e-19 	0.129808302581 	0.000553674686936 	234.448685562 	13.044865996 	34.7489989997 	0.0579232785257 	7.86842752619e-24
-0.89 	0.0629707112971 	-1.26471549894e-18 	0.129806960244 	0.000553678571864 	234.444616137 	13.0456626438 	34.7477797087 	0.0576943526693 	6.37668003916e-23
-0.89 	0.0644351464435 	-1.44566188893e-18 	0.129804332271 	0.000553685374836 	234.436989255 	13.0472773156 	34.7453757493 	0.0572275690154 	1.32446688802e-22
-0.89 	0.06589958159 	1.11593416674e-18 	0.129803046158 	0.00055368834501 	234.433408844 	13.0480953324 	34.7441906485 	0.0569896329604 	1.47413794021e-22
-0.89 	0.0673640167364 	1.28075014401e-18 	0.129801778282 	0.000553691058703 	234.429970002 	13.0489204608 	34.7430165239 	0.0567486146118 	-3.95572118572e-23
-0.89 	0.0688284518828 	2.32744755185e-19 	0.129799296138 	0.000553695798203 	234.423480474 	13.0505920072 	34.7407004146 	0.0562571702954 	-6.74350100825e-23
-0.89 	0.0702928870293 	-2.78978105041e-19 	0.129798081299 	0.00055369786054 	234.420413278 	13.0514383955 	34.7395580519 	0.0560066629873 	2.46938006128e-22
-0.89 	0.0717573221757 	3.56539010289e-19 	0.129796883559 	0.000553699739762 	234.417454511 	13.0522918356 	34.7384259092 	0.0557529107053 	-2.62506253675e-23
-0.89 	0.0732217573222 	-1.79884473775e-19 	0.129795702621 	0.000553701450542 	234.414597423 	13.0531523046 	34.7373038128 	0.0554958717977 	-1.64631065967e-22
-0.89 	0.0746861924686 	-2.816341986e-19 	0.12979453819 	0.000553703006339 	234.411835775 	13.0540197765 	34.7361915953 	0.0552355042252 	-1.98735276542e-22
-0.89 	0.0761506276151 	-4.6537863871e-19 	0.129792257661 	0.000553705701383 	234.406576159 	13.0557756066 	34.7339961556 	0.0547046129341 	1.49865809628e-22
-0.89 	0.0776150627615 	-1.75772706472e-18 	0.129791140975 	0.000553706862387 	234.404067913 	13.0566638948 	34.7329126268 	0.0544340031512 	-1.10810944829e-22
-0.89 	0.0790794979079 	4.45392313096e-19 	0.12979003962 	0.00055370791209 	234.401634482 	13.0575590455 	34.7318383632 	0.0541598925719 	-6.95433981498e-23
-0.89 	0.0805439330544 	-2.70903125098e-19 	0.12978895331 	0.000553708859293 	234.399271624 	13.0584610142 	34.730773225 	0.0538822371676 	-4.10913300891e-23
-0.89 	0.0820083682008 	-7.36223046143e-19 	0.129787881763 	0.000553709712087 	234.396975401 	13.0593697522 	34.7297170777 	0.0536009925141 	-1.1823993106e-22
-0.89 	0.0834728033473 	-7.17791775372e-19 	0.129786824704 	0.000553710477919 	234.394742161 	13.0602852067 	34.7286697915 	0.0533161137836 	2.41065788075e-22
-0.89 	0.0849372384937 	-3.00527307578e-19 	0.129785781859 	0.000553711163642 	234.39256851 	13.0612073208 	34.7276312419 	0.053027555756 	-4.74197817539e-24
-0.89 	0.0864016736402 	2.25356781237e-19 	0.129784752963 	0.000553711775566 	234.390451297 	13.0621360328 	34.7266013093 	0.0527352728029 	-1.04841057602e-22
-0.89 	0.0878661087866 	1.29904022032e-18 	0.129783737756 	0.000553712319502 	234.388387589 	13.063071277 	34.7255798788 	0.0524392189066 	-1.88662376732e-22
-0.89 	0.0893305439331 	-6.74652325129e-21 	0.129782735984 	0.000553712800805 	234.386374661 	13.0640129826 	34.7245668404 	0.0521393476437 	9.13282226888e-23
-0.89 	0.0907949790795 	9.91824778297e-19 	0.129781747399 	0.000553713224411 	234.384409975 	13.0649610742 	34.7235620887 	0.0518356121946 	-6.34843231747e-23
-0.89 	0.0922594142259 	3.91699682436e-19 	0.129780771758 	0.00055371359487 	234.382491167 	13.0659154714 	34.722565523 	0.051527965345 	-1.25736812581e-22
-0.89 	0.0937238493724 	-4.53965559828e-19 	0.129779808827 	0.000553713916378 	234.380616034 	13.0668760889 	34.721577047 	0.0512163594776 	-1.94233314145e-22
-0.89 	0.0951882845188 	6.05956687906e-19 	0.129778858377 	0.000553714192807 	234.378782525 	13.0678428359 	34.7205965692 	0.0509007465859 	8.58623277548e-24
-0.89 	0.0966527196653 	9.04398218617e-19 	0.129777920185 	0.00055371442773 	234.376988724 	13.0688156166 	34.7196240023 	0.050581078261 	-1.20910954088e-23
-0.89 	0.0981171548117 	6.55014633005e-19 	0.129776994034 	0.000553714624446 	234.375232845 	13.0697943296 	34.7186592635 	0.0502573057054 	1.56452825253e-22
-0.89 	0.0995815899582 	2.80832461348e-19 	0.129776079715 	0.000553714786 	234.373513218 	13.0707788677 	34.7177022743 	0.0499293797249 	1.7881668243e-22
-0.89 	0.101046025105 	-1.46702350463e-19 	0.129775177025 	0.000553714915204 	234.371828284 	13.0717691181 	34.7167529606 	0.0495972507337 	-1.63793436148e-22
-0.89 	0.102510460251 	7.23277040507e-19 	0.129774285765 	0.000553715014658 	234.370176589 	13.0727649622 	34.7158112525 	0.0492608687556 	6.70536864208e-23
-0.89 	0.103974895397 	1.09626314571e-18 	0.129773405746 	0.000553715086762 	234.368556769 	13.0737662751 	34.7148770845 	0.048920183424 	1.67899043427e-22
-0.89 	0.105439330544 	5.6719304302e-19 	0.129772536781 	0.000553715133737 	234.366967551 	13.0747729258 	34.7139503952 	0.0485751439835 	2.47433123138e-23
-0.89 	0.10690376569 	7.66706799873e-19 	0.129771678692 	0.000553715157633 	234.365407742 	13.0757847771 	34.7130311274 	0.0482256992909 	-3.57313172057e-23
-0.89 	0.108368200837 	-5.25869552214e-19 	0.129771678692 	0.000553715157633 	234.365407742 	13.0757847771 	34.7130311274 	0.0482256992909 	-3.57313172057e-23
-0.89 	0.109832635983 	-5.64364822306e-19 	0.129770831305 	0.000553715160349 	234.363876227 	13.076801685 	34.7121192281 	0.0478717978185 	-4.40767958569e-23
-0.89 	0.11129707113 	3.16225099129e-19 	0.129769994454 	0.00055371514364 	234.36237196 	13.077823499 	34.7112146485 	0.0475133876502 	-1.14673995573e-22
-0.89 	0.112761506276 	7.43330478286e-19 	0.129769167975 	0.000553715109129 	234.360893961 	13.0788500618 	34.7103173439 	0.0471504164904 	-1.13075027955e-22
-0.89 	0.114225941423 	1.11375430127e-18 	0.129768351714 	0.000553715058319 	234.359441313 	13.0798812092 	34.7094272737 	0.0467828316556 	-2.64673011155e-22
-0.89 	0.115690376569 	-4.56149889316e-19 	0.12976754552 	0.000553714992601 	234.358013154 	13.0809167697 	34.7085444014 	0.0464105800845 	-2.90920390817e-24
-0.89 	0.117154811715 	8.2217775523e-20 	0.12976754552 	0.000553714992601 	234.358013154 	13.0809167697 	34.7085444014 	0.0464105800845 	-2.90920390817e-24
-0.89 	0.118619246862 	5.6142506974e-19 	0.129766749246 	0.000553714913261 	234.356608678 	13.0819565647 	34.7076686949 	0.0460336083308 	-4.88847804942e-23
-0.89 	0.120083682008 	-1.18859502508e-19 	0.129765962754 	0.000553714821491 	234.355227126 	13.0830004081 	34.7068001258 	0.0456518625704 	2.14399470745e-22
-0.89 	0.121548117155 	2.4148997079e-18 	0.129765185907 	0.000553714718395 	234.353867788 	13.0840481061 	34.7059386701 	0.0452652885953 	1.15079371061e-22
-0.89 	0.123012552301 	-1.65300628976e-18 	0.129764418576 	0.000553714604994 	234.352529996 	13.0850994573 	34.7050843079 	0.0448738318202 	9.65327323854e-23
-0.89 	0.124476987448 	8.83266495894e-19 	0.129764418576 	0.000553714604994 	234.352529996 	13.0850994573 	34.7050843079 	0.0448738318202 	9.65327323854e-23
-0.89 	0.125941422594 	5.91891294341e-19 	0.129763660636 	0.000553714482235 	234.351213124 	13.0861542524 	34.7042370235 	0.0444774372745 	-2.75823321543e-22
-0.89 	0.127405857741 	-1.17589564682e-18 	0.129762911966 	0.000553714350996 	234.349916582 	13.0872122739 	34.7033968051 	0.0440760496104 	6.12854806927e-23
-0.89 	0.128870292887 	2.72619007811e-19 	0.129762172451 	0.000553714212089 	234.348639819 	13.0882732963 	34.7025636454 	0.0436696130913 	-1.4016278239e-22
-0.89 	0.130334728033 	3.81199886242e-19 	0.129762172451 	0.000553714212089 	234.348639819 	13.0882732963 	34.7025636454 	0.0436696130913 	-1.4016278239e-22
-0.89 	0.13179916318 	4.55736859248e-19 	0.12976144198 	0.000553714066267 	234.347382314 	13.0893370854 	34.7017375411 	0.0432580716019 	-5.84878801076e-23
-0.89 	0.133263598326 	4.28805804886e-19 	0.129760720446 	0.000553713914228 	234.34614358 	13.0904033987 	34.7009184932 	0.042841368632 	2.81616408601e-22
-0.89 	0.134728033473 	1.10536851133e-18 	0.129760007747 	0.000553713756619 	234.344923158 	13.0914719848 	34.700106507 	0.0424194472897 	-1.77268155852e-22
-0.89 	0.136192468619 	2.62245339713e-21 	0.129760007747 	0.000553713756619 	234.344923158 	13.0914719848 	34.700106507 	0.0424194472897 	-1.77268155852e-22
-0.89 	0.137656903766 	4.52058663719e-19 	0.129759303784 	0.000553713594041 	234.343720618 	13.0925425835 	34.6993015919 	0.0419922502796 	3.93520170316e-22
-0.89 	0.139121338912 	9.92673166719e-19 	0.129758608466 	0.000553713427051 	234.342535554 	13.0936149255 	34.698503762 	0.0415597199159 	-1.11335639613e-23
-0.89 	0.140585774059 	4.47995549783e-19 	0.129758608466 	0.000553713427051 	234.342535554 	13.0936149255 	34.698503762 	0.0415597199159 	-1.11335639613e-23
-0.89 	0.142050209205 	-2.92163388594e-19 	0.1297579217 	0.000553713256163 	234.341367587 	13.0946887323 	34.6977130354 	0.0411217981021 	-1.42495697045e-22
-0.89 	0.143514644351 	-2.22517720194e-18 	0.129757243404 	0.000553713081857 	234.34021636 	13.095763716 	34.6969294348 	0.0406784263347 	-2.44023026484e-22
-0.89 	0.144979079498 	7.4920037821e-20 	0.129757243404 	0.000553713081857 	234.34021636 	13.095763716 	34.6969294348 	0.0406784263347 	-2.44023026484e-22
-0.89 	0.146443514644 	3.1994283317e-19 	0.129756573494 	0.000553712904578 	234.339081537 	13.0968395791 	34.6961529873 	0.0402295456916 	-9.70161842392e-23
-0.89 	0.147907949791 	1.4278202e-19 	0.129755911894 	0.000553712724737 	234.337962804 	13.0979160143 	34.6953837248 	0.0397750968208 	-1.54144070716e-22
-0.89 	0.149372384937 	-3.1800860974e-20 	0.129755911894 	0.000553712724737 	234.337962804 	13.0979160143 	34.6953837248 	0.0397750968208 	-1.54144070716e-22
-0.89 	0.150836820084 	2.29601724558e-19 	0.129755258529 	0.000553712542718 	234.336859867 	13.0989927044 	34.6946216835 	0.0393150199378 	2.40362791233e-22
-0.89 	0.15230125523 	3.00866691386e-20 	0.129754613331 	0.000553712358875 	234.335772448 	13.1000693222 	34.6938669044 	0.0388492548048 	-8.44349392248e-23
-0.89 	0.153765690377 	-7.97562207228e-20 	0.129754613331 	0.000553712358875 	234.335772448 	13.1000693222 	34.6938669044 	0.0388492548048 	-8.44349392248e-23
-0.89 	0.155230125523 	-1.84575004082e-19 	0.129753976233 	0.000553712173539 	234.334700289 	13.10114553 	34.6931194331 	0.0383777407261 	8.21181873994e-23
-0.89 	0.156694560669 	1.43527435753e-18 	0.129753347172 	0.000553711987016 	234.333643147 	13.1022209796 	34.6923793203 	0.037900416528 	3.96593272851e-23
-0.89 	0.158158995816 	1.26765592873e-19 	0.129753347172 	0.000553711987016 	234.333643147 	13.1022209796 	34.6923793203 	0.037900416528 	3.96593272851e-23
-0.89 	0.159623430962 	-1.77977349158e-19 	0.12975272609 	0.000553711799591 	234.332600797 	13.1032953124 	34.6916466214 	0.0374172205429 	-2.65319865522e-22
-0.89 	0.161087866109 	-3.31896218003e-19 	0.12975272609 	0.000553711799591 	234.332600797 	13.1032953124 	34.6916466214 	0.0374172205429 	-2.65319865522e-22
-0.89 	0.162552301255 	-8.72231972614e-19 	0.129752112932 	0.000553711611524 	234.331573028 	13.1043681586 	34.6909213968 	0.0369280905958 	5.55126617206e-24
-0.89 	0.164016736402 	7.84855849381e-19 	0.129751507645 	0.000553711423031 	234.330559653 	13.1054391374 	34.6902037122 	0.0364329639739 	3.12132114924e-22
-0.89 	0.165481171548 	-3.71001691068e-19 	0.129751507645 	0.000553711423031 	234.330559653 	13.1054391374 	34.6902037122 	0.0364329639739 	3.12132114924e-22
-0.89 	0.166945606695 	-4.81451163924e-19 	0.12975091017 	0.000553711234167 	234.329560542 	13.1065078567 	34.6894936382 	0.0359317774165 	-2.35321173265e-22
-0.89 	0.168410041841 	-6.96618890402e-19 	0.12975091017 	0.000553711234167 	234.329560542 	13.1065078567 	34.6894936382 	0.0359317774165 	-2.35321173265e-22
-0.89 	0.169874476987 	-7.0599830607e-19 	0.129750320414 	0.000553711044245 	234.328575821 	13.107573913 	34.688791251 	0.0354244670749 	1.95192788216e-22
-0.89 	0.171338912134 	3.03539272413e-20 	0.129749738158 	0.000553710849456 	234.327606701 	13.1086368909 	34.6880966322 	0.0349109685022 	-1.92285644816e-22
-0.89 	0.17280334728 	5.72485823894e-19 	0.129749738158 	0.000553710849456 	234.327606701 	13.1086368909 	34.6880966322 	0.0349109685022 	-1.92285644816e-22
-0.89 	0.174267782427 	2.47235484009e-19 	0.129749162844 	0.000553710634971 	234.326658455 	13.1096963631 	34.6874098687 	0.0343912165993 	3.235171606e-22
-0.89 	0.175732217573 	-7.55622311296e-19 	0.129749162844 	0.000553710634971 	234.326658455 	13.1096963631 	34.6874098687 	0.0343912165993 	3.235171606e-22
-0.89 	0.17719665272 	3.91097884699e-20 	0.12974859354 	0.000553710351818 	234.325750122 	13.1107518901 	34.6867310534 	0.0338651456126 	-2.28292292562e-22
-0.89 	0.178661087866 	-1.22643276206e-19 	0.12974859354 	0.000553710351818 	234.325750122 	13.1107518901 	34.6867310534 	0.0338651456126 	-2.28292292562e-22
-0.89 	0.180125523013 	-2.84571307747e-19 	0.129748030867 	0.000553710041258 	234.324865361 	13.1118030198 	34.6860602849 	0.0333326890553 	-3.41758061582e-22
-0.89 	0.181589958159 	1.95296561919e-19 	0.129747475347 	0.000553709720352 	234.323997896 	13.1128492877 	34.685397668 	0.0327937797177 	6.32146595708e-22
-0.89 	0.183054393305 	-4.73227417891e-19 	0.129747475347 	0.000553709720352 	234.323997896 	13.1128492877 	34.685397668 	0.0327937797177 	6.32146595708e-22
-0.89 	0.184518828452 	4.03504498596e-19 	0.129746927174 	0.000553709393983 	234.323146012 	13.1138902158 	34.6847433134 	0.0322483495692 	5.40753976537e-23
-0.89 	0.185983263598 	4.68749658175e-19 	0.129746927174 	0.000553709393983 	234.323146012 	13.1138902158 	34.6847433134 	0.0322483495692 	5.40753976537e-23
-0.89 	0.187447698745 	-7.41371876694e-19 	0.12974638637 	0.000553709062574 	234.322309567 	13.1149253132 	34.6840973383 	0.0316963297616 	8.8719010399e-23
-0.89 	0.188912133891 	-6.57635041805e-19 	0.12974638637 	0.000553709062574 	234.322309567 	13.1149253132 	34.6840973383 	0.0316963297616 	8.8719010399e-23
-0.89 	0.190376569038 	1.95419918481e-19 	0.129745852896 	0.000553708725203 	234.321488881 	13.1159540754 	34.6834598664 	0.0311376505296 	9.22891663656e-23
-0.89 	0.191841004184 	-1.86828184942e-19 	0.129745852896 	0.000553708725203 	234.321488881 	13.1159540754 	34.6834598664 	0.0311376505296 	9.22891663656e-23
-0.89 	0.193305439331 	4.46995939894e-19 	0.129745326695 	0.000553708380504 	234.320684432 	13.1169759837 	34.6828310282 	0.0305722411783 	-1.1472017655e-22
-0.89 	0.194769874477 	-8.03235747476e-19 	0.129745326695 	0.000553708380504 	234.320684432 	13.1169759837 	34.6828310282 	0.0305722411783 	-1.1472017655e-22
-0.89 	0.196234309623 	3.86321734915e-19 	0.129744807707 	0.000553708026838 	234.319896802 	13.1179905054 	34.6822109611 	0.0300000299819 	-2.35740949601e-22
-0.89 	0.19769874477 	3.12144992047e-19 	0.129744807707 	0.000553708026838 	234.319896802 	13.1179905054 	34.6822109611 	0.0300000299819 	-2.35740949601e-22
-0.89 	0.199163179916 	5.85856050562e-19 	0.129744295866 	0.00055370766229 	234.319126683 	13.1189970931 	34.6815998096 	0.0294209441548 	-5.31566276047e-22
-0.89 	0.200627615063 	2.19287722374e-21 	0.129744295866 	0.00055370766229 	234.319126683 	13.1189970931 	34.6815998096 	0.0294209441548 	-5.31566276047e-22
-0.89 	0.202092050209 	2.64973322662e-19 	0.129743791098 	0.000553707284623 	234.318374891 	13.1199951845 	34.6809977256 	0.0288349097451 	1.99156469956e-22
-0.89 	0.203556485356 	-6.22794974712e-19 	0.129743791098 	0.000553707284623 	234.318374891 	13.1199951845 	34.6809977256 	0.0288349097451 	1.99156469956e-22
-0.89 	0.205020920502 	-1.02735455255e-18 	0.129743293325 	0.000553706891205 	234.317642396 	13.120984202 	34.6804048689 	0.0282418515934 	-2.60114944933e-22
-0.89 	0.206485355649 	4.84227779399e-19 	0.129743293325 	0.000553706891205 	234.317642396 	13.120984202 	34.6804048689 	0.0282418515934 	-2.60114944933e-22
-0.89 	0.207949790795 	-1.33930848832e-19 	0.129742802456 	0.000553706478926 	234.316930349 	13.1219635518 	34.6798214068 	0.0276416932149 	-2.52531460613e-22
-0.89 	0.209414225941 	8.94719488475e-19 	0.129742802456 	0.000553706478926 	234.316930349 	13.1219635518 	34.6798214068 	0.0276416932149 	-2.52531460613e-22
-0.89 	0.210878661088 	2.21728576547e-19 	0.129742318387 	0.000553706044091 	234.316240126 	13.1229326244 	34.6792475152 	0.0270343567461 	4.90021092756e-22
-0.89 	0.212343096234 	3.57215062815e-19 	0.129742318387 	0.000553706044091 	234.316240126 	13.1229326244 	34.6792475152 	0.0270343567461 	4.90021092756e-22
-0.89 	0.213807531381 	5.51367148984e-19 	0.129741840994 	0.000553705582283 	234.315573376 	13.1238907932 	34.6786833783 	0.0264197628179 	3.36815807406e-23
-0.89 	0.215271966527 	-7.87093568539e-20 	0.129741840994 	0.000553705582283 	234.315573376 	13.1238907932 	34.6786833783 	0.0264197628179 	3.36815807406e-23
-0.89 	0.216736401674 	1.36439826173e-20 	0.129741370134 	0.00055370508819 	234.314932084 	13.1248374145 	34.6781291893 	0.0257978304847 	-1.48251728103e-22
-0.89 	0.21820083682 	1.50798444336e-19 	0.129741370134 	0.00055370508819 	234.314932084 	13.1248374145 	34.6781291893 	0.0257978304847 	-1.48251728103e-22
-0.89 	0.219665271967 	6.64206396463e-19 	0.129740905629 	0.000553704555386 	234.314318651 	13.1257718268 	34.6775851503 	0.0251684770871 	-3.20419043545e-22
-0.89 	0.221129707113 	-4.00314925876e-19 	0.129740905629 	0.000553704555386 	234.314318651 	13.1257718268 	34.6775851503 	0.0251684770871 	-3.20419043545e-22
-0.89 	0.222594142259 	-7.40878509608e-19 	0.129740447267 	0.000553703976045 	234.313736003 	13.1266933503 	34.6770514734 	0.0245316181669 	2.23108190922e-22
-0.89 	0.224058577406 	-1.34455531297e-18 	0.129740447267 	0.000553703976045 	234.313736003 	13.1266933503 	34.6770514734 	0.0245316181669 	2.23108190922e-22
-0.89 	0.225523012552 	-3.26211595692e-19 	0.129740447267 	0.000553703976045 	234.313736003 	13.1266933503 	34.6770514734 	0.0245316181669 	2.23108190922e-22
-0.89 	0.226987447699 	4.78880996306e-19 	0.129739994781 	0.000553703340574 	234.31318772 	13.1276012862 	34.6765283801 	0.0238871673125 	-3.28857522183e-22
-0.89 	0.228451882845 	-6.07932616263e-19 	0.129739994781 	0.000553703340574 	234.31318772 	13.1276012862 	34.6765283801 	0.0238871673125 	-3.28857522183e-22
-0.89 	0.229916317992 	2.04648581054e-19 	0.129739547842 	0.00055370263713 	234.312678218 	13.1284949161 	34.6760161026 	0.0232350360678 	-1.85666305625e-23
-0.89 	0.231380753138 	-4.14769464139e-19 	0.129739547842 	0.00055370263713 	234.312678218 	13.1284949161 	34.6760161026 	0.0232350360678 	-1.85666305625e-23
-0.89 	0.232845188285 	-1.07900568431e-18 	0.129739106035 	0.000553701850976 	234.312212982 	13.1293735012 	34.6755148839 	0.0225751337395 	-3.75706563367e-22
-0.89 	0.234309623431 	7.38518790347e-19 	0.129739106035 	0.000553701850976 	234.312212982 	13.1293735012 	34.6755148839 	0.0225751337395 	-3.75706563367e-22
-0.89 	0.235774058577 	3.8687675885e-19 	0.129738668831 	0.000553700963637 	234.311798879 	13.130236282 	34.6750249782 	0.0219073673376 	3.58328819943e-22
-0.89 	0.237238493724 	7.69455378157e-19 	0.129738668831 	0.000553700963637 	234.311798879 	13.130236282 	34.6750249782 	0.0219073673376 	3.58328819943e-22
-0.89 	0.23870292887 	-1.61889838614e-19 	0.129738668831 	0.000553700963637 	234.311798879 	13.130236282 	34.6750249782 	0.0219073673376 	3.58328819943e-22
-0.89 	0.240167364017 	-7.66652667967e-19 	0.129738235555 	0.000553699951743 	234.311444577 	13.1310824765 	34.6745466513 	0.0212316412709 	9.56261097047e-23
-0.89 	0.241631799163 	-9.12789467077e-19 	0.129738235555 	0.000553699951743 	234.311444577 	13.1310824765 	34.6745466513 	0.0212316412709 	9.56261097047e-23
-0.89 	0.24309623431 	1.17627872919e-18 	0.129737805333 	0.000553698785468 	234.311161119 	13.131911281 	34.6740801816 	0.0205478574513 	-2.94730255056e-22
-0.89 	0.244560669456 	-1.43869493319e-19 	0.129737805333 	0.000553698785468 	234.311161119 	13.131911281 	34.6740801816 	0.0205478574513 	-2.94730255056e-22
-0.89 	0.246025104603 	-1.17423047763e-18 	0.129737377026 	0.000553697426369 	234.310962716 	13.1327218666 	34.6736258602 	0.0198559146421 	9.16212978353e-22
-0.89 	0.247489539749 	1.13369938285e-18 	0.129737377026 	0.000553697426369 	234.310962716 	13.1327218666 	34.6736258602 	0.0198559146421 	9.16212978353e-22
-0.89 	0.248953974895 	1.20522854198e-19 	0.129737377026 	0.000553697426369 	234.310962716 	13.1327218666 	34.6736258602 	0.0198559146421 	9.16212978353e-22
-0.89 	0.250418410042 	3.263670108e-19 	0.129736949132 	0.000553695824368 	234.310867849 	13.1335133825 	34.6731839916 	0.019155709124 	5.45299304407e-22
-0.89 	0.251882845188 	8.33092607943e-19 	0.129736949132 	0.000553695824368 	234.310867849 	13.1335133825 	34.6731839916 	0.019155709124 	5.45299304407e-22
-0.89 	0.253347280335 	-1.85335313438e-19 	0.129736519654 	0.000553693913484 	234.310900832 	13.134284948 	34.6727548948 	0.0184471330271 	7.7781151736e-22
-0.89 	0.254811715481 	-3.70607761411e-19 	0.129736519654 	0.000553693913484 	234.310900832 	13.134284948 	34.6727548948 	0.0184471330271 	7.7781151736e-22
-0.89 	0.256276150628 	-9.82028956782e-20 	0.129736519654 	0.000553693913484 	234.310900832 	13.134284948 	34.6727548948 	0.0184471330271 	7.7781151736e-22
-0.89 	0.257740585774 	-1.85273633816e-19 	0.129736085901 	0.000553691605693 	234.311094058 	13.1350356629 	34.6723389033 	0.0177300766701 	9.43432697051e-23
-0.89 	0.259205020921 	-1.7511746725e-19 	0.129736085901 	0.000553691605693 	234.311094058 	13.1350356629 	34.6723389033 	0.0177300766701 	9.43432697051e-23
-0.89 	0.260669456067 	7.25497290205e-19 	0.129735644205 	0.000553688781962 	234.311491277 	13.1357645871 	34.6719363664 	0.0170044240357 	3.83437700088e-23
-0.89 	0.262133891213 	2.34612803865e-19 	0.129735644205 	0.000553688781962 	234.311491277 	13.1357645871 	34.6719363664 	0.0170044240357 	3.83437700088e-23
-0.89 	0.26359832636 	-2.41305731854e-19 	0.129735644205 	0.000553688781962 	234.311491277 	13.1357645871 	34.6719363664 	0.0170044240357 	3.83437700088e-23
-0.89 	0.265062761506 	6.4749641124e-19 	0.129735189495 	0.000553685278915 	234.312152473 	13.1364707718 	34.6715476496 	0.0162700598008 	-6.14737762408e-22
-0.89 	0.266527196653 	2.19619986522e-19 	0.129735189495 	0.000553685278915 	234.312152473 	13.1364707718 	34.6715476496 	0.0162700598008 	-6.14737762408e-22
-0.89 	0.267991631799 	1.0378502904e-18 	0.129734714651 	0.000553680868622 	234.313161252 	13.1371532042 	34.6711731361 	0.0155268570503 	-5.1584388514e-22
-0.89 	0.269456066946 	-1.18355204377e-19 	0.129734714651 	0.000553680868622 	234.313161252 	13.1371532042 	34.6711731361 	0.0155268570503 	-5.1584388514e-22
-0.89 	0.270920502092 	-9.32711764625e-19 	0.129734714651 	0.000553680868622 	234.313161252 	13.1371532042 	34.6711731361 	0.0155268570503 	-5.1584388514e-22
-0.89 	0.272384937238 	-7.14158745126e-19 	0.129734209501 	0.000553675227292 	234.314636281 	13.1378108944 	34.6708132265 	0.0147746968859 	-3.01063167341e-22
-0.89 	0.273849372385 	1.75121214671e-19 	0.129734209501 	0.000553675227292 	234.314636281 	13.1378108944 	34.6708132265 	0.0147746968859 	-3.01063167341e-22
-0.89 	0.275313807531 	-4.01572266669e-19 	0.129734209501 	0.000553675227292 	234.314636281 	13.1378108944 	34.6708132265 	0.0147746968859 	-3.01063167341e-22
-0.89 	0.276778242678 	-4.01846845393e-19 	0.129733659223 	0.000553667885606 	234.316749437 	13.1384427313 	34.670468342 	0.0140134358349 	-2.50165894767e-22
-0.89 	0.278242677824 	1.48323614021e-19 	0.129733659223 	0.000553667885606 	234.316749437 	13.1384427313 	34.670468342 	0.0140134358349 	-2.50165894767e-22
-0.89 	0.279707112971 	5.69639394922e-19 	0.129733041749 	0.000553658147839 	234.319755349 	13.1390477095 	34.6701389216 	0.0132429577592 	6.10626539004e-22
-0.89 	0.281171548117 	2.12064258696e-19 	0.129733041749 	0.000553658147839 	234.319755349 	13.1390477095 	34.6701389216 	0.0132429577592 	6.10626539004e-22
-0.89 	0.282635983264 	5.47878831854e-19 	0.129733041749 	0.000553658147839 	234.319755349 	13.1390477095 	34.6701389216 	0.0132429577592 	6.10626539004e-22
-0.89 	0.28410041841 	2.05409136691e-19 	0.129732323369 	0.000553644956116 	234.32404095 	13.1396245651 	34.6698254299 	0.0124630903083 	6.69445687072e-23
-0.89 	0.285564853556 	-4.21360833083e-19 	0.129732323369 	0.000553644956116 	234.32404095 	13.1396245651 	34.6698254299 	0.0124630903083 	6.69445687072e-23
-0.89 	0.287029288703 	-3.78595570185e-19 	0.129732323369 	0.000553644956116 	234.32404095 	13.1396245651 	34.6698254299 	0.0124630903083 	6.69445687072e-23
-0.89 	0.288493723849 	4.93456943627e-20 	0.129731451111 	0.000553626654899 	234.330211458 	13.1401723434 	34.6695283474 	0.0116737362314 	3.83403488958e-22
-0.89 	0.289958158996 	2.8064431499e-20 	0.129731451111 	0.000553626654899 	234.330211458 	13.1401723434 	34.6695283474 	0.0116737362314 	3.83403488958e-22
-0.89 	0.291422594142 	-3.32684102358e-20 	0.129731451111 	0.000553626654899 	234.330211458 	13.1401723434 	34.6695283474 	0.0116737362314 	3.83403488958e-22
-0.89 	0.292887029289 	5.61150789051e-19 	0.129730338888 	0.000553600566241 	234.339245295 	13.1406895128 	34.6692481893 	0.0108746673115 	-5.17690178828e-22
-0.89 	0.294351464435 	3.48134191298e-19 	0.129730338888 	0.000553600566241 	234.339245295 	13.1406895128 	34.6692481893 	0.0108746673115 	-5.17690178828e-22
-0.89 	0.295815899582 	3.18330591564e-19 	0.129728841299 	0.000553562189568 	234.352785909 	13.1411753208 	34.6689854798 	0.0100658425844 	2.75941621344e-22
-0.89 	0.297280334728 	1.43724781241e-18 	0.129728841299 	0.000553562189568 	234.352785909 	13.1411753208 	34.6689854798 	0.0100658425844 	2.75941621344e-22
-0.89 	0.298744769874 	8.10742057679e-20 	0.129728841299 	0.000553562189568 	234.352785909 	13.1411753208 	34.6689854798 	0.0100658425844 	2.75941621344e-22
-0.89 	0.300209205021 	2.22982467196e-19 	0.129726701185 	0.000553503614476 	234.373720048 	13.1416277321 	34.6687407948 	0.00924692009751 	2.18816821028e-22
-0.89 	0.301673640167 	1.62088372894e-18 	0.129726701185 	0.000553503614476 	234.373720048 	13.1416277321 	34.6687407948 	0.00924692009751 	2.18816821028e-22
-0.89 	0.303138075314 	-4.15282994022e-20 	0.129726701185 	0.000553503614476 	234.373720048 	13.1416277321 	34.6687407948 	0.00924692009751 	2.18816821028e-22
-0.89 	0.30460251046 	6.3937776691e-19 	0.129723438215 	0.000553410179784 	234.407394287 	13.1420465194 	34.6685147023 	0.00841799646345 	-2.86696260337e-22
-0.89 	0.306066945607 	-8.17260828661e-19 	0.129723438215 	0.000553410179784 	234.407394287 	13.1420465194 	34.6685147023 	0.00841799646345 	-2.86696260337e-22
-0.89 	0.307531380753 	7.69702553504e-19 	0.129723438215 	0.000553410179784 	234.407394287 	13.1420465194 	34.6685147023 	0.00841799646345 	-2.86696260337e-22
-0.89 	0.3089958159 	-7.30992114934e-19 	0.129718093897 	0.000553252934409 	234.464357674 	13.1424286742 	34.6683078544 	0.0075784961022 	-6.47545012928e-23
-0.89 	0.310460251046 	1.11440532922e-19 	0.129718093897 	0.000553252934409 	234.464357674 	13.1424286742 	34.6683078544 	0.0075784961022 	-6.47545012928e-23
-0.89 	0.311924686192 	5.54604436303e-19 	0.129718093897 	0.000553252934409 	234.464357674 	13.1424286742 	34.6683078544 	0.0075784961022 	-6.47545012928e-23
-0.89 	0.313389121339 	2.05820224954e-19 	0.129708600869 	0.000552970269496 	234.567042796 	13.1427751519 	34.6681208579 	0.00672882062455 	1.03172382683e-21
-0.89 	0.314853556485 	-7.81929893097e-19 	0.129708600869 	0.000552970269496 	234.567042796 	13.1427751519 	34.6681208579 	0.00672882062455 	1.03172382683e-21
-0.89 	0.316317991632 	2.58675372651e-19 	0.129708600869 	0.000552970269496 	234.567042796 	13.1427751519 	34.6681208579 	0.00672882062455 	1.03172382683e-21
-0.89 	0.317782426778 	-2.10451747801e-19 	0.129690117468 	0.000552419959114 	234.767255109 	13.1430810935 	34.6679544644 	0.00586792207935 	4.2834004522e-22
-0.89 	0.319246861925 	9.57463367507e-20 	0.129690117468 	0.000552419959114 	234.767255109 	13.1430810935 	34.6679544644 	0.00586792207935 	4.2834004522e-22
-0.89 	0.320711297071 	-1.52706822513e-19 	0.129690117468 	0.000552419959114 	234.767255109 	13.1430810935 	34.6679544644 	0.00586792207935 	4.2834004522e-22
-0.89 	0.322175732218 	-1.21652970375e-18 	0.129650687083 	0.000551252496975 	235.19292483 	13.1433499522 	34.6678093022 	0.00499683558426 	-4.86117609222e-22
-0.89 	0.323640167364 	-8.83200224465e-19 	0.129650687083 	0.000551252496975 	235.19292483 	13.1433499522 	34.6678093022 	0.00499683558426 	-4.86117609222e-22
-0.89 	0.32510460251 	-1.24359772036e-19 	0.129650687083 	0.000551252496975 	235.19292483 	13.1433499522 	34.6678093022 	0.00499683558426 	-4.86117609222e-22
-0.89 	0.326569037657 	-2.53696515854e-19 	0.129562684812 	0.000548638358751 	236.153164913 	13.1435735652 	34.6676862434 	0.00411358794799 	9.38888475866e-23
-0.89 	0.328033472803 	-4.44495519825e-19 	0.129562684812 	0.000548638358751 	236.153164913 	13.1435735652 	34.6676862434 	0.00411358794799 	9.38888475866e-23
-0.89 	0.32949790795 	-1.02905300886e-19 	0.129562684812 	0.000548638358751 	236.153164913 	13.1435735652 	34.6676862434 	0.00411358794799 	9.38888475866e-23
-0.89 	0.330962343096 	-6.95989344945e-19 	0.129388250669 	0.000543346943604 	238.131919563 	13.143760316 	34.6675858642 	0.00322048206544 	-6.3594466439e-22
-0.89 	0.332426778243 	5.18337666562e-19 	0.129388250669 	0.000543346943604 	238.131919563 	13.143760316 	34.6675858642 	0.00322048206544 	-6.3594466439e-22
-0.89 	0.333891213389 	1.82775233732e-19 	0.129388250669 	0.000543346943604 	238.131919563 	13.143760316 	34.6675858642 	0.00322048206544 	-6.3594466439e-22
-0.89 	0.335355648536 	2.24226357938e-19 	0.129388250669 	0.000543346943604 	238.131919563 	13.143760316 	34.6675858642 	0.00322048206544 	-6.3594466439e-22
-0.89 	0.336820083682 	-4.01004119911e-19 	0.129216181677 	0.000538609312858 	239.907069174 	13.1438939566 	34.6675093332 	0.00231373132044 	-2.96337770034e-22
-0.89 	0.338284518828 	5.2041793831e-19 	0.129216181677 	0.000538609312858 	239.907069174 	13.1438939566 	34.6675093332 	0.00231373132044 	-2.96337770034e-22
-0.89 	0.339748953975 	1.05474684924e-19 	0.129216181677 	0.000538609312858 	239.907069174 	13.1438939566 	34.6675093332 	0.00231373132044 	-2.96337770034e-22
-0.89 	0.341213389121 	1.02153078473e-18 	0.129184306072 	0.000538011609222 	240.114346713 	13.1439894364 	34.6674575066 	0.00139801948838 	3.25876966066e-22
-0.89 	0.342677824268 	1.5109351659e-19 	0.129184306072 	0.000538011609222 	240.114346713 	13.1439894364 	34.6674575066 	0.00139801948838 	3.25876966066e-22
-0.89 	0.344142259414 	1.6652471933e-19 	0.129184306072 	0.000538011609222 	240.114346713 	13.1439894364 	34.6674575066 	0.00139801948838 	3.25876966066e-22
-0.89 	0.345606694561 	2.41264389218e-20 	0.129180944981 	0.000537966519724 	240.128224052 	13.1440217731 	34.6674318297 	0.000466422340405 	6.50756150749e-22
-0.89 	0.347071129707 	-5.05836838842e-19 	0.129180944981 	0.000537966519724 	240.128224052 	13.1440217731 	34.6674318297 	0.000466422340405 	6.50756150749e-22
-0.89 	0.348535564854 	-2.60428093345e-19 	0.129180944981 	0.000537966519724 	240.128224052 	13.1440217731 	34.6674318297 	0.000466422340405 	6.50756150749e-22
-0.89 	0.35 	-4.05827254959e-19 	0.129180944981 	0.000537966519724 	240.128224052 	13.1440217731 	34.6674318297 	0.000466422340405 	6.50756150749e-22
