0.462 	0 	0 	2.70705589966 	2.19687936467e-05 	123222.783335 	64.2433178732 	7.64735498991 	-0.0202930084448 	1.61066386241e-21
0.462 	0.00146443514644 	1.55190197905e-18 	14.800739755 	0.00219594453839 	6740.03350098 	63.2003291102 	12.3206988464 	-0.297827815502 	-2.58505481101e-21
0.462 	0.00292887029289 	2.27894282525e-19 	19.6743868332 	0.00429952354497 	4575.94582921 	61.9628912957 	13.9251914604 	-0.61788446151 	-1.78815760324e-21
0.462 	0.00439330543933 	4.06206515118e-18 	22.3699392201 	0.00532839774457 	4198.24875927 	61.0688882793 	15.2265260052 	-0.899339545275 	-2.03871581509e-21
0.462 	0.00585774058577 	2.90849898855e-18 	24.3402963405 	0.00583740257715 	4169.71350165 	60.030269327 	16.9578803651 	-1.24915088249 	3.70088710746e-23
0.462 	0.00732217573222 	4.03663395467e-18 	24.7590490772 	0.005834763865 	4243.36779518 	59.0420744519 	18.6267515047 	-1.54555756093 	2.16471241475e-23
0.462 	0.00878661087866 	-5.78355133948e-19 	24.1035198327 	0.00563033994279 	4281.00613419 	58.0787883816 	20.136767257 	-1.7821368537 	-1.17855186231e-21
0.462 	0.0102510460251 	-4.79338217431e-18 	21.754495841 	0.00469484201524 	4221.41003884 	56.8108693695 	22.3042556598 	-2.06798321941 	-1.38465382145e-20
0.462 	0.0117154811715 	-2.81118413051e-18 	18.4726404737 	0.00393551076488 	4017.08197646 	55.3901138505 	24.2878276139 	-2.28191200665 	-1.30604940873e-20
0.462 	0.013179916318 	-1.57469312492e-18 	14.4007239534 	0.00330513890514 	3680.83443598 	53.5399955284 	26.3179987129 	-2.48230659008 	-9.86454450066e-21
0.462 	0.0146443514644 	-1.42755524277e-18 	11.3216317009 	0.00300461356799 	3371.51225232 	51.8616322494 	27.7462016263 	-2.61828406879 	-2.76881796868e-21
0.462 	0.0161087866109 	-2.30545665495e-18 	7.68965213305 	0.00265643085597 	2894.73076845 	49.2773376646 	29.3767395595 	-2.7710655147 	2.23915183086e-20
0.462 	0.0175732217573 	-2.03125158182e-18 	5.39417317776 	0.0021802673002 	2474.08800621 	47.0910708104 	30.4299511317 	-2.86662630095 	-9.68344121619e-21
0.462 	0.0190376569038 	-1.5153142064e-18 	3.12469512195 	0.00169538202909 	1843.06254775 	43.8624484629 	31.5735474394 	-2.96873317959 	-1.4271252282e-20
0.462 	0.0205020920502 	-2.76445174537e-18 	2.12610526237 	0.00148786479995 	1428.96401773 	41.2389932079 	32.2110069612 	-3.02753998286 	1.21389148435e-20
0.462 	0.0219665271967 	-2.00232504733e-19 	1.55941359846 	0.00136364688451 	1143.56114928 	38.4735986966 	32.7181487333 	-3.07555764257 	1.11508006573e-21
0.462 	0.0234309623431 	1.46625959785e-19 	1.20714296114 	0.0012522870379 	963.950695493 	35.5841612941 	33.1492198878 	-3.11537175701 	2.80702893702e-20
0.462 	0.0248953974895 	1.26246999068e-18 	1.02582950124 	0.00116888090698 	877.616782957 	33.5943499146 	33.4042016132 	-3.13753324015 	-1.30896736263e-21
0.462 	0.026359832636 	3.58764873118e-19 	0.795204152581 	0.00102976819256 	772.216658396 	30.5218957403 	33.7346168376 	-3.16351727647 	2.16687902079e-23
0.462 	0.0278242677824 	-1.45123683558e-18 	0.60358367063 	0.000885378675098 	681.723750081 	27.3558450072 	33.9920088522 	-3.17984755077 	-1.72600804871e-20
0.462 	0.0292887029289 	-3.27180112727e-20 	0.497852670545 	0.000793866656001 	627.123795642 	25.2011038682 	34.120577502 	-3.18527051921 	-1.67834093894e-20
0.462 	0.0307531380753 	-5.99302813682e-19 	0.37287539618 	0.000673338827921 	553.770821937 	21.9154645888 	34.2588754878 	-3.18635042679 	2.25096312126e-20
0.462 	0.0322175732218 	-3.14266856485e-18 	0.310549284427 	0.000607723327021 	511.004384099 	19.6954985384 	34.3276240609 	-3.18362907283 	-3.5632060766e-21
0.462 	0.0336820083682 	2.81423118758e-18 	0.243817477586 	0.000533982275286 	456.602192377 	16.3281567048 	34.4192004577 	-3.17651342378 	-4.67129977804e-21
0.462 	0.0351464435146 	8.1680661254e-19 	0.213896152236 	0.000501072211566 	426.876899774 	14.0605354022 	34.4808422726 	-3.17040947472 	-5.04359980915e-21
0.462 	0.0366108786611 	1.20407971431e-18 	0.193053604464 	0.000480027187896 	402.172229681 	11.7758828696 	34.544693343 	-3.16329303279 	8.33587734877e-21
0.462 	0.0380753138075 	1.95066938084e-18 	0.179264965137 	0.000469220403314 	382.048529584 	9.47512848186 	34.6100434215 	-3.15504978825 	-2.3742573302e-21
0.462 	0.039539748954 	1.61312122246e-18 	0.170728664427 	0.000466676010179 	365.839813281 	7.15929339093 	34.6760532918 	-3.14557225347 	-1.69303823382e-20
0.462 	0.0410041841004 	1.42536458743e-18 	0.165915534651 	0.000470351611338 	352.747881908 	4.82946231838 	34.7423240249 	-3.13480050564 	-3.18581472944e-21
0.462 	0.0424686192469 	-2.95817441982e-19 	0.163604353752 	0.000478418313708 	341.969253818 	2.48673964929 	34.8087783243 	-3.12270475343 	-2.59608605735e-22
0.462 	0.0439330543933 	1.26291738104e-18 	0.162886974386 	0.000489435423162 	332.805854822 	0.132232726504 	34.8754393084 	-3.10926452672 	4.87919125944e-22
0.462 	0.0453974895397 	1.69611656028e-19 	0.163134552882 	0.000502384400761 	324.720577778 	-2.23294730885 	34.9423262137 	-3.09446021844 	2.17695179464e-22
0.462 	0.0468619246862 	-1.35554822484e-18 	0.163938931815 	0.000516610667156 	317.33555313 	-4.60768165538 	35.0094351227 	-3.07827173107 	1.15644390692e-21
0.462 	0.0483263598326 	3.72043041686e-19 	0.165049031281 	0.00053171792745 	310.407121446 	-6.99084256718 	35.0767450061 	-3.06067881706 	4.20223240701e-21
0.462 	0.0497907949791 	-7.03835078134e-19 	0.165669506409 	0.000539525692344 	307.065092098 	-8.18522822057 	35.1104657454 	-3.05134940255 	5.07292875873e-21
0.462 	0.0512552301255 	-8.1761687539e-20 	0.166980208233 	0.000555554503525 	300.564943986 	-10.5788963335 	35.1780156956 	-3.03161217933 	-1.47386550662e-20
0.462 	0.052719665272 	-3.05188199277e-19 	0.168332484142 	0.000572049672303 	294.262006067 	-12.9781375454 	35.2456764816 	-3.01042071484 	8.26101849984e-21
0.462 	0.0541841004184 	8.80599450696e-19 	0.169010769464 	0.000580447307041 	291.173319979 	-14.1794883729 	35.2795356575 	-2.9992736311 	1.1888193793e-21
0.462 	0.0556485355649 	6.09447310273e-19 	0.170352685927 	0.000597499642529 	285.109268361 	-16.584928937 	35.3472880705 	-2.97586520106 	-1.80600930884e-20
0.462 	0.0571129707113 	5.05022947169e-19 	0.171655160334 	0.00061483790379 	279.187667637 	-18.9930575504 	35.4150604922 	-2.95095648669 	2.26796422495e-20
0.462 	0.0585774058577 	8.20549164057e-20 	0.172285012727 	0.000623591880206 	276.278473462 	-20.1977681945 	35.4489470179 	-2.93793431529 	-1.80409034752e-20
0.462 	0.0600418410042 	-7.02024634081e-19 	0.173489715249 	0.000641220937412 	270.561525875 	-22.6077588693 	35.5167110991 	-2.91074443093 	2.32655657083e-20
0.462 	0.0615062761506 	-1.27493916076e-18 	0.174059803427 	0.000650075047591 	267.753398738 	-23.8127497475 	35.5505859073 	-2.89657286523 	1.21963660061e-20
0.462 	0.0629707112971 	-2.05419706347e-18 	0.175123628505 	0.000667805709178 	262.237393449 	-26.222000202 	35.6183153736 	-2.86706697748 	7.7476283708e-21
0.462 	0.0644351464435 	1.73651095725e-18 	0.175612609495 	0.000676657641923 	259.529485245 	-27.4259709738 	35.6521675945 	-2.85172883288 	2.9133311816e-20
0.462 	0.06589958159 	-8.32756553214e-19 	0.176492630987 	0.00069426772478 	254.214080084 	-29.8318815429 	35.7198384515 	-2.81987233049 	2.31065674448e-20
0.462 	0.0673640167364 	1.40587615379e-18 	0.17687873454 	0.000702996728228 	251.606767767 	-31.0335322401 	35.7536521062 	-2.80334989206 	-8.59082644832e-21
0.462 	0.0688284518828 	-8.75728584163e-19 	0.177225535145 	0.000711654220898 	249.033210147 	-32.2341201543 	35.7874469265 	-2.7864285097 	-3.59368615581e-20
0.462 	0.0702928870293 	-2.67439518301e-19 	0.177790811412 	0.00072868697919 	243.987907688 	-34.6315265979 	35.8549639427 	-2.75138013659 	6.20714229609e-21
0.462 	0.0717573221757 	5.95546463437e-20 	0.178003913884 	0.000737026090497 	241.516435007 	-35.8280535595 	35.8886773436 	-2.73324867777 	-1.93459136719e-20
0.462 	0.0732217573222 	2.41630779023e-19 	0.178166938889 	0.000745221240875 	239.079254745 	-37.0229344764 	35.9223549025 	-2.71470938829 	-7.63816620142e-21
0.462 	0.0746861924686 	1.42510256936e-18 	0.178330900308 	0.000761095140125 	234.30828934 	-39.4071693104 	35.9895882836 	-2.67639856427 	-7.12894689605e-21
0.462 	0.0761506276151 	8.75990261815e-19 	0.17832551471 	0.000768728377225 	231.974674011 	-40.5962273902 	36.0231390901 	-2.65662277902 	-6.41477725884e-20
0.462 	0.0776150627615 	1.92519348055e-19 	0.178257346786 	0.000776125487687 	229.675934644 	-41.7830477653 	36.0566441011 	-2.6364306551 	-5.82585404716e-20
0.462 	0.0790794979079 	-5.0400583018e-19 	0.178122670602 	0.000783259533364 	227.412068432 	-42.9674811196 	36.0901028435 	-2.61582015981 	7.36274235502e-20
0.462 	0.0805439330544 	-2.41978707537e-18 	0.177917492277 	0.000790101095835 	225.183198979 	-44.1493775379 	36.1235153483 	-2.5947892652 	4.71087947014e-20
0.462 	0.0820083682008 	-9.2526975748e-19 	0.177277994526 	0.000802777486817 	220.830799863 	-46.5049567488 	36.1902031245 	-2.55145808078 	2.04016872058e-20
0.462 	0.0834728033473 	-2.14088386495e-19 	0.176833940829 	0.000808541209374 	218.707393982 	-47.6783363716 	36.2234794703 	-2.52915362727 	-1.35696752813e-20
0.462 	0.0849372384937 	-1.84821218179e-18 	0.176299862789 	0.000813869824353 	216.619239973 	-48.848572601 	36.2567117287 	-2.50642045026 	-2.33404658333e-20
0.462 	0.0864016736402 	-8.41580990532e-20 	0.1756698852 	0.000818720444416 	214.566383921 	-50.015511833 	36.2899009343 	-2.48325641812 	-6.43010539674e-21
0.462 	0.0878661087866 	-6.16168155031e-19 	0.174937765224 	0.000823047109634 	212.548909018 	-51.1789995555 	36.3230486751 	-2.4596593991 	6.93769136574e-20
0.462 	0.0893305439331 	-1.45289889858e-18 	0.174096992656 	0.000826801066841 	210.566966636 	-52.338880301 	36.3561576902 	-2.43562730269 	-4.82354231718e-20
0.462 	0.0907949790795 	-1.78344282585e-18 	0.173140964871 	0.000829931450564 	208.620802059 	-53.4949976267 	36.3892331178 	-2.41115817938 	-7.629156936e-22
0.462 	0.0922594142259 	3.17668791291e-19 	0.172063234615 	0.000832386423614 	206.710765257 	-54.6471941817 	36.4222844854 	-2.38625038398 	1.08294432531e-20
0.462 	0.0937238493724 	1.30494720955e-18 	0.169519483927 	0.000835068149638 	203.000777841 	-56.9391923268 	36.4883859531 	-2.33511457485 	-8.55807078771e-21
0.462 	0.0951882845188 	-2.96921895862e-19 	0.16804417553 	0.000835203379772 	201.20150325 	-58.0786768658 	36.5214850384 	-2.30888536463 	2.93178496151e-20
0.462 	0.0966527196653 	-1.51681277526e-19 	0.166429337206 	0.000834485829821 	199.439380824 	-59.2136066665 	36.5546445391 	-2.2822139806 	3.96996527235e-21
0.462 	0.0981171548117 	-1.783872705e-20 	0.164674482685 	0.000832892897104 	197.713875646 	-60.3438216638 	36.5878623292 	-2.25509755314 	-1.26110630277e-19
0.462 	0.0995815899582 	2.7814497135e-19 	0.162781901683 	0.000830418100831 	196.024028763 	-61.4691585573 	36.621099195 	-2.22753045278 	1.15484429698e-19
0.462 	0.101046025105 	8.23071616509e-19 	0.160757504404 	0.000827075177412 	194.368672636 	-62.5894478973 	36.6542709019 	-2.19950398355 	-9.11049241336e-20
0.462 	0.102510460251 	9.40463455214e-19 	0.158611573892 	0.000822901352331 	192.746765384 	-63.7045110844 	36.6872553076 	-2.17100725449 	-1.44199338113e-20
0.462 	0.103974895397 	-4.92849762668e-19 	0.156359078897 	0.000817958576028 	191.157698543 	-64.8141584442 	36.7199164713 	-2.14202916888 	7.70176923277e-20
0.462 	0.105439330544 	-6.75227605901e-19 	0.154019236273 	0.00081233164533 	189.601423456 	-65.9181894225 	36.7521389706 	-2.1125608205 	-7.60005839394e-20
0.462 	0.10690376569 	2.4771404597e-19 	0.154019236273 	0.00081233164533 	189.601423456 	-65.9181894225 	36.7521389706 	-2.1125608205 	-7.60005839394e-20
0.462 	0.108368200837 	9.89986149135e-19 	0.151614245951 	0.00080612295413 	188.078313828 	-67.016395145 	36.7838587011 	-2.08259723354 	1.48501640315e-19
0.462 	0.109832635983 	-1.0429740901e-19 	0.149167463202 	0.000799444773252 	186.588827888 	-68.1085625821 	36.8150763441 	-2.05213762767 	3.54666664879e-20
0.462 	0.11129707113 	-1.09230454251e-18 	0.146701514738 	0.000792410832039 	185.133151651 	-69.1944787893 	36.8458475937 	-2.02118413589 	-2.1535477602e-19
0.462 	0.112761506276 	-1.21081402851e-18 	0.14423685316 	0.000785129064587 	183.711009649 	-70.2739337611 	36.8762558035 	-1.98973969678 	8.16222505259e-20
0.462 	0.114225941423 	1.15991615461e-18 	0.141791003622 	0.000777696698891 	182.321724941 	-71.3467211966 	36.9063808137 	-1.95780617025 	-4.18006740697e-20
0.462 	0.115690376569 	-7.79666742358e-19 	0.139378450231 	0.000770197866303 	180.964472026 	-72.4126375017 	36.9362775211 	-1.92538342144 	8.35764023798e-20
0.462 	0.117154811715 	-1.27439729946e-18 	0.137010894677 	0.000762703103136 	179.638569863 	-73.4714799803 	36.9659702397 	-1.89246945445 	2.08414053729e-20
0.462 	0.118619246862 	2.41233247292e-19 	0.134697576815 	0.000755269812832 	178.343652198 	-74.5230452198 	36.995459798 	-1.85906114234 	-1.95121066023e-20
0.462 	0.120083682008 	-3.25586430551e-19 	0.132445494782 	0.000747943048498 	177.079652051 	-75.5671281725 	37.024735395 	-1.82515498104 	6.85718829355e-20
0.462 	0.121548117155 	7.39706025232e-19 	0.132445494782 	0.000747943048498 	177.079652051 	-75.5671281725 	37.024735395 	-1.82515498104 	6.85718829355e-20
0.462 	0.123012552301 	-4.57813004316e-19 	0.130259568112 	0.000740756523969 	175.846670124 	-76.6035219231 	37.0537841551 	-1.79074753043 	-8.84621833914e-20
0.462 	0.124476987448 	-1.40639574848e-18 	0.128142835856 	0.000733733949599 	174.644823135 	-77.6320178189 	37.0825955548 	-1.75583552009 	4.47937242755e-20
0.462 	0.125941422594 	-1.02169427416e-18 	0.126096744466 	0.000726890718169 	173.474143106 	-78.6524056689 	37.1111617585 	-1.72041577905 	-2.77472462554e-20
0.462 	0.127405857741 	1.41974493967e-18 	0.124121507788 	0.000720235786825 	172.334546628 	-79.6644738772 	37.1394763253 	-1.68448514469 	-2.65181447698e-20
0.462 	0.128870292887 	5.28392375777e-19 	0.124121507788 	0.000720235786825 	172.334546628 	-79.6644738772 	37.1394763253 	-1.68448514469 	-2.65181447698e-20
0.462 	0.130334728033 	9.35567394706e-19 	0.122216468892 	0.000713773474169 	171.225848697 	-80.6680095048 	37.1675330727 	-1.64804041675 	-5.35937486827e-20
0.462 	0.13179916318 	1.95011535731e-19 	0.120380392812 	0.000707504917554 	170.147782475 	-81.6627983173 	37.1953256095 	-1.61107834947 	5.48373247525e-22
0.462 	0.133263598326 	7.42557674782e-19 	0.118611671572 	0.000701429124908 	169.100009339 	-82.6486248485 	37.2228473092 	-1.57359565679 	1.09359968896e-19
0.462 	0.134728033473 	6.08490075812e-19 	0.11690848574 	0.00069554377488 	168.082139417 	-83.6252724921 	37.2500914205 	-1.53558901748 	-2.86942520434e-20
0.462 	0.136192468619 	-5.7354081267e-20 	0.11690848574 	0.00069554377488 	168.082139417 	-83.6252724921 	37.2500914205 	-1.53558901748 	-2.86942520434e-20
0.462 	0.137656903766 	-1.48984836835e-18 	0.115268943724 	0.000689845857977 	167.093767965 	-84.592523613 	37.2770511555 	-1.49705507457 	-5.33079683284e-20
0.462 	0.139121338912 	1.65362396872e-18 	0.113691142986 	0.000684332004155 	166.134481941 	-85.5501596849 	37.3037197139 	-1.45799043034 	-8.82118709624e-20
0.462 	0.140585774059 	-9.84429428323e-19 	0.112173197278 	0.000678998648364 	165.203859461 	-86.4979614377 	37.3300902717 	-1.41839164029 	2.12844433961e-19
0.462 	0.142050209205 	1.48359461561e-20 	0.112173197278 	0.000678998648364 	165.203859461 	-86.4979614377 	37.3300902717 	-1.41839164029 	2.12844433961e-19
0.462 	0.143514644351 	1.3419783659e-18 	0.1107132536 	0.000673842131621 	164.301471226 	-87.435709013 	37.3561559719 	-1.37825520779 	-2.15291311866e-19
0.462 	0.144979079498 	7.72034760603e-19 	0.109309501968 	0.000668858761282 	163.42688217 	-88.3631821299 	37.3819099201 	-1.3375775775 	1.09967747161e-19
0.462 	0.146443514644 	1.78280692235e-18 	0.107960181235 	0.000664044848381 	162.579653314 	-89.2801602566 	37.4073451802 	-1.29635512856 	-1.98078182273e-19
0.462 	0.147907949791 	-9.31293363067e-19 	0.107960181235 	0.000664044848381 	162.579653314 	-89.2801602566 	37.4073451802 	-1.29635512856 	-1.98078182273e-19
0.462 	0.149372384937 	1.22513967586e-19 	0.1066635852 	0.00065939674096 	161.759345436 	-90.1864227776 	37.4324547796 	-1.25458416713 	3.16021848019e-19
0.462 	0.150836820084 	-9.3773558478e-19 	0.105418070431 	0.000654910860548 	160.9655249 	-91.0817491738 	37.4572317344 	-1.21226091913 	-2.04188173702e-19
0.462 	0.15230125523 	4.19727345581e-19 	0.105418070431 	0.000654910860548 	160.9655249 	-91.0817491738 	37.4572317344 	-1.21226091913 	-2.04188173702e-19
0.462 	0.153765690377 	-2.06146797929e-19 	0.104222057651 	0.000650583714595 	160.197765965 	-91.965919203 	37.4816690785 	-1.1693815211 	2.55486789495e-19
0.462 	0.155230125523 	4.09773094937e-19 	0.10307401341 	0.000646411838838 	159.455639914 	-92.8387130858 	37.5057598567 	-1.12594200824 	-1.89110955412e-20
0.462 	0.156694560669 	-2.21953190142e-20 	0.10307401341 	0.000646411838838 	159.455639914 	-92.8387130858 	37.5057598567 	-1.12594200824 	-1.89110955412e-20
0.462 	0.158158995816 	2.08855427797e-18 	0.101972427943 	0.000642391724412 	158.73870112 	-93.6999116884 	37.529497091 	-1.08193830124 	-2.53745974111e-19
0.462 	0.159623430962 	-3.78470599555e-19 	0.100915835279 	0.000638519889315 	158.046502494 	-94.5492966982 	37.5528737724 	-1.03736619493 	1.54383085288e-19
0.462 	0.161087866109 	-7.65740299742e-19 	0.100915835279 	0.000638519889315 	158.046502494 	-94.5492966982 	37.5528737724 	-1.03736619493 	1.54383085288e-19
0.462 	0.162552301255 	1.36809157397e-19 	0.0999028311088 	0.000634792945261 	157.378609599 	-95.3866507918 	37.5758828809 	-0.992221344767 	-2.53576716827e-19
0.462 	0.164016736402 	-2.22809130717e-19 	0.0989320623052 	0.000631207565795 	156.734595189 	-96.2117578092 	37.5985173967 	-0.946499252145 	1.11263244427e-20
0.462 	0.165481171548 	-2.67524886724e-19 	0.0989320623052 	0.000631207565795 	156.734595189 	-96.2117578092 	37.5985173967 	-0.946499252145 	1.11263244427e-20
0.462 	0.166945606695 	7.45592973984e-19 	0.0980022229728 	0.000627760481327 	156.114036942 	-97.0244029017 	37.6207703006 	-0.900195247402 	3.15604840766e-19
0.462 	0.168410041841 	4.95622358063e-19 	0.0971120531234 	0.000624448493389 	155.516514415 	-97.8243727029 	37.6426345764 	-0.853304474638 	-6.6739597052e-20
0.462 	0.169874476987 	6.10769089901e-21 	0.0971120531234 	0.000624448493389 	155.516514415 	-97.8243727029 	37.6426345764 	-0.853304474638 	-6.6739597052e-20
0.462 	0.171338912134 	3.5618206194e-19 	0.0962603385153 	0.000621268553941 	154.94159153 	-98.6114554227 	37.6641032126 	-0.805821868907 	1.29990470954e-19
0.462 	0.17280334728 	1.7043259654e-20 	0.0962603385153 	0.000621268553941 	154.94159153 	-98.6114554227 	37.6641032126 	-0.805821868907 	1.29990470954e-19
0.462 	0.174267782427 	4.64502618925e-19 	0.0954459094961 	0.00061821763524 	154.388849582 	-99.3854410507 	37.6851692032 	-0.757742144691 	1.19521713487e-21
0.462 	0.175732217573 	5.91018036057e-19 	0.0946676393199 	0.000615292776981 	153.857875245 	-100.146121321 	37.7058255489 	-0.709059759051 	2.58836783736e-20
0.462 	0.17719665272 	-1.36580434396e-19 	0.0946676393199 	0.000615292776981 	153.857875245 	-100.146121321 	37.7058255489 	-0.709059759051 	2.58836783736e-20
0.462 	0.178661087866 	-1.78294670325e-20 	0.0939244435536 	0.000612491093655 	153.348260124 	-100.893290049 	37.7260652485 	-0.659768916569 	-4.20213900001e-19
0.462 	0.180125523013 	9.16161244365e-19 	0.0939244435536 	0.000612491093655 	153.348260124 	-100.893290049 	37.7260652485 	-0.659768916569 	-4.20213900001e-19
0.462 	0.181589958159 	-8.14156409927e-19 	0.093215279693 	0.000609809779106 	152.859601284 	-101.626742753 	37.7458812993 	-0.609863495995 	2.7236611577e-19
0.462 	0.183054393305 	7.06005137544e-19 	0.0925391512978 	0.000607246125991 	152.391505416 	-102.346277472 	37.765266693 	-0.559337111211 	-8.47544540678e-20
0.462 	0.184518828452 	-1.08217705552e-19 	0.0925391512978 	0.000607246125991 	152.391505416 	-102.346277472 	37.765266693 	-0.559337111211 	-8.47544540678e-20
0.462 	0.185983263598 	-7.79263234133e-19 	0.0918951109894 	0.000604797539538 	151.94359266 	-103.051693417 	37.7842144526 	-0.508182934069 	1.61946526736e-19
0.462 	0.187447698745 	7.10664181788e-19 	0.0918951109894 	0.000604797539538 	151.94359266 	-103.051693417 	37.7842144526 	-0.508182934069 	1.61946526736e-19
0.462 	0.188912133891 	-7.84720228741e-19 	0.091282252954 	0.000602461510978 	151.515493174 	-103.742793307 	37.8027175962 	-0.456393924834 	-1.5600558216e-19
0.462 	0.190376569038 	8.39015138491e-19 	0.091282252954 	0.000602461510978 	151.515493174 	-103.742793307 	37.8027175962 	-0.456393924834 	-1.5600558216e-19
0.462 	0.191841004184 	1.4924287564e-18 	0.09069968709 	0.000600235524286 	151.106829603 	-104.419379292 	37.8207691509 	-0.403962353248 	3.71810992883e-21
0.462 	0.193305439331 	-1.26646846511e-19 	0.0901465752374 	0.000598117189123 	150.717245511 	-105.081259694 	37.8383620578 	-0.350880530828 	-1.07682940399e-19
0.462 	0.194769874477 	8.40775200932e-20 	0.0901465752374 	0.000598117189123 	150.717245511 	-105.081259694 	37.8383620578 	-0.350880530828 	-1.07682940399e-19
0.462 	0.196234309623 	-4.92632697532e-20 	0.0896221152217 	0.000596104187335 	150.346394348 	-105.728237362 	37.855489316 	-0.297139488657 	1.83393101421e-19
0.462 	0.19769874477 	2.63974157799e-19 	0.0896221152217 	0.000596104187335 	150.346394348 	-105.728237362 	37.855489316 	-0.297139488657 	1.83393101421e-19
0.462 	0.199163179916 	1.09622474006e-18 	0.0891255551791 	0.00059419432759 	149.993951542 	-106.360128716 	37.8721437514 	-0.242731097958 	-1.88196244263e-19
0.462 	0.200627615063 	-9.49512108511e-19 	0.0891255551791 	0.00059419432759 	149.993951542 	-106.360128716 	37.8721437514 	-0.242731097958 	-1.88196244263e-19
0.462 	0.202092050209 	1.07643435763e-18 	0.0886561644402 	0.000592385442514 	149.659593362 	-106.976731718 	37.8883183589 	-0.187644452071 	2.64483560967e-19
0.462 	0.203556485356 	6.32902487845e-19 	0.0886561644402 	0.000592385442514 	149.659593362 	-106.976731718 	37.8883183589 	-0.187644452071 	2.64483560967e-19
0.462 	0.205020920502 	8.80230258151e-19 	0.0882132795329 	0.000590675560113 	149.343032774 	-107.577877762 	37.9040057295 	-0.131871724315 	-1.68371958217e-19
0.462 	0.206485355649 	-3.66496903585e-19 	0.0882132795329 	0.000590675560113 	149.343032774 	-107.577877762 	37.9040057295 	-0.131871724315 	-1.68371958217e-19
0.462 	0.207949790795 	-6.02539622165e-19 	0.0877962301886 	0.000589062635674 	149.04396387 	-108.163346502 	37.9191989115 	-0.0753984959688 	1.42874204215e-19
0.462 	0.209414225941 	-7.21195361778e-19 	0.0877962301886 	0.000589062635674 	149.04396387 	-108.163346502 	37.9191989115 	-0.0753984959688 	1.42874204215e-19
0.462 	0.210878661088 	3.40502604365e-19 	0.0874044571448 	0.000587544986492 	148.762152949 	-108.73300221 	37.9338900333 	-0.0182193119235 	-1.99761905895e-19
0.462 	0.212343096234 	-6.91470843384e-19 	0.0874044571448 	0.000587544986492 	148.762152949 	-108.73300221 	37.9338900333 	-0.0182193119235 	-1.99761905895e-19
0.462 	0.213807531381 	5.86923040432e-19 	0.0870373262884 	0.000586120609549 	148.497297093 	-109.286574803 	37.9480723716 	0.039687415207 	2.95164819585e-19
0.462 	0.215271966527 	7.39252411236e-19 	0.0870373262884 	0.000586120609549 	148.497297093 	-109.286574803 	37.9480723716 	0.039687415207 	2.95164819585e-19
0.462 	0.216736401674 	2.06177716182e-19 	0.0866944203298 	0.000584788257429 	148.249249585 	-109.824005354 	37.9617371547 	0.0983195594613 	-2.20479259558e-19
0.462 	0.21820083682 	1.80925857496e-18 	0.0866944203298 	0.000584788257429 	148.249249585 	-109.824005354 	37.9617371547 	0.0983195594613 	-2.20479259558e-19
0.462 	0.219665271967 	-8.71056463933e-19 	0.0863750858569 	0.000583545764823 	148.017672415 	-110.344902358 	37.9748783139 	0.157714313699 	-1.91228765187e-20
0.462 	0.221129707113 	1.14845388263e-18 	0.0863750858569 	0.000583545764823 	148.017672415 	-110.344902358 	37.9748783139 	0.157714313699 	-1.91228765187e-20
0.462 	0.222594142259 	1.65537147957e-19 	0.0860791328634 	0.000582392635456 	147.802577888 	-110.849385789 	37.9874853449 	0.217849651584 	-1.21843274446e-19
0.462 	0.224058577406 	4.60060858153e-19 	0.0860791328634 	0.000582392635456 	147.802577888 	-110.849385789 	37.9874853449 	0.217849651584 	-1.21843274446e-19
0.462 	0.225523012552 	-2.92202867816e-19 	0.085805765118 	0.000581326074233 	147.603503303 	-111.336784375 	37.9995537555 	0.278797368486 	1.16745679382e-19
0.462 	0.226987447699 	8.14957439358e-19 	0.085805765118 	0.000581326074233 	147.603503303 	-111.336784375 	37.9995537555 	0.278797368486 	1.16745679382e-19
0.462 	0.228451882845 	-7.17657628452e-19 	0.0855552053705 	0.000580347015307 	147.420772596 	-111.807622932 	38.0110697533 	0.340487785572 	2.54384705531e-19
0.462 	0.229916317992 	-1.28795091918e-19 	0.0855552053705 	0.000580347015307 	147.420772596 	-111.807622932 	38.0110697533 	0.340487785572 	2.54384705531e-19
0.462 	0.231380753138 	6.93346338254e-19 	0.0853262485731 	0.000579451018063 	147.253600241 	-112.26061318 	38.0220322589 	0.403068711202 	-1.87395339566e-19
0.462 	0.232845188285 	4.00080343828e-20 	0.0853262485731 	0.000579451018063 	147.253600241 	-112.26061318 	38.0220322589 	0.403068711202 	-1.87395339566e-19
0.462 	0.234309623431 	3.67338581801e-19 	0.0851199197155 	0.000578641871071 	147.102938745 	-112.697161917 	38.0324213618 	0.466362940732 	-6.5890726503e-20
0.462 	0.235774058577 	-3.44027435259e-19 	0.0851199197155 	0.000578641871071 	147.102938745 	-112.697161917 	38.0324213618 	0.466362940732 	-6.5890726503e-20
0.462 	0.237238493724 	-6.11419943489e-19 	0.084934052111 	0.000577911370094 	146.96726264 	-113.114673681 	38.0422428463 	0.530681338985 	2.29069376511e-19
0.462 	0.23870292887 	6.44582966708e-19 	0.084934052111 	0.000577911370094 	146.96726264 	-113.114673681 	38.0422428463 	0.530681338985 	2.29069376511e-19
0.462 	0.240167364017 	2.11762153276e-19 	0.0847712634623 	0.000577269047627 	146.848794008 	-113.516399359 	38.0514656369 	0.595615274325 	-1.52142557701e-19
0.462 	0.241631799163 	-2.90192848003e-19 	0.0847712634623 	0.000577269047627 	146.848794008 	-113.516399359 	38.0514656369 	0.595615274325 	-1.52142557701e-19
0.462 	0.24309623431 	-1.78224787943e-19 	0.0846273179111 	0.000576698683378 	146.744427116 	-113.897083588 	38.0601086466 	0.661814630017 	5.76940206608e-21
0.462 	0.244560669456 	2.32238408322e-19 	0.0846273179111 	0.000576698683378 	146.744427116 	-113.897083588 	38.0601086466 	0.661814630017 	5.76940206608e-21
0.462 	0.246025104603 	4.36399532015e-19 	0.0846273179111 	0.000576698683378 	146.744427116 	-113.897083588 	38.0601086466 	0.661814630017 	5.76940206608e-21
0.462 	0.247489539749 	-1.09229387954e-18 	0.084507974479 	0.000576221206156 	146.658910808 	-114.263671173 	38.0681212502 	0.728393487383 	4.35591366843e-20
0.462 	0.248953974895 	-1.08288071895e-18 	0.084507974479 	0.000576221206156 	146.658910808 	-114.263671173 	38.0681212502 	0.728393487383 	4.35591366843e-20
0.462 	0.250418410042 	1.6592096283e-19 	0.0844047844992 	0.000575804126616 	146.585931913 	-114.605716173 	38.0755473243 	0.796681997133 	5.13747521525e-21
0.462 	0.251882845188 	-3.88412088593e-19 	0.0844047844992 	0.000575804126616 	146.585931913 	-114.605716173 	38.0755473243 	0.796681997133 	5.13747521525e-21
0.462 	0.253347280335 	-2.08441873282e-19 	0.0843295624044 	0.000575490354251 	146.535144823 	-114.937240901 	38.0822973205 	0.864849727288 	-5.06273685834e-20
0.462 	0.254811715481 	4.34831586744e-19 	0.0843295624044 	0.000575490354251 	146.535144823 	-114.937240901 	38.0822973205 	0.864849727288 	-5.06273685834e-20
0.462 	0.256276150628 	1.12065809418e-18 	0.0843295624044 	0.000575490354251 	146.535144823 	-114.937240901 	38.0822973205 	0.864849727288 	-5.06273685834e-20
0.462 	0.257740585774 	-6.35214251368e-19 	0.0842656541559 	0.000575215692263 	146.494011358 	-115.238107532 	38.0884485998 	0.935541174508 	-2.00376096802e-20
0.462 	0.259205020921 	-4.43779356823e-19 	0.0842656541559 	0.000575215692263 	146.494011358 	-115.238107532 	38.0884485998 	0.935541174508 	-2.00376096802e-20
0.462 	0.260669456067 	-1.03174333177e-18 	0.0842362984152 	0.000575064334012 	146.481521167 	-115.535280872 	38.0938506139 	1.00513289562 	-1.25997859714e-19
0.462 	0.262133891213 	-2.1964519322e-19 	0.0842362984152 	0.000575064334012 	146.481521167 	-115.535280872 	38.0938506139 	1.00513289562 	-1.25997859714e-19
0.462 	0.26359832636 	-2.26578239217e-19 	0.0842094692937 	0.00057491235414 	146.473577559 	-115.791355676 	38.0986944867 	1.07870810523 	6.52218238935e-20
0.462 	0.265062761506 	1.30540827387e-19 	0.0842094692937 	0.00057491235414 	146.473577559 	-115.791355676 	38.0986944867 	1.07870810523 	6.52218238935e-20
0.462 	0.266527196653 	1.63027273674e-19 	0.0842094692937 	0.00057491235414 	146.473577559 	-115.791355676 	38.0986944867 	1.07870810523 	6.52218238935e-20
0.462 	0.267991631799 	-5.6545485125e-19 	0.0842287308998 	0.00057491636694 	146.506058521 	-116.055827118 	38.1027299392 	1.14938130506 	-1.6518600883e-20
0.462 	0.269456066946 	-2.15455392304e-19 	0.0842287308998 	0.00057491636694 	146.506058521 	-116.055827118 	38.1027299392 	1.14938130506 	-1.6518600883e-20
0.462 	0.270920502092 	-1.63607570985e-18 	0.0842335807394 	0.00057484064612 	146.533793857 	-116.262048689 	38.1062771897 	1.22657140321 	8.82184642611e-20
0.462 	0.272384937238 	-7.45852446759e-20 	0.0842335807394 	0.00057484064612 	146.533793857 	-116.262048689 	38.1062771897 	1.22657140321 	8.82184642611e-20
0.462 	0.273849372385 	5.38066227892e-19 	0.0842335807394 	0.00057484064612 	146.533793857 	-116.262048689 	38.1062771897 	1.22657140321 	8.82184642611e-20
0.462 	0.275313807531 	-1.44762842609e-19 	0.0843024973821 	0.000574962467527 	146.62260955 	-116.496680277 	38.1088246814 	1.29771094467 	-1.35819074059e-19
0.462 	0.276778242678 	3.89388964828e-19 	0.0843024973821 	0.000574962467527 	146.62260955 	-116.496680277 	38.1088246814 	1.29771094467 	-1.35819074059e-19
0.462 	0.278242677824 	1.03554513432e-18 	0.084323683722 	0.000574840324601 	146.690620183 	-116.646246976 	38.1109968077 	1.37959242416 	5.8013914463e-20
0.462 	0.279707112971 	5.74831110779e-19 	0.084323683722 	0.000574840324601 	146.690620183 	-116.646246976 	38.1109968077 	1.37959242416 	5.8013914463e-20
0.462 	0.281171548117 	-3.94729498333e-19 	0.084323683722 	0.000574840324601 	146.690620183 	-116.646246976 	38.1109968077 	1.37959242416 	5.8013914463e-20
0.462 	0.282635983264 	-7.7527650252e-19 	0.0844303676514 	0.000574927989693 	146.853813286 	-116.855145563 	38.1118510524 	1.45021174681 	1.1420302753e-19
0.462 	0.28410041841 	-7.21497058894e-19 	0.0844303676514 	0.000574927989693 	146.853813286 	-116.855145563 	38.1118510524 	1.45021174681 	1.1420302753e-19
0.462 	0.285564853556 	-1.93090900577e-19 	0.0844173490128 	0.00057439699007 	146.966906986 	-116.939657993 	38.1126496062 	1.53831160596 	-1.1970052097e-19
0.462 	0.287029288703 	-9.8495725904e-19 	0.0844173490128 	0.00057439699007 	146.966906986 	-116.939657993 	38.1126496062 	1.53831160596 	-1.1970052097e-19
0.462 	0.288493723849 	6.08054407583e-19 	0.0844173490128 	0.00057439699007 	146.966906986 	-116.939657993 	38.1126496062 	1.53831160596 	-1.1970052097e-19
0.462 	0.289958158996 	-2.70733413485e-19 	0.0844985770587 	0.000573924406477 	147.229454097 	-117.127577442 	38.1115816799 	1.60698098052 	4.57294982077e-20
0.462 	0.291422594142 	6.82754358981e-20 	0.0844985770587 	0.000573924406477 	147.229454097 	-117.127577442 	38.1115816799 	1.60698098052 	4.57294982077e-20
0.462 	0.292887029289 	1.22108046063e-18 	0.0844985770587 	0.000573924406477 	147.229454097 	-117.127577442 	38.1115816799 	1.60698098052 	4.57294982077e-20
0.462 	0.294351464435 	6.24075749578e-19 	0.084311069181 	0.000571997320183 	147.39766465 	-117.138087263 	38.111230449 	1.70331960419 	7.97871345281e-20
0.462 	0.295815899582 	-9.12320767057e-19 	0.084311069181 	0.000571997320183 	147.39766465 	-117.138087263 	38.111230449 	1.70331960419 	7.97871345281e-20
0.462 	0.297280334728 	6.27764039667e-19 	0.0841926275795 	0.000569556596384 	147.821354566 	-117.308391134 	38.10755771 	1.76815494012 	-4.00233632507e-23
0.462 	0.298744769874 	-1.15007249399e-19 	0.0841926275795 	0.000569556596384 	147.821354566 	-117.308391134 	38.10755771 	1.76815494012 	-4.00233632507e-23
0.462 	0.300209205021 	-7.62106850634e-19 	0.0841926275795 	0.000569556596384 	147.821354566 	-117.308391134 	38.10755771 	1.76815494012 	-4.00233632507e-23
0.462 	0.301673640167 	5.15300804203e-19 	0.0835546605056 	0.000564071465054 	148.127791746 	-117.238610595 	38.1039293466 	1.87503758467 	-2.22541489862e-19
0.462 	0.303138075314 	2.39160983812e-19 	0.0835546605056 	0.000564071465054 	148.127791746 	-117.238610595 	38.1039293466 	1.87503758467 	-2.22541489862e-19
0.462 	0.30460251046 	3.28021001529e-19 	0.0835546605056 	0.000564071465054 	148.127791746 	-117.238610595 	38.1039293466 	1.87503758467 	-2.22541489862e-19
0.462 	0.306066945607 	1.0915946046e-19 	0.0829640746002 	0.000556994300989 	148.949593295 	-117.388328148 	38.0896360307 	1.93369171057 	-1.11114100107e-19
0.462 	0.307531380753 	9.97773178115e-20 	0.0829640746002 	0.000556994300989 	148.949593295 	-117.388328148 	38.0896360307 	1.93369171057 	-1.11114100107e-19
0.462 	0.3089958159 	1.14259560326e-18 	0.0816002521683 	0.000545679790309 	149.538710462 	-117.241518711 	38.0711219108 	2.05289407244 	3.73860203815e-19
0.462 	0.310460251046 	-5.86249072619e-19 	0.0816002521683 	0.000545679790309 	149.538710462 	-117.241518711 	38.0711219108 	2.05289407244 	3.73860203815e-19
0.462 	0.311924686192 	-4.52539329884e-20 	0.0816002521683 	0.000545679790309 	149.538710462 	-117.241518711 	38.0711219108 	2.05289407244 	3.73860203815e-19
0.462 	0.313389121339 	3.87045544767e-20 	0.0810047000545 	0.000535549028649 	151.255432689 	-117.350934307 	38.0209778308 	2.10252025189 	-2.09015093772e-19
0.462 	0.314853556485 	-3.30524762794e-19 	0.0810047000545 	0.000535549028649 	151.255432689 	-117.350934307 	38.0209778308 	2.10252025189 	-2.09015093772e-19
0.462 	0.316317991632 	9.14217655912e-19 	0.0810047000545 	0.000535549028649 	151.255432689 	-117.350934307 	38.0209778308 	2.10252025189 	-2.09015093772e-19
0.462 	0.317782426778 	1.36321092859e-19 	0.0807855013011 	0.000506308071291 	153.164507794 	-117.151497602 	37.9279721797 	2.23199689044 	1.12981835993e-19
0.462 	0.319246861925 	-7.71583506382e-19 	0.0807855013011 	0.000506308071291 	153.164507794 	-117.151497602 	37.9279721797 	2.23199689044 	1.12981835993e-19
0.462 	0.320711297071 	3.84709226962e-19 	0.0807855013011 	0.000506308071291 	153.164507794 	-117.151497602 	37.9279721797 	2.23199689044 	1.12981835993e-19
0.462 	0.322175732218 	-3.77794311035e-20 	0.0823938755234 	0.000445162900206 	156.986478875 	-117.168774265 	37.760416815 	2.26803794463 	1.18412222648e-19
0.462 	0.323640167364 	-3.70443363102e-19 	0.0823938755234 	0.000445162900206 	156.986478875 	-117.168774265 	37.760416815 	2.26803794463 	1.18412222648e-19
0.462 	0.32510460251 	9.16194345883e-19 	0.0823938755234 	0.000445162900206 	156.986478875 	-117.168774265 	37.760416815 	2.26803794463 	1.18412222648e-19
0.462 	0.326569037657 	1.17313283342e-18 	0.0836685257776 	0.000362602516333 	161.399441631 	-116.996844728 	37.5618453867 	2.40307225792 	1.73148264758e-19
0.462 	0.328033472803 	-9.18594782745e-19 	0.0836685257776 	0.000362602516333 	161.399441631 	-116.996844728 	37.5618453867 	2.40307225792 	1.73148264758e-19
0.462 	0.32949790795 	2.8815831475e-19 	0.0836685257776 	0.000362602516333 	161.399441631 	-116.996844728 	37.5618453867 	2.40307225792 	1.73148264758e-19
0.462 	0.330962343096 	1.92164503853e-18 	0.0774337796214 	0.00050854043401 	152.266711638 	-116.787123024 	37.2162778767 	2.42893682661 	-1.00388864531e-19
0.462 	0.332426778243 	-1.13500357226e-18 	0.0774337796214 	0.00050854043401 	152.266711638 	-116.787123024 	37.2162778767 	2.42893682661 	-1.00388864531e-19
0.462 	0.333891213389 	6.51590868975e-19 	0.0774337796214 	0.00050854043401 	152.266711638 	-116.787123024 	37.2162778767 	2.42893682661 	-1.00388864531e-19
