0.273 	0.0424686192469 	1.21346611385e-18 	11.9263567693 	0.000153333435091 	72437.2981171 	-421.262252223 	16.6606366333 	-5.14368150835 	-2.55999011906e-17
0.273 	0.0439330543933 	1.96159205297e-18 	11.6512710023 	0.000527705987044 	19764.1197089 	-423.29974726 	30.6007031013 	-8.80662590554 	1.48883804163e-17
0.273 	0.0453974895397 	2.68130075687e-18 	5.89671406695 	0.000659903263792 	8082.14567398 	-424.591328514 	37.4832656081 	-10.2511577824 	-5.68595796794e-18
0.273 	0.0468619246862 	-1.27677849606e-18 	3.31494643785 	0.000957408691061 	3385.99882906 	-425.05265571 	40.3025653623 	-10.5813470951 	1.48593377311e-17
0.273 	0.0483263598326 	-4.44987329493e-19 	2.53008479709 	0.00113316994685 	1965.98368179 	-425.050566771 	41.5401119719 	-10.5595285902 	1.13459981369e-17
0.273 	0.0497907949791 	2.12735650628e-18 	2.13300832989 	0.00116138941556 	1555.19968464 	-424.79445684 	42.2971440937 	-10.4758852351 	4.18930637995e-19
0.273 	0.0512552301255 	1.95114955324e-19 	1.69668012876 	0.00111671712305 	1290.33578826 	-424.113280367 	43.0880442057 	-10.3235845006 	-8.90764220753e-18
0.273 	0.052719665272 	-1.84131055688e-18 	1.35419320212 	0.00101519887314 	1141.15044578 	-423.25247692 	43.6213896442 	-10.1702876247 	-1.0288674179e-17
0.273 	0.0541841004184 	-1.98366696152e-18 	1.02457124463 	0.000864081117816 	1018.61979542 	-422.08451317 	44.0707306099 	-9.99080968933 	-1.44470599038e-17
0.273 	0.0556485355649 	-1.48465622457e-18 	0.797611308862 	0.000732273004767 	937.375712258 	-420.99225196 	44.3445941309 	-9.83746619601 	4.66457570929e-18
0.273 	0.0571129707113 	6.83138890886e-19 	0.52614609145 	0.000524824184416 	820.798874236 	-419.248210836 	44.5774759289 	-9.59767587227 	-6.05999803197e-18
0.273 	0.0585774058577 	-5.57999082302e-19 	0.357283036257 	0.000367188694907 	707.510868579 	-417.726669563 	44.6241368302 	-9.38669033308 	-1.38951036315e-18
0.273 	0.0600418410042 	1.97875334733e-18 	0.217095229328 	0.000245653025961 	551.944769763 	-415.399353979 	44.6031852566 	-9.08459274056 	-1.21934514145e-17
0.273 	0.0615062761506 	2.78330990589e-18 	0.170482015953 	0.000208199378832 	472.472241949 	-413.433470723 	44.5822428905 	-8.8547940289 	-1.27371362084e-17
0.273 	0.0629707112971 	1.34380137472e-18 	0.151903334098 	0.000198113033469 	426.623238843 	-411.279547597 	44.5652298906 	-8.62422245732 	-3.21977663059e-18
0.273 	0.0644351464435 	3.44505314752e-19 	0.145738501336 	0.000200907250536 	399.659385238 	-408.937216985 	44.5476308568 	-8.39221867913 	-1.13111663967e-17
0.273 	0.06589958159 	-6.98340825377e-19 	0.144184852647 	0.000211359560257 	380.859345024 	-406.405138254 	44.5265212125 	-8.15845990622 	-4.50648584375e-19
0.273 	0.0673640167364 	1.05017497063e-18 	0.144107930052 	0.000220207961166 	370.29112879 	-404.610967063 	44.5099235077 	-8.00167078595 	-1.2705843552e-17
0.273 	0.0688284518828 	1.60115458123e-19 	0.144565631769 	0.000235221517373 	355.847964211 	-401.759507815 	44.4808651389 	-7.76520544936 	1.58452420667e-18
0.273 	0.0702928870293 	-1.66382499792e-19 	0.145070993101 	0.000246156948624 	346.805096418 	-399.751350679 	44.4586200793 	-7.60681690095 	-3.20132520164e-18
0.273 	0.0717573221757 	-2.11664168232e-18 	0.146008418816 	0.000263819475485 	333.876162899 	-396.578178511 	44.4208321231 	-7.36832037548 	4.72860765917e-18
0.273 	0.0732217573222 	-2.05632852985e-18 	0.146720325209 	0.000276426310858 	325.621873009 	-394.35566493 	44.3926572391 	-7.20884079479 	8.62247616346e-18
0.273 	0.0746861924686 	-1.63091222304e-18 	0.147484889488 	0.00028971411044 	317.63419544 	-392.047957871 	44.3620479643 	-7.04907651022 	-1.14177682005e-18
0.273 	0.0761506276151 	-1.84936652819e-18 	0.148701164912 	0.000310994054246 	306.122505447 	-388.428018461 	44.3115398594 	-6.80909777936 	-3.29829116824e-18
0.273 	0.0776150627615 	1.09233622909e-18 	0.149535742608 	0.000326104881216 	298.746139655 	-385.910231616 	44.2747823849 	-6.64903142738 	-1.30776646983e-19
0.273 	0.0790794979079 	3.15899853355e-19 	0.15036932935 	0.00034203179334 	291.598604925 	-383.310321771 	44.2355659336 	-6.48901017422 	-5.10268927577e-18
0.273 	0.0805439330544 	5.22003033785e-19 	0.151180684894 	0.000356021576104 	284.671793678 	-380.629725951 	44.1938876808 	-6.32912650729 	-1.14672848934e-18
0.273 	0.0820083682008 	2.22623697443e-18 	0.151959213829 	0.000373488992257 	277.959299914 	-377.869722106 	44.1497690985 	-6.16948773402 	1.03006736093e-18
0.273 	0.0834728033473 	1.12922794526e-18 	0.152683853223 	0.000391905159664 	271.457977533 	-375.032377247 	44.1032749826 	-6.0101967948 	-1.38296178491e-18
0.273 	0.0849372384937 	1.00769799921e-18 	0.153339597534 	0.000411335575924 	265.164982009 	-372.119672284 	44.0544295215 	-5.85135420756 	-1.7676738425e-18
0.273 	0.0864016736402 	2.67215133796e-18 	0.153914648693 	0.000431851187194 	259.077304943 	-369.133806158 	44.0032734446 	-5.69305885606 	-2.99127332827e-18
0.273 	0.0878661087866 	-4.76170938142e-19 	0.154172197352 	0.000446144524572 	256.110068464 	-367.6140946 	43.9768491517 	-5.61414987751 	8.31606977418e-19
0.273 	0.0893305439331 	-5.8235782699e-19 	0.154607902297 	0.000468727111039 	250.329429732 	-364.523234347 	43.9223818198 	-5.4568805923 	1.33775865942e-18
0.273 	0.0907949790795 	3.26773227665e-19 	0.154941557998 	0.000492664436004 	244.753377725 	-361.365684768 	43.865753794 	-5.30041282464 	-5.59281693325e-19
0.273 	0.0922594142259 	4.40906024611e-19 	0.155069707597 	0.000505182852877 	242.041733739 	-359.762761934 	43.8366476641 	-5.22251093649 	-2.46505768916e-18
0.273 	0.0937238493724 	6.99755754845e-19 	0.155244864976 	0.000531432693945 	236.770184752 	-356.510989541 	43.7768840228 	-5.06742348071 	-7.13165522108e-19
0.273 	0.0951882845188 	-1.78013115357e-19 	0.155307958261 	0.000559422480229 	231.699268603 	-353.200478804 	43.7151256769 	-4.91338058095 	-3.69508941119e-18
0.273 	0.0966527196653 	-2.95527480349e-19 	0.155296743806 	0.000574129202462 	229.238078286 	-351.524324846 	43.6835141608 	-4.83677947607 	-1.35565521539e-18
0.273 	0.0981171548117 	7.50956146263e-19 	0.155182761844 	0.000605082261853 	224.46244593 	-348.132567253 	43.6188794458 	-4.6844759751 	1.43510288349e-18
0.273 	0.0995815899582 	-4.16035157616e-19 	0.155077497195 	0.000621387517837 	222.147227756 	-346.417942008 	43.5858767307 	-4.60879639564 	-4.06398174927e-18
0.273 	0.101046025105 	3.38926565487e-19 	0.154766352462 	0.000655775284938 	217.660061926 	-342.953603145 	43.5185685004 	-4.45843812741 	2.91587080078e-18
0.273 	0.102510460251 	4.04838958867e-19 	0.154557869925 	0.000673943001444 	215.487203289 	-341.204932784 	43.4842810965 	-4.38378121011 	-2.28069487369e-18
0.273 	0.103974895397 	7.0147044324e-19 	0.154020660282 	0.000718734700329 	211.280862233 	-337.676911236 	43.4145193014 	-4.235566315 	3.67660956971e-18
0.273 	0.105439330544 	2.45710182131e-18 	0.153681290769 	0.000734450263933 	209.246695544 	-335.899238262 	43.3791271059 	-4.16205650238 	-8.13161568519e-19
0.273 	0.10690376569 	-1.25785794472e-19 	0.153276814534 	0.000739547517149 	207.257560845 	-334.112912874 	43.3434535716 	-4.08896970315 	-1.6249220417e-19
0.273 	0.108368200837 	9.67749138914e-19 	0.152224481222 	0.000748359114173 	203.411007282 	-330.516878037 	43.2712226749 	-3.94405443032 	8.16216424058e-19
0.273 	0.109832635983 	7.69689356573e-19 	0.151556632975 	0.00075194942114 	201.55163195 	-328.70835683 	43.2347073321 	-3.87223447937 	4.36218881701e-19
0.273 	0.11129707113 	-9.41847670247e-20 	0.150776831809 	0.000754890927809 	199.733267754 	-326.893619417 	43.1979671537 	-3.80085428528 	-1.56370573763e-18
0.273 	0.112761506276 	-1.2292906596e-18 	0.14880845771 	0.000758401431454 	196.213313343 	-323.248052683 	43.1239628544 	-3.65945659967 	2.28867946793e-18
0.273 	0.114225941423 	-6.63063759508e-19 	0.147577962893 	0.000758702896344 	194.513509313 	-321.41846053 	43.086863322 	-3.58947063644 	-2.34291170575e-18
0.273 	0.115690376569 	-7.05059348637e-19 	0.146163537124 	0.000757863718841 	192.862560234 	-319.585168618 	43.049859405 	-3.5199787925 	-1.79807498181e-18
0.273 	0.117154811715 	-1.46278042637e-18 	0.144565738539 	0.000755819426636 	191.270207465 	-317.74879565 	43.0129796742 	-3.45098080405 	9.97601265965e-20
0.273 	0.118619246862 	-1.45828682193e-18 	0.140881137358 	0.00074828881259 	188.271072597 	-314.069368067 	42.9387141585 	-3.31440512403 	-5.75142196685e-19
0.273 	0.120083682008 	-4.26984914408e-19 	0.138844378103 	0.000743089234034 	186.84751675 	-312.227678994 	42.9006898073 	-3.24680568699 	2.40015713979e-19
0.273 	0.121548117155 	6.06414882171e-19 	0.136722122233 	0.000737214206768 	185.457796361 	-310.38562315 	42.8619118818 	-3.17967236336 	-3.93202849904e-21
0.273 	0.123012552301 	8.13596271713e-19 	0.134553816163 	0.000730896639827 	184.09417807 	-308.543916167 	42.8225512676 	-3.11302039117 	-7.4259071613e-19
0.273 	0.124476987448 	1.04758935149e-18 	0.132378583028 	0.000724349073004 	182.755232196 	-306.703266507 	42.7828535312 	-3.04686438239 	-1.78652547754e-19
0.273 	0.125941422594 	-2.16521706766e-19 	0.13022923293 	0.000717740172187 	181.443421974 	-304.864380501 	42.7429969696 	-2.98121582565 	1.42556143795e-18
0.273 	0.127405857741 	5.41330841376e-19 	0.1281288133 	0.000711186391779 	180.162071126 	-303.027969415 	42.7030595552 	-2.91608319283 	-1.24439685773e-18
0.273 	0.128870292887 	3.82660494285e-20 	0.126090784193 	0.000704757796974 	178.913642012 	-301.194753311 	42.6630609489 	-2.85147253122 	1.41855755244e-18
0.273 	0.130334728033 	1.48055775788e-19 	0.12222266731 	0.000692402659955 	176.519638613 	-297.540832859 	42.5829144417 	-2.7238334689 	-1.02461084276e-18
0.273 	0.13179916318 	1.4395596544e-18 	0.120394048625 	0.000686497890592 	175.37424408 	-295.721612263 	42.5427982294 	-2.66081138272 	-7.18091193319e-19
0.273 	0.133263598326 	-1.84738749494e-20 	0.118634069523 	0.000680776879122 	174.262777074 	-293.908552168 	42.5026799168 	-2.59832457117 	1.97517463962e-18
0.273 	0.134728033473 	-4.53021229218e-19 	0.116940767343 	0.000675237301923 	173.184696713 	-292.102410846 	42.4625797489 	-2.53637536346 	-2.48321405355e-18
0.273 	0.136192468619 	-1.27788201923e-18 	0.115312028232 	0.000669875821834 	172.139409236 	-290.303952455 	42.4225178687 	-2.47496568422 	1.86807330003e-18
0.273 	0.137656903766 	7.85571146759e-19 	0.113745720016 	0.000664688713462 	171.126299743 	-288.51394685 	42.382514573 	-2.41409702747 	-6.49614882118e-19
0.273 	0.139121338912 	3.33674662526e-19 	0.112239747084 	0.000659672127166 	170.144746855 	-286.733169549 	42.3425904046 	-2.35377045254 	-3.19268786931e-20
0.273 	0.140585774059 	7.14444857888e-19 	0.110792070775 	0.00065482219404 	169.194129007 	-284.962401668 	42.3027661475 	-2.29398658215 	6.58412960357e-19
0.273 	0.142050209205 	6.22502338169e-19 	0.109400715636 	0.000650135066057 	168.273827006 	-283.202429896 	42.263062812 	-2.23474559718 	1.04214787192e-18
0.273 	0.143514644351 	-5.36295666513e-19 	0.108063770376 	0.000645606931731 	167.383225093 	-281.454046514 	42.2235016294 	-2.17604723016 	-6.30865657738e-19
0.273 	0.144979079498 	8.52681077676e-19 	0.108063770376 	0.000645606931731 	167.383225093 	-281.454046514 	42.2235016294 	-2.17604723016 	-6.30865657738e-19
0.273 	0.146443514644 	-5.68073746119e-19 	0.106779387033 	0.000641234023282 	166.521711507 	-279.718049433 	42.1841040503 	-2.11789075896 	-1.90100531533e-18
0.273 	0.147907949791 	2.98708745096e-19 	0.105545779591 	0.000637012620901 	165.688678886 	-277.995242264 	42.1448917439 	-2.06027500046 	9.77369458399e-19
0.273 	0.149372384937 	-3.24268755508e-19 	0.104361222467 	0.000632939056047 	164.883524677 	-276.286434424 	42.1058865978 	-2.00319830423 	-1.25434460634e-18
0.273 	0.150836820084 	7.74452507906e-19 	0.103224049008 	0.00062900971433 	164.10565156 	-274.59244128 	42.0671107194 	-1.946658546 	1.99597905818e-18
0.273 	0.15230125523 	8.73672728505e-20 	0.102132650027 	0.000625221038188 	163.354467923 	-272.914084329 	42.0285864373 	-1.8906531209 	-8.05752567727e-19
0.273 	0.153765690377 	-8.89288207041e-19 	0.101085472369 	0.000621569529324 	162.629388346 	-271.252191407 	41.9903363045 	-1.83517893651 	8.07555439973e-19
0.273 	0.155230125523 	-2.17956787099e-19 	0.100081017489 	0.000618051750929 	161.929834093 	-269.60759695 	41.9523831006 	-1.78023240564 	3.04151463821e-19
0.273 	0.156694560669 	1.23776788171e-19 	0.0991178400377 	0.000614664329587 	161.255233575 	-267.981142288 	41.9147498357 	-1.72580943861 	-1.26787840326e-18
0.273 	0.158158995816 	9.56428908846e-21 	0.0991178400377 	0.000614664329587 	161.255233575 	-267.981142288 	41.9147498357 	-1.72580943861 	-1.26787840326e-18
0.273 	0.159623430962 	1.78774614414e-18 	0.0981945464582 	0.000611403956963 	160.605022817 	-266.373675981 	41.877459754 	-1.67190543558 	-2.6228742987e-19
0.273 	0.161087866109 	-1.03117341057e-18 	0.0973097936076 	0.000608267391285 	159.978645908 	-264.78605421 	41.8405363394 	-1.61851527824 	-7.0775875294e-19
0.273 	0.162552301255 	1.02889347177e-18 	0.0964622874321 	0.000605251458698 	159.375555475 	-263.219141203 	41.804003322 	-1.56563332112 	8.03384573094e-19
0.273 	0.164016736402 	7.85155996691e-19 	0.0956507817012 	0.000602353054532 	158.795213175 	-261.67380973 	41.7678846861 	-1.51325338272 	1.42792445012e-18
0.273 	0.165481171548 	-2.67839958168e-19 	0.0956507817012 	0.000602353054532 	158.795213175 	-261.67380973 	41.7678846861 	-1.51325338272 	1.42792445012e-18
0.273 	0.166945606695 	-2.68122847254e-19 	0.0948740768106 	0.000599569144514 	158.237090215 	-260.150941634 	41.7322046797 	-1.4613687356 	3.740302004e-19
0.273 	0.168410041841 	6.85003377596e-19 	0.0941310186372 	0.000596896765907 	157.700667877 	-258.651428436 	41.6969878254 	-1.40997209647 	-1.72075413431e-18
0.273 	0.169874476987 	6.79789074027e-19 	0.0934204974602 	0.000594333028664 	157.185438054 	-257.176171987 	41.6622589319 	-1.3590556151 	-9.50474710934e-20
0.273 	0.171338912134 	4.53759680161e-21 	0.0927414469416 	0.000591875116668 	156.690903756 	-255.726085195 	41.6280431083 	-1.30861086288 	1.52155493761e-18
0.273 	0.17280334728 	1.400207392e-19 	0.0927414469416 	0.000591875116668 	156.690903756 	-255.726085195 	41.6280431083 	-1.30861086288 	1.52155493761e-18
0.273 	0.174267782427 	-5.09048631317e-19 	0.0920928431879 	0.000589520289254 	156.216579593 	-254.302092809 	41.5943657795 	-1.25862882025 	-1.22788058392e-18
0.273 	0.175732217573 	1.73021222712e-19 	0.0914737038954 	0.000587265883107 	155.761992186 	-252.90513228 	41.5612527026 	-1.20909986361 	4.20701162195e-19
0.273 	0.17719665272 	-5.79238142322e-19 	0.0914737038954 	0.000587265883107 	155.761992186 	-252.90513228 	41.5612527026 	-1.20909986361 	4.20701162195e-19
0.273 	0.178661087866 	-1.16040585493e-18 	0.0908830875783 	0.000585109314585 	155.326680524 	-251.536154691 	41.5287299861 	-1.16001375054 	-5.94086858184e-19
0.273 	0.180125523013 	3.43812517304e-19 	0.0903200928744 	0.000583048082392 	154.910196263 	-250.196125785 	41.4968241095 	-1.11135960509 	8.78325242477e-19
0.273 	0.181589958159 	2.12591548906e-19 	0.0897838579057 	0.000581079770281 	154.512104013 	-248.886027032 	41.4655619438 	-1.0631259 	-9.6299370247e-19
0.273 	0.183054393305 	2.69768678092e-19 	0.0897838579057 	0.000581079770281 	154.512104013 	-248.886027032 	41.4655619438 	-1.0631259 	-9.6299370247e-19
0.273 	0.184518828452 	-8.55395375285e-19 	0.089273559697 	0.000579202049389 	154.131981735 	-247.606856852 	41.4349707751 	-1.01530044056 	5.18236898327e-19
0.273 	0.185983263598 	5.90996162648e-19 	0.0887884137162 	0.000577412678396 	153.769421833 	-246.359631848 	41.40507833 	-0.96787034239 	-1.22751965978e-19
0.273 	0.187447698745 	6.49897792937e-19 	0.0887884137162 	0.000577412678396 	153.769421833 	-246.359631848 	41.40507833 	-0.96787034239 	-1.22751965978e-19
0.273 	0.188912133891 	1.071891783e-18 	0.0883276730512 	0.000575709459304 	153.424043367 	-245.145388228 	41.3759128022 	-0.920822014746 	3.59809974315e-19
0.273 	0.190376569038 	5.99504380905e-19 	0.0878906281885 	0.000574090347575 	153.095464085 	-243.965183246 	41.3475028851 	-0.87414113229 	3.10793417669e-19
0.273 	0.191841004184 	4.8467747645e-19 	0.0878906281885 	0.000574090347575 	153.095464085 	-243.965183246 	41.3475028851 	-0.87414113229 	3.10793417669e-19
0.273 	0.193305439331 	-6.91441040932e-19 	0.0874766069642 	0.000572553410802 	152.783312987 	-242.820096804 	41.3198778016 	-0.827812616806 	-5.53163258054e-19
0.273 	0.194769874477 	-7.68621073694e-19 	0.0870849741427 	0.000571096815722 	152.487234643 	-241.711233222 	41.2930673484 	-0.781820606325 	2.96392691327e-19
0.273 	0.196234309623 	2.23899092977e-20 	0.0870849741427 	0.000571096815722 	152.487234643 	-241.711233222 	41.2930673484 	-0.781820606325 	2.96392691327e-19
0.273 	0.19769874477 	-8.06782462823e-19 	0.086715131161 	0.000569718816992 	152.206893251 	-240.639722838 	41.2671019232 	-0.73614842461 	3.23147343897e-19
0.273 	0.199163179916 	1.81006310166e-19 	0.0863665161294 	0.000568417756858 	151.941974169 	-239.606724552 	41.2420125822 	-0.690778566302 	-1.6313588534e-19
0.273 	0.200627615063 	5.966036551e-19 	0.0863665161294 	0.000568417756858 	151.941974169 	-239.606724552 	41.2420125822 	-0.690778566302 	-1.6313588534e-19
0.273 	0.202092050209 	8.95757452544e-19 	0.0860386038091 	0.0005671920706 	151.692183775 	-238.613426718 	41.2178310549 	-0.645692617986 	2.69421513212e-19
0.273 	0.203556485356 	1.57433305324e-18 	0.0857309061363 	0.000566040294538 	151.457249534 	-237.661051694 	41.1945898318 	-0.600871321134 	-6.51327792707e-19
0.273 	0.205020920502 	1.08303206407e-19 	0.0857309061363 	0.000566040294538 	151.457249534 	-237.661051694 	41.1945898318 	-0.600871321134 	-6.51327792707e-19
0.273 	0.206485355649 	-9.89546452524e-19 	0.0854429720606 	0.000564961069959 	151.236919859 	-236.750854036 	41.1723221513 	-0.556294327446 	2.23946881989e-19
0.273 	0.207949790795 	-1.75325208571e-19 	0.0854429720606 	0.000564961069959 	151.236919859 	-236.750854036 	41.1723221513 	-0.556294327446 	2.23946881989e-19
0.273 	0.209414225941 	-3.31240123925e-19 	0.0851743891243 	0.000563953152023 	151.030965638 	-235.884130867 	41.1510621493 	-0.511940574791 	-2.09444044735e-19
0.273 	0.210878661088 	5.51852821974e-20 	0.0849247820333 	0.00056301540668 	150.839179578 	-235.062210056 	41.1308447709 	-0.467787391097 	-1.22556676493e-19
0.273 	0.212343096234 	4.37930030257e-19 	0.0849247820333 	0.00056301540668 	150.839179578 	-235.062210056 	41.1308447709 	-0.467787391097 	-1.22556676493e-19
0.273 	0.213807531381 	1.46775355233e-19 	0.0846938175073 	0.000562146830166 	150.661380555 	-234.286480014 	41.1117060557 	-0.423812105884 	2.52639663006e-19
0.273 	0.215271966527 	-3.01059383929e-19 	0.0846938175073 	0.000562146830166 	150.661380555 	-234.286480014 	41.1117060557 	-0.423812105884 	2.52639663006e-19
0.273 	0.216736401674 	-6.95562871265e-19 	0.0844811981272 	0.000561346527557 	150.497409318 	-233.55834519 	41.0936828822 	-0.379988910767 	-2.77735742592e-19
0.273 	0.21820083682 	-1.21112275025e-19 	0.0842866758336 	0.000560613763311 	150.347139777 	-232.879310555 	41.0768134825 	-0.336294232059 	5.5809191079e-19
0.273 	0.219665271967 	2.25465748107e-19 	0.0842866758336 	0.000560613763311 	150.347139777 	-232.879310555 	41.0768134825 	-0.336294232059 	5.5809191079e-19
0.273 	0.221129707113 	-3.23786790925e-19 	0.0841100330723 	0.000559947892175 	150.210464666 	-232.250851165 	41.0611369065 	-0.292697456952 	-1.53161278901e-19
0.273 	0.222594142259 	-3.6470917006e-20 	0.0841100330723 	0.000559947892175 	150.210464666 	-232.250851165 	41.0611369065 	-0.292697456952 	-1.53161278901e-19
0.273 	0.224058577406 	2.40285198553e-19 	0.0839511173802 	0.00055934848653 	150.087323738 	-231.674634267 	41.0466939554 	-0.249176161486 	-2.70875582441e-19
0.273 	0.225523012552 	1.43948320595e-19 	0.0839511173802 	0.00055934848653 	150.087323738 	-231.674634267 	41.0466939554 	-0.249176161486 	-2.70875582441e-19
0.273 	0.226987447699 	-3.26319947489e-19 	0.0838097899315 	0.000558815145867 	149.977663546 	-231.15216888 	41.0335259865 	-0.20569081488 	9.57538902009e-20
0.273 	0.228451882845 	-1.0456817818e-19 	0.083686013897 	0.00055834782122 	149.881508831 	-230.685385453 	41.0216770227 	-0.162226094721 	-5.64348031076e-20
0.273 	0.229916317992 	4.48422672447e-19 	0.083686013897 	0.00055834782122 	149.881508831 	-230.685385453 	41.0216770227 	-0.162226094721 	-5.64348031076e-20
0.273 	0.231380753138 	-1.56582355505e-19 	0.0835797187708 	0.000557946311759 	149.798855211 	-230.275710215 	41.0111905266 	-0.11872326562 	3.46435414971e-19
0.273 	0.232845188285 	-2.87116437858e-19 	0.0835797187708 	0.000557946311759 	149.798855211 	-230.275710215 	41.0111905266 	-0.11872326562 	3.46435414971e-19
0.273 	0.234309623431 	-1.53400980131e-19 	0.0834910229757 	0.000557611082776 	149.729848553 	-229.925566073 	41.0021151484 	-0.0751893561856 	5.93295267851e-20
0.273 	0.235774058577 	-5.03901526034e-19 	0.0834910229757 	0.000557611082776 	149.729848553 	-229.925566073 	41.0021151484 	-0.0751893561856 	5.93295267851e-20
0.273 	0.237238493724 	-1.08389612743e-18 	0.083419891024 	0.000557341993328 	149.674512279 	-229.635985856 	40.9944950021 	-0.0315216258425 	-6.67196132087e-19
0.273 	0.23870292887 	2.34687830353e-20 	0.083419891024 	0.000557341993328 	149.674512279 	-229.635985856 	40.9944950021 	-0.0315216258425 	-6.67196132087e-19
0.273 	0.240167364017 	2.43745251842e-19 	0.0833666781115 	0.000557140299882 	149.633185984 	-229.410423007 	40.9883870816 	0.0122128143258 	-5.04121644472e-20
0.273 	0.241631799163 	5.68187672253e-19 	0.0833666781115 	0.000557140299882 	149.633185984 	-229.410423007 	40.9883870816 	0.0122128143258 	-5.04121644472e-20
0.273 	0.24309623431 	3.94694049266e-19 	0.0833312947349 	0.000557005556572 	149.605858957 	-229.248738875 	40.9838309874 	0.0562204592906 	3.78383198708e-19
0.273 	0.244560669456 	9.82803635938e-19 	0.0833312947349 	0.000557005556572 	149.605858957 	-229.248738875 	40.9838309874 	0.0562204592906 	3.78383198708e-19
0.273 	0.246025104603 	2.36236871085e-19 	0.083314505045 	0.000556940397109 	149.593215859 	-229.156667195 	40.980901807 	0.100283225238 	-1.74927824504e-19
0.273 	0.247489539749 	3.5658683911e-19 	0.083314505045 	0.000556940397109 	149.593215859 	-229.156667195 	40.980901807 	0.100283225238 	-1.74927824504e-19
0.273 	0.248953974895 	2.71369861759e-19 	0.0833159529524 	0.0005569432121 	149.5950595 	-229.131070852 	40.9796200278 	0.144851367203 	-1.11737307867e-20
0.273 	0.250418410042 	1.46704992504e-19 	0.0833159529524 	0.0005569432121 	149.5950595 	-229.131070852 	40.9796200278 	0.144851367203 	-1.11737307867e-20
0.273 	0.251882845188 	8.29618260779e-19 	0.0833371570604 	0.000557019185748 	149.612722852 	-229.182756449 	40.9801007272 	0.189345978589 	6.36865432207e-20
0.273 	0.253347280335 	2.6642191337e-19 	0.0833371570604 	0.000557019185748 	149.612722852 	-229.182756449 	40.9801007272 	0.189345978589 	6.36865432207e-20
0.273 	0.254811715481 	6.09868657644e-19 	0.0833770764938 	0.000557163845421 	149.645525601 	-229.301550494 	40.9823126143 	0.23477385997 	8.49638691612e-20
0.273 	0.256276150628 	-7.38891749996e-20 	0.0833770764938 	0.000557163845421 	149.645525601 	-229.301550494 	40.9823126143 	0.23477385997 	8.49638691612e-20
0.273 	0.257740585774 	-6.30919384649e-21 	0.0834386945914 	0.000557387325085 	149.69607459 	-229.50926682 	40.9864753525 	0.279735305247 	-8.13532746305e-20
0.273 	0.259205020921 	1.3599267145e-19 	0.0834386945914 	0.000557387325085 	149.69607459 	-229.50926682 	40.9864753525 	0.279735305247 	-8.13532746305e-20
0.273 	0.260669456067 	-4.81219058592e-19 	0.0835191827945 	0.000557677894437 	149.762405194 	-229.780287744 	40.9924186244 	0.326472509478 	6.58762432592e-20
0.273 	0.262133891213 	-5.90876571177e-19 	0.0835191827945 	0.000557677894437 	149.762405194 	-229.780287744 	40.9924186244 	0.326472509478 	6.58762432592e-20
0.273 	0.26359832636 	-5.02677409162e-19 	0.083624552002 	0.000558055867796 	149.849785349 	-230.159387836 	41.0005525001 	0.371788750526 	-3.26910361435e-19
0.273 	0.265062761506 	-6.06509609428e-19 	0.083624552002 	0.000558055867796 	149.849785349 	-230.159387836 	41.0005525001 	0.371788750526 	-3.26910361435e-19
0.273 	0.266527196653 	-2.44221970418e-19 	0.0837482664177 	0.000558494425238 	149.953630033 	-230.58898413 	41.0104503281 	0.420538254564 	4.38150234656e-20
0.273 	0.267991631799 	-2.43847065936e-19 	0.0837482664177 	0.000558494425238 	149.953630033 	-230.58898413 	41.0104503281 	0.420538254564 	4.38150234656e-20
0.273 	0.269456066946 	4.13112321353e-19 	0.0837482664177 	0.000558494425238 	149.953630033 	-230.58898413 	41.0104503281 	0.420538254564 	4.38150234656e-20
0.273 	0.270920502092 	7.0178444754e-20 	0.0839019485827 	0.000559032238713 	150.084275597 	-231.159560697 	41.0229222059 	0.465805471435 	-1.23681212458e-20
0.273 	0.272384937238 	1.03590721533e-18 	0.0839019485827 	0.000559032238713 	150.084275597 	-231.159560697 	41.0229222059 	0.465805471435 	-1.23681212458e-20
0.273 	0.273849372385 	-5.24312777232e-19 	0.0840717636764 	0.000559612212213 	150.232181932 	-231.751010761 	41.0369873907 	0.517718924832 	-2.43920093745e-20
0.273 	0.275313807531 	-1.19032304881e-18 	0.0840717636764 	0.000559612212213 	150.232181932 	-231.751010761 	41.0369873907 	0.517718924832 	-2.43920093745e-20
0.273 	0.276778242678 	8.89899639666e-20 	0.0842790857752 	0.000560302788333 	150.417037948 	-232.540274236 	41.0542514703 	0.562012609857 	5.64932826681e-20
0.273 	0.278242677824 	1.64473545581e-19 	0.0842790857752 	0.000560302788333 	150.417037948 	-232.540274236 	41.0542514703 	0.562012609857 	5.64932826681e-20
0.273 	0.279707112971 	-1.45620979188e-19 	0.0844957652833 	0.000560984916111 	150.620387209 	-233.29173138 	41.0726577341 	0.618974530317 	-1.19009234809e-20
0.273 	0.281171548117 	-4.52595716548e-19 	0.0844957652833 	0.000560984916111 	150.620387209 	-233.29173138 	41.0726577341 	0.618974530317 	-1.19009234809e-20
0.273 	0.282635983264 	8.73789417501e-19 	0.0844957652833 	0.000560984916111 	150.620387209 	-233.29173138 	41.0726577341 	0.618974530317 	-1.19009234809e-20
0.273 	0.28410041841 	-3.89106426455e-19 	0.0847559571727 	0.000561755670094 	150.876905539 	-234.337114851 	41.0952893113 	0.660513239189 	4.50594815043e-20
0.273 	0.285564853556 	-1.60848620919e-19 	0.0847559571727 	0.000561755670094 	150.876905539 	-234.337114851 	41.0952893113 	0.660513239189 	4.50594815043e-20
0.273 	0.287029288703 	-7.21216507872e-20 	0.0849956829273 	0.000562335493027 	151.147640477 	-235.239294365 	41.1181274899 	0.725529536993 	6.90066957786e-20
0.273 	0.288493723849 	-5.75471552899e-19 	0.0849956829273 	0.000562335493027 	151.147640477 	-235.239294365 	41.1181274899 	0.725529536993 	6.90066957786e-20
0.273 	0.289958158996 	2.9949061949e-20 	0.0852351364611 	0.00056271400135 	151.47150463 	-236.592874601 	41.1467668225 	0.76123143912 	-8.5136169418e-20
0.273 	0.291422594142 	-3.90614477564e-19 	0.0852351364611 	0.00056271400135 	151.47150463 	-236.592874601 	41.1467668225 	0.76123143912 	-8.5136169418e-20
0.273 	0.292887029289 	1.11067202422e-18 	0.0852351364611 	0.00056271400135 	151.47150463 	-236.592874601 	41.1467668225 	0.76123143912 	-8.5136169418e-20
0.273 	0.294351464435 	3.60601980057e-19 	0.0852779768977 	0.000562046888921 	151.727513449 	-237.625943346 	41.1740285781 	0.83899975129 	5.6442699538e-20
0.273 	0.295815899582 	6.25759241883e-19 	0.0852779768977 	0.000562046888921 	151.727513449 	-237.625943346 	41.1740285781 	0.83899975129 	5.6442699538e-20
0.273 	0.297280334728 	-1.91770716007e-19 	0.0851407414973 	0.000560164645783 	151.992351067 	-239.387026653 	41.2106786138 	0.863668095128 	3.73027448884e-20
0.273 	0.298744769874 	-4.23578949556e-19 	0.0851407414973 	0.000560164645783 	151.992351067 	-239.387026653 	41.2106786138 	0.863668095128 	3.73027448884e-20
0.273 	0.300209205021 	4.82188888667e-20 	0.0851407414973 	0.000560164645783 	151.992351067 	-239.387026653 	41.2106786138 	0.863668095128 	3.73027448884e-20
0.273 	0.301673640167 	6.98990941443e-21 	0.0847739496493 	0.000556517143476 	152.329448685 	-240.518869786 	41.2426358878 	0.961831620824 	-2.14134057476e-20
0.273 	0.303138075314 	3.17777920808e-19 	0.0847739496493 	0.000556517143476 	152.329448685 	-240.518869786 	41.2426358878 	0.961831620824 	-2.14134057476e-20
0.273 	0.30460251046 	7.42801730815e-19 	0.0843158405292 	0.000551007426532 	153.021241583 	-242.724678825 	41.2868602427 	0.967821224028 	-3.55855810112e-20
0.273 	0.306066945607 	5.57108601197e-19 	0.0843158405292 	0.000551007426532 	153.021241583 	-242.724678825 	41.2868602427 	0.967821224028 	-3.55855810112e-20
0.273 	0.307531380753 	2.21235817174e-18 	0.0843158405292 	0.000551007426532 	153.021241583 	-242.724678825 	41.2868602427 	0.967821224028 	-3.55855810112e-20
0.273 	0.3089958159 	8.78726978344e-19 	0.0839916529369 	0.0005437954417 	154.454499792 	-243.937500336 	41.3242877404 	1.09567080901 	-8.9705279476e-20
0.273 	0.310460251046 	-4.22479057779e-20 	0.0839916529369 	0.0005437954417 	154.454499792 	-243.937500336 	41.3242877404 	1.09567080901 	-8.9705279476e-20
0.273 	0.311924686192 	9.22201557598e-20 	0.0835615302596 	0.00053442571341 	156.357615592 	-246.755752188 	41.3797545298 	1.07320238872 	6.75302234077e-20
0.273 	0.313389121339 	-1.81500118137e-20 	0.0835615302596 	0.00053442571341 	156.357615592 	-246.755752188 	41.3797545298 	1.07320238872 	6.75302234077e-20
0.273 	0.314853556485 	-5.42760282579e-19 	0.0835615302596 	0.00053442571341 	156.357615592 	-246.755752188 	41.3797545298 	1.07320238872 	6.75302234077e-20
0.273 	0.316317991632 	4.77240887426e-19 	0.0829675873164 	0.000524491961254 	158.186575668 	-248.058517947 	41.4248047654 	1.24447649123 	2.24406403528e-21
0.273 	0.317782426778 	7.42640847011e-19 	0.0829675873164 	0.000524491961254 	158.186575668 	-248.058517947 	41.4248047654 	1.24447649123 	2.24406403528e-21
0.273 	0.319246861925 	-5.3532939005e-19 	0.0829675873164 	0.000524491961254 	158.186575668 	-248.058517947 	41.4248047654 	1.24447649123 	2.24406403528e-21
0.273 	0.320711297071 	1.28537541333e-19 	0.0821734758469 	0.000516437197529 	159.116105966 	-251.572562885 	41.4268256042 	1.18154893796 	1.33291491307e-19
0.273 	0.322175732218 	1.40439153627e-18 	0.0821734758469 	0.000516437197529 	159.116105966 	-251.572562885 	41.4268256042 	1.18154893796 	1.33291491307e-19
0.273 	0.323640167364 	1.55067681949e-19 	0.0821138478042 	0.000512903406934 	160.096124717 	-253.094709943 	41.4695608362 	1.41186940794 	-2.41633959534e-20
0.273 	0.32510460251 	-8.69418431298e-19 	0.0821138478042 	0.000512903406934 	160.096124717 	-253.094709943 	41.4695608362 	1.41186940794 	-2.41633959534e-20
0.273 	0.326569037657 	1.40694636693e-18 	0.0821138478042 	0.000512903406934 	160.096124717 	-253.094709943 	41.4695608362 	1.41186940794 	-2.41633959534e-20
0.273 	0.328033472803 	6.01442853298e-19 	0.0825158867835 	0.000512762938003 	160.924046314 	-270.225397899 	41.2898210337 	1.06708925107 	3.0335179958e-20
0.273 	0.32949790795 	6.10677166589e-19 	0.0825158867835 	0.000512762938003 	160.924046314 	-270.225397899 	41.2898210337 	1.06708925107 	3.0335179958e-20
0.273 	0.330962343096 	6.46221911791e-19 	0.0825158867835 	0.000512762938003 	160.924046314 	-270.225397899 	41.2898210337 	1.06708925107 	3.0335179958e-20
