0.546 	0 	0 	4.43140424791 	2.54563958276e-05 	165803.480891 	-8.71992128585 	13.1879422863 	-0.00317796555884 	1.91191148639e-22
0.546 	0.00146443514644 	-1.44301934584e-18 	3.62981030844 	0.00030541403171 	10939.0354386 	-8.73212514891 	26.7028946721 	-0.0461894497694 	-3.61988928798e-22
0.546 	0.00292887029289 	-2.64374706724e-18 	0.473043111287 	0.000137710518946 	3318.14291256 	-8.72171258043 	30.2992642258 	-0.104728758475 	1.50327950184e-21
0.546 	0.00439330543933 	-2.5960377227e-18 	0.231379618471 	0.000163018049481 	636.305392112 	-8.74831984207 	31.2289436799 	-0.175263686463 	2.93598130829e-21
0.546 	0.00585774058577 	-5.6778848786e-18 	0.207953929579 	0.000421498372258 	493.368286253 	-8.81978432529 	31.3816351206 	-0.251381906132 	-1.79956151361e-21
0.546 	0.00732217573222 	-3.71412024693e-18 	0.206147179567 	0.0004330767459 	476.006115587 	-8.8742734813 	31.3085371009 	-0.309797271996 	-1.05555500313e-21
0.546 	0.00878661087866 	-1.72449715038e-18 	0.206027631129 	0.00045136979237 	456.449754973 	-8.9404137594 	31.2725329751 	-0.363347393557 	2.97243624332e-21
0.546 	0.0102510460251 	-4.91368180423e-18 	0.207354745468 	0.000475544491872 	436.03647821 	-9.02108099081 	31.2851262742 	-0.411448719916 	-2.35241909536e-21
0.546 	0.0117154811715 	5.67372629591e-19 	0.208832128118 	0.000496102232509 	420.945753583 	-9.09774969991 	31.3238278674 	-0.446442668543 	-4.36785189516e-21
0.546 	0.013179916318 	2.58355421451e-18 	0.210772084865 	0.000520698421954 	404.787254921 	-9.2107500183 	31.3996643563 	-0.486574102365 	1.92881935028e-21
0.546 	0.0146443514644 	3.62714239505e-18 	0.212353332743 	0.000538940357369 	394.020098587 	-9.31649543795 	31.477775556 	-0.516244208834 	2.26113806003e-21
0.546 	0.0161087866109 	-2.06497559504e-18 	0.213977942316 	0.000556083275872 	384.794780926 	-9.4374926464 	31.5682688367 	-0.544056377707 	2.01932459203e-22
0.546 	0.0175732217573 	4.19483298427e-19 	0.21523311095 	0.00056844761646 	378.633148804 	-9.53923919805 	31.6427099389 	-0.563825632144 	-7.80227186614e-21
0.546 	0.0190376569038 	-7.53352172025e-19 	0.216964152509 	0.000584581337666 	371.144507239 	-9.69099643241 	31.7487637807 	-0.588863547019 	-3.27319617586e-21
0.546 	0.0205020920502 	1.28687737818e-18 	0.218310825689 	0.000596582180061 	365.935881066 	-9.81792604181 	31.8321638393 	-0.606720581395 	1.58773636799e-21
0.546 	0.0219665271967 	-3.08244665316e-19 	0.220172412755 	0.000612593770052 	359.410140158 	-10.0062624199 	31.9468985984 	-0.629379324945 	-3.90978088053e-21
0.546 	0.0234309623431 	1.61736617707e-18 	0.221600222329 	0.000624608348953 	354.782677337 	-10.1629953039 	32.0346513802 	-0.645550560424 	5.2927292087e-21
0.546 	0.0248953974895 	-1.59842682003e-18 	0.222998745382 	0.000636499599767 	350.351744861 	-10.334032299 	32.1231233051 	-0.661042265319 	-6.41393260582e-21
0.546 	0.026359832636 	1.30437461888e-18 	0.224267765164 	0.000647999617797 	346.092434323 	-10.5203404938 	32.2116575246 	-0.675871750138 	-2.08689367082e-21
0.546 	0.0278242677824 	9.25126256302e-19 	0.225300579047 	0.000658718616159 	342.028558963 	-10.7229182819 	32.2996816988 	-0.690057230486 	-1.41699810167e-21
0.546 	0.0292887029289 	5.37425347519e-19 	0.226038120683 	0.000668237696585 	338.260056022 	-10.9427975995 	32.3869926327 	-0.703625550986 	1.71201196281e-21
0.546 	0.0307531380753 	-9.39682903943e-20 	0.226353528328 	0.000673751909772 	335.959757658 	-11.0995233096 	32.4449599825 	-0.71234471609 	-1.53468262852e-21
0.546 	0.0322175732218 	-1.90323997523e-18 	0.226541884292 	0.000680664880691 	332.824405546 	-11.3506436656 	32.5320370693 	-0.724956384268 	-8.15235086785e-22
0.546 	0.0336820083682 	7.55279657163e-19 	0.226474814125 	0.000684398083847 	330.910941264 	-11.5292421728 	32.5904529076 	-0.733063849468 	4.87500425125e-22
0.546 	0.0351464435146 	-5.28747775846e-19 	0.226140928025 	0.000688891991404 	328.267610665 	-11.814798109 	32.6790176874 	-0.744798761771 	1.47134962359e-20
0.546 	0.0366108786611 	-1.28373282852e-18 	0.225833566214 	0.00069132815129 	326.666237724 	-12.0174712602 	32.7389349247 	-0.752361177509 	-1.0012875854e-20
0.546 	0.0380753138075 	-1.57158516125e-18 	0.225521477539 	0.000693455300972 	325.214151832 	-12.230423657 	32.7998234691 	-0.759741474081 	4.02836425235e-21
0.546 	0.039539748954 	-8.62141579635e-19 	0.225109289829 	0.000696217880947 	323.331669567 	-12.5699758196 	32.8936621993 	-0.770525808172 	-6.68351794014e-21
0.546 	0.0410041841004 	-2.1955178576e-18 	0.224853815304 	0.000697769303704 	322.246642422 	-12.8103456741 	32.9583775532 	-0.777550778248 	5.5349739783e-21
0.546 	0.0424686192469 	-3.31067830486e-19 	0.224549231141 	0.000699001019853 	321.243066553 	-13.0624005233 	33.0251323699 	-0.784443791971 	-5.59165147834e-21
0.546 	0.0439330543933 	-1.01020852764e-18 	0.22411383129 	0.00069979330946 	320.25717917 	-13.3265651263 	33.0940509374 	-0.791178222656 	1.6220831495e-20
0.546 	0.0453974895397 	-2.23764453255e-18 	0.223466899194 	0.00070002467744 	319.227173549 	-13.6032697944 	33.16508658 	-0.797702478034 	-2.25291069048e-21
0.546 	0.0468619246862 	-9.76719106613e-19 	0.222550324765 	0.000699605740363 	318.108202842 	-13.892946421 	33.2380269975 	-0.80394497374 	-1.25811582451e-20
0.546 	0.0483263598326 	7.42997864233e-19 	0.221341897204 	0.000698501355623 	316.881127606 	-14.1960245067 	33.3125370508 	-0.809823412935 	1.7184523067e-20
0.546 	0.0497907949791 	6.84297993325e-19 	0.219856880057 	0.000696735898806 	315.552679908 	-14.5129277587 	33.3882230634 	-0.815255222523 	1.15388024764e-20
0.546 	0.0512552301255 	-7.4684247756e-21 	0.218138897822 	0.00069438250811 	314.1480312 	-14.8440715448 	33.4646971219 	-0.820165976001 	-7.47779832253e-22
0.546 	0.052719665272 	6.0014823537e-19 	0.217210250785 	0.000693016473413 	313.427254789 	-15.0151107088 	33.5031218296 	-0.822406150881 	-2.63856915905e-21
0.546 	0.0541841004184 	-4.09076821829e-19 	0.215249828535 	0.000689973510146 	311.96825004 	-15.3683715685 	33.5801691579 	-0.826424133972 	-5.58920877733e-21
0.546 	0.0556485355649 	5.40038029934e-19 	0.213194755763 	0.000686602871936 	310.506647259 	-15.7368640361 	33.657295527 	-0.829792680667 	7.42928023995e-21
0.546 	0.0571129707113 	-3.56191078154e-19 	0.211087671721 	0.000682998790968 	309.060095732 	-16.1209619639 	33.7343331032 	-0.832482442229 	4.93185995845e-22
0.546 	0.0585774058577 	1.63103542944e-19 	0.21002546868 	0.000681135327672 	308.346168738 	-16.3189757039 	33.7727805058 	-0.833566333858 	-1.07873075773e-20
0.546 	0.0600418410042 	2.13229459343e-18 	0.207901395958 	0.000677331450071 	306.941890763 	-16.7271491709 	33.8494808832 	-0.83520353221 	-8.77642655759e-21
0.546 	0.0615062761506 	8.79361699569e-19 	0.205796278889 	0.000673476984495 	305.572846032 	-17.1517926884 	33.9258811864 	-0.836125614423 	6.17849769444e-21
0.546 	0.0629707112971 	-1.88847778387e-18 	0.204756083861 	0.000671546870945 	304.902148636 	-17.3703893902 	33.9639607963 	-0.836316211584 	-2.57436389577e-21
0.546 	0.0644351464435 	1.56743989069e-18 	0.202707070354 	0.000667704468751 	303.588009128 	-17.8203183521 	34.0398745692 	-0.836151929862 	4.6323445212e-21
0.546 	0.06589958159 	1.4708485746e-18 	0.201699785153 	0.000665798821259 	302.944040621 	-18.0517205136 	34.0777089723 	-0.835794789587 	-6.99287462053e-21
0.546 	0.0673640167364 	8.9840451871e-19 	0.199721517356 	0.000662029590571 	301.680650231 	-18.5275629949 	34.1531340229 	-0.834523136414 	4.91890110303e-21
0.546 	0.0688284518828 	-2.04214437749e-19 	0.198750795195 	0.000660168735027 	301.060599585 	-18.772063222 	34.190724368 	-0.83360488912 	-1.6189010893e-20
0.546 	0.0702928870293 	-2.47226372216e-19 	0.196846289503 	0.000656498806001 	299.842570472 	-19.274356987 	34.2656566163 	-0.831192298348 	-1.4641028295e-20
0.546 	0.0717573221757 	2.23409626988e-19 	0.195912475935 	0.000654690821638 	299.244268378 	-19.5321984023 	34.3029955214 	-0.829692776888 	-5.13722080122e-21
0.546 	0.0732217573222 	6.63103283387e-19 	0.194990928938 	0.000652901354467 	298.652970473 	-19.7945310227 	34.3402469613 	-0.827994009836 	-1.04592343404e-20
0.546 	0.0746861924686 	1.3651008913e-19 	0.193184568745 	0.000649379153025 	297.491177295 	-20.3327399754 	34.4144776634 	-0.823986547229 	5.6117508592e-21
0.546 	0.0761506276151 	-1.0057752875e-18 	0.192299730919 	0.000647646914397 	296.920631665 	-20.6086449642 	34.4514514769 	-0.821671440371 	-1.88745435888e-20
0.546 	0.0776150627615 	-1.5800431499e-18 	0.191427111126 	0.000645934213296 	296.356977514 	-20.889098226 	34.4883270173 	-0.819144284931 	-2.03474709215e-21
0.546 	0.0790794979079 	-3.74679903372e-19 	0.189718519637 	0.000642568267458 	295.250371431 	-21.4636756838 	34.5617707574 	-0.813439741394 	-1.05720501914e-21
0.546 	0.0805439330544 	3.59936645544e-19 	0.188882553886 	0.000640915441747 	294.707447477 	-21.757805535 	34.5983324279 	-0.810255020431 	-8.34632053604e-22
0.546 	0.0820083682008 	-6.10098770481e-19 	0.188058816744 	0.000639282993735 	294.171468015 	-22.0564945584 	34.6347827719 	-0.806843582339 	-1.57188881947e-20
0.546 	0.0834728033473 	-1.26785071722e-18 	0.18724731794 	0.000637671133786 	293.642456149 	-22.359736508 	34.6711182499 	-0.803201454495 	3.13848469761e-20
0.546 	0.0849372384937 	1.46878745512e-19 	0.185661092118 	0.000634510029679 	292.605448983 	-22.9798406802 	34.7434299469 	-0.795208663813 	1.76822510503e-20
0.546 	0.0864016736402 	-1.05272908557e-19 	0.184886404408 	0.000632961219549 	292.097523036 	-23.2966732878 	34.7793986152 	-0.79084949596 	-2.05269135125e-20
0.546 	0.0878661087866 	6.76353040709e-19 	0.184124032843 	0.000631433864369 	291.596702731 	-23.618000199 	34.8152373773 	-0.78624261503 	2.93180937062e-21
0.546 	0.0893305439331 	1.11740606456e-18 	0.183374004003 	0.000629928183088 	291.103031943 	-23.9437966324 	34.8509423638 	-0.781383507731 	-9.14659242499e-21
0.546 	0.0907949790795 	1.62248476838e-18 	0.182636342648 	0.000628444387638 	290.616554528 	-24.2740336898 	34.8865097317 	-0.776267558933 	2.2821216884e-20
0.546 	0.0922594142259 	9.31021038681e-19 	0.181198191495 	0.000625543228811 	289.6653391 	-24.9476919662 	34.9572165118 	-0.765246247889 	2.78481067025e-20
0.546 	0.0937238493724 	-9.05052018707e-19 	0.180497712368 	0.000624126198719 	289.200666049 	-25.2910326521 	34.9923485665 	-0.759331249015 	-1.48020543092e-20
0.546 	0.0951882845188 	5.66266253454e-19 	0.179809618441 	0.000622731713156 	288.743313761 	-25.638652813 	35.027328311 	-0.753140134223 	3.57100828479e-21
0.546 	0.0966527196653 	1.50550571225e-18 	0.179133884957 	0.000621359870711 	288.293295723 	-25.9904999934 	35.0621522849 	-0.746667901976 	-1.97028582866e-20
0.546 	0.0981171548117 	4.98934399559e-19 	0.178470475576 	0.000620010743015 	287.850618052 	-26.3465166927 	35.0968170969 	-0.739909469711 	-1.60815575076e-20
0.546 	0.0995815899582 	1.34566321761e-18 	0.177819343813 	0.000618684377622 	287.415280302 	-26.7066401759 	35.1313194003 	-0.732859674 	8.11420395404e-21
0.546 	0.101046025105 	6.53404630226e-19 	0.177180434886 	0.000617380801804 	286.987276521 	-27.0708022252 	35.1656558664 	-0.725513271061 	3.04736712554e-20
0.546 	0.102510460251 	-9.94548419033e-19 	0.176553687466 	0.000616100026166 	286.56659628 	-27.4389290444 	35.1998231634 	-0.717864927388 	5.1823795218e-21
0.546 	0.103974895397 	-9.26800591101e-19 	0.17593903496 	0.000614842047248 	286.153225446 	-27.8109411378 	35.2338179373 	-0.709909212748 	-3.92653659315e-20
0.546 	0.105439330544 	-2.20520075333e-18 	0.175336406434 	0.000613606849271 	285.747146796 	-28.1867531646 	35.2676367938 	-0.701640595406 	7.42346183184e-21
0.546 	0.10690376569 	9.42482623193e-19 	0.174745727418 	0.000612394405524 	285.348340615 	-28.5662737685 	35.3012762814 	-0.693053440441 	2.10792891087e-20
0.546 	0.108368200837 	3.19621354648e-19 	0.174166920488 	0.000611204679382 	284.956785121 	-28.9494054262 	35.3347328773 	-0.684142007208 	-2.29079978686e-20
0.546 	0.109832635983 	-4.48271193439e-19 	0.173599905354 	0.00061003762451 	284.572456483 	-29.3360443109 	35.3680029742 	-0.674900446151 	3.18628395508e-20
0.546 	0.11129707113 	2.607137737e-19 	0.173044598576 	0.000608893184422 	284.195328513 	-29.7260801451 	35.4010828654 	-0.665322797332 	-2.87705287712e-20
0.546 	0.112761506276 	-1.40456648847e-18 	0.172500913365 	0.000607771292242 	283.825372417 	-30.1193960469 	35.4339687273 	-0.655402989361 	2.282035676e-20
0.546 	0.114225941423 	-2.87513956008e-19 	0.171968759702 	0.000606671871008 	283.462556812 	-30.5158683851 	35.4666566039 	-0.645134838022 	-6.89717032358e-21
0.546 	0.115690376569 	-1.09959255963e-19 	0.171448044509 	0.000605594834061 	283.10684779 	-30.9153666368 	35.4991423954 	-0.634512045646 	6.39598492528e-21
0.546 	0.117154811715 	-2.12827825143e-20 	0.170938671652 	0.000604540085081 	282.758208878 	-31.3177532315 	35.5314218491 	-0.623528201728 	-1.75912514307e-20
0.546 	0.118619246862 	1.2102218109e-18 	0.170440541999 	0.000603507518208 	282.416601047 	-31.7228834122 	35.5634905546 	-0.612176784353 	7.08627175915e-21
0.546 	0.120083682008 	3.58020589263e-19 	0.16995355379 	0.00060249701877 	282.081982973 	-32.1306050885 	35.5953439407 	-0.600451161968 	1.02041071709e-20
0.546 	0.121548117155 	1.04123120126e-18 	0.169477603108 	0.0006015084642 	281.75431136 	-32.540758699 	35.626977279 	-0.588344595633 	2.31959998657e-21
0.546 	0.123012552301 	1.32741009596e-18 	0.169477603108 	0.0006015084642 	281.75431136 	-32.540758699 	35.626977279 	-0.588344595633 	2.31959998657e-21
0.546 	0.124476987448 	9.19287185104e-19 	0.169012583931 	0.000600541724203 	281.43354095 	-32.9531770673 	35.65838569 	-0.575850241231 	-2.50738707884e-20
0.546 	0.125941422594 	1.83428811383e-19 	0.168558387732 	0.000599596660016 	281.119624195 	-33.3676852585 	35.6895641454 	-0.562961151793 	-4.66316124861e-21
0.546 	0.127405857741 	3.7746171805e-19 	0.168114903105 	0.000598673123707 	280.812510949 	-33.7841004327 	35.7205074631 	-0.549670278986 	1.48354933963e-20
0.546 	0.128870292887 	4.32346114811e-20 	0.167682015886 	0.000597770958456 	280.512148531 	-34.2022317037 	35.7512102951 	-0.535970473591 	-9.33841865905e-21
0.546 	0.130334728033 	-9.36625483067e-20 	0.167259609687 	0.000596889999682 	280.218482092 	-34.6218800036 	35.781667116 	-0.521854484647 	-6.27822321897e-21
0.546 	0.13179916318 	-8.26378564046e-19 	0.166847566451 	0.000596030076218 	279.931454985 	-35.0428379468 	35.8118722121 	-0.507314958448 	2.07733796437e-20
0.546 	0.133263598326 	-1.30096642342e-18 	0.166847566451 	0.000596030076218 	279.931454985 	-35.0428379468 	35.8118722121 	-0.507314958448 	2.07733796437e-20
0.546 	0.134728033473 	5.2386902869e-19 	0.166445766806 	0.000595191011077 	279.651009018 	-35.4648896968 	35.8418196756 	-0.492344438193 	-3.67309149297e-22
0.546 	0.136192468619 	3.35820779326e-19 	0.166054090295 	0.000594372621948 	279.377084616 	-35.8878108312 	35.8715033998 	-0.476935364274 	-4.32907876355e-20
0.546 	0.137656903766 	-6.05552163493e-21 	0.165672415594 	0.000593574721674 	279.109620987 	-36.3113682088 	35.9009170744 	-0.461080074529 	2.27439416637e-20
0.546 	0.139121338912 	-6.61292226269e-20 	0.165300620699 	0.000592797118689 	278.848556255 	-36.7353198377 	35.9300541806 	-0.444770803558 	1.30166489188e-20
0.546 	0.140585774059 	-7.48276307787e-19 	0.165300620699 	0.000592797118689 	278.848556255 	-36.7353198377 	35.9300541806 	-0.444770803558 	1.30166489188e-20
0.546 	0.142050209205 	9.45730020764e-19 	0.164938583029 	0.000592039617309 	278.593827518 	-37.1594147416 	35.9589079815 	-0.427999681323 	-4.90724088981e-20
0.546 	0.143514644351 	2.29615160703e-19 	0.164586179488 	0.000591302017929 	278.345370889 	-37.5833928264 	35.9874715116 	-0.410758731733 	5.85103357714e-20
0.546 	0.144979079498 	5.93622531641e-20 	0.164243286602 	0.000590584117351 	278.103121599 	-38.0069847435 	36.0157375661 	-0.393039871929 	3.29398603261e-20
0.546 	0.146443514644 	-2.86651922367e-19 	0.163909780741 	0.000589885709287 	277.86701417 	-38.4299117569 	36.0436986925 	-0.374834911978 	-7.65934441053e-20
0.546 	0.147907949791 	-3.82780089907e-19 	0.163909780741 	0.000589885709287 	277.86701417 	-38.4299117569 	36.0436986925 	-0.374834911978 	-7.65934441053e-20
0.546 	0.149372384937 	-1.32039361971e-18 	0.163585538339 	0.000589206584898 	277.636982565 	-38.8518856094 	36.0713471832 	-0.356135554467 	7.89476652402e-20
0.546 	0.150836820084 	3.26637138663e-19 	0.163270436041 	0.00058854653327 	277.412960253 	-39.2726083937 	36.0986750675 	-0.336933392829 	1.47722174135e-20
0.546 	0.15230125523 	2.20901563141e-20 	0.163270436041 	0.00058854653327 	277.412960253 	-39.2726083937 	36.0986750675 	-0.336933392829 	1.47722174135e-20
0.546 	0.153765690377 	-1.60221247371e-18 	0.162964350864 	0.000587905341939 	277.194880261 	-39.6917724175 	36.1256740985 	-0.31721990904 	-1.96715209574e-20
0.546 	0.155230125523 	4.93306432884e-19 	0.162667160422 	0.000587282797383 	276.982675377 	-40.1090600693 	36.152335742 	-0.296986471013 	-5.50198273161e-20
0.546 	0.156694560669 	1.90849502467e-19 	0.162378743183 	0.000586678685038 	276.776278607 	-40.5241436761 	36.1786511669 	-0.276224330751 	2.86079577457e-20
0.546 	0.158158995816 	-6.77402666215e-19 	0.162378743183 	0.000586678685038 	276.776278607 	-40.5241436761 	36.1786511669 	-0.276224330751 	2.86079577457e-20
0.546 	0.159623430962 	6.5768254404e-20 	0.162098978623 	0.000586092788536 	276.57562385 	-40.9366853567 	36.2046112398 	-0.254924622698 	1.15444360411e-20
0.546 	0.161087866109 	-7.59216529739e-19 	0.161827747321 	0.000585524888954 	276.380646449 	-41.3463368743 	36.2302065179 	-0.233078361653 	1.68044950858e-20
0.546 	0.162552301255 	3.97293532211e-19 	0.161827747321 	0.000585524888954 	276.380646449 	-41.3463368743 	36.2302065179 	-0.233078361653 	1.68044950858e-20
0.546 	0.164016736402 	-6.64337695228e-19 	0.161564931134 	0.000584974765713 	276.191283119 	-41.7527394921 	36.2554272385 	-0.210676440063 	-2.88112030143e-20
0.546 	0.165481171548 	6.67999157036e-20 	0.161310413513 	0.000584442199599 	276.007471096 	-42.1555238229 	36.2802633085 	-0.187709624658 	-3.31044448945e-20
0.546 	0.166945606695 	-5.45770258224e-19 	0.161310413513 	0.000584442199599 	276.007471096 	-42.1555238229 	36.2802633085 	-0.187709624658 	-3.31044448945e-20
0.546 	0.168410041841 	-1.40573359497e-18 	0.161064079815 	0.000583926975824 	275.829147279 	-42.554309667 	36.3047042938 	-0.164168553265 	1.31364559212e-21
0.546 	0.169874476987 	-5.05153238691e-19 	0.160825817465 	0.000583428884662 	275.656248248 	-42.9487058459 	36.3287394112 	-0.14004373125 	6.49655887741e-20
0.546 	0.171338912134 	-1.44266526269e-18 	0.160825817465 	0.000583428884662 	275.656248248 	-42.9487058459 	36.3287394112 	-0.14004373125 	6.49655887741e-20
0.546 	0.17280334728 	-2.55042660646e-19 	0.160595516026 	0.000582947720963 	275.488710652 	-43.3383100305 	36.3523575175 	-0.115325527965 	-2.85879068476e-20
0.546 	0.174267782427 	9.94845582493e-19 	0.160373067448 	0.000582483297987 	275.326465157 	-43.7227085652 	36.3755470989 	-0.0900041729253 	-3.94039410989e-20
0.546 	0.175732217573 	-5.32333776797e-19 	0.160373067448 	0.000582483297987 	275.326465157 	-43.7227085652 	36.3755470989 	-0.0900041729253 	-3.94039410989e-20
0.546 	0.17719665272 	-1.21994138704e-18 	0.160158366256 	0.00058203541606 	275.169451612 	-44.1014762858 	36.3982962614 	-0.0640697513625 	5.86376822935e-20
0.546 	0.178661087866 	1.78403888382e-19 	0.159951310101 	0.000581603881647 	275.017611039 	-44.4741763236 	36.4205927223 	-0.037512198122 	-4.92475225607e-20
0.546 	0.180125523013 	-1.640369088e-19 	0.159951310101 	0.000581603881647 	275.017611039 	-44.4741763236 	36.4205927223 	-0.037512198122 	-4.92475225607e-20
0.546 	0.181589958159 	-7.75793777657e-19 	0.159751800133 	0.000581188506321 	274.870886804 	-44.8403598958 	36.4424238016 	-0.0103212914082 	2.34661771569e-20
0.546 	0.183054393305 	5.80178388832e-20 	0.159559741249 	0.000580789107452 	274.729224777 	-45.1995660748 	36.463776411 	0.0175133560581 	-3.14254440027e-20
0.546 	0.184518828452 	1.26265913448e-19 	0.159559741249 	0.000580789107452 	274.729224777 	-45.1995660748 	36.463776411 	0.0175133560581 	-3.14254440027e-20
0.546 	0.185983263598 	-1.32307326325e-19 	0.159375042228 	0.00058040550856 	274.59257343 	-45.5513215557 	36.4846370422 	0.0460023043527 	-8.9467192366e-21
0.546 	0.187447698745 	-4.38991298799e-19 	0.159375042228 	0.00058040550856 	274.59257343 	-45.5513215557 	36.4846370422 	0.0460023043527 	-8.9467192366e-21
0.546 	0.188912133891 	-4.71315961145e-19 	0.159197615749 	0.000580037539559 	274.460883807 	-45.8951403982 	36.5049917543 	0.0751562956794 	5.50888353647e-20
0.546 	0.190376569038 	-5.32242985771e-19 	0.159027378413 	0.000579685036985 	274.334109503 	-46.2305237672 	36.5248261585 	0.104986261676 	-3.40147059085e-21
0.546 	0.191841004184 	-6.98664423107e-19 	0.159027378413 	0.000579685036985 	274.334109503 	-46.2305237672 	36.5248261585 	0.104986261676 	-3.40147059085e-21
0.546 	0.193305439331 	-4.91889082872e-19 	0.158864250804 	0.000579347844275 	274.212206662 	-46.5569596454 	36.5441254041 	0.135503332234 	-2.70283389584e-20
0.546 	0.194769874477 	6.96521133492e-19 	0.158864250804 	0.000579347844275 	274.212206662 	-46.5569596454 	36.5441254041 	0.135503332234 	-2.70283389584e-20
0.546 	0.196234309623 	1.18133419996e-18 	0.158708157592 	0.000579025812112 	274.095134054 	-46.8739225367 	36.5628741645 	0.166718843634 	5.12509977401e-20
0.546 	0.19769874477 	-8.5108549227e-19 	0.158708157592 	0.000579025812112 	274.095134054 	-46.8739225367 	36.5628741645 	0.166718843634 	5.12509977401e-20
0.546 	0.199163179916 	-6.36721944905e-19 	0.158559027792 	0.000578718799 	273.982853272 	-47.1808731416 	36.5810566216 	0.198644347512 	-6.17310502383e-20
0.546 	0.200627615063 	-1.16330339555e-18 	0.158416795241 	0.000578426672271 	273.875329121 	-47.4772580137 	36.5986564512 	0.231291621203 	5.13614279176e-20
0.546 	0.202092050209 	3.6128178522e-19 	0.158416795241 	0.000578426672271 	273.875329121 	-47.4772580137 	36.5986564512 	0.231291621203 	5.13614279176e-20
0.546 	0.203556485356 	-4.74022529181e-19 	0.158281399302 	0.000578149309537 	273.772530195 	-47.7625091846 	36.6156568118 	0.264672678518 	-3.48432004476e-20
0.546 	0.205020920502 	1.97964995326e-19 	0.158281399302 	0.000578149309537 	273.772530195 	-47.7625091846 	36.6156568118 	0.264672678518 	-3.48432004476e-20
0.546 	0.206485355649 	-7.7225640848e-19 	0.158152785594 	0.000577886600145 	273.674429472 	-48.0360437698 	36.6320403359 	0.298799783395 	4.24791531313e-20
0.546 	0.207949790795 	-2.22517663757e-19 	0.158152785594 	0.000577886600145 	273.674429472 	-48.0360437698 	36.6320403359 	0.298799783395 	4.24791531313e-20
0.546 	0.209414225941 	-4.13200573999e-20 	0.158030906462 	0.000577638446099 	273.581004742 	-48.2972635514 	36.6477891327 	0.33368546271 	-2.43318272732e-20
0.546 	0.210878661088 	-9.03788835493e-19 	0.158030906462 	0.000577638446099 	273.581004742 	-48.2972635514 	36.6477891327 	0.33368546271 	-2.43318272732e-20
0.546 	0.212343096234 	4.38527280226e-19 	0.157915720462 	0.000577404760988 	273.492238256 	-48.545554521 	36.6628847945 	0.369342520858 	3.20096615128e-21
0.546 	0.213807531381 	-3.93898119673e-19 	0.157807190601 	0.000577185466395 	273.408115397 	-48.7802863905 	36.6773083671 	0.405784050567 	3.94071315137e-21
0.546 	0.215271966527 	1.40363009926e-19 	0.157807190601 	0.000577185466395 	273.408115397 	-48.7802863905 	36.6773083671 	0.405784050567 	3.94071315137e-21
0.546 	0.216736401674 	-8.54574568057e-19 	0.157705283222 	0.000576980489687 	273.328623828 	-49.0008120594 	36.6910402282 	0.443023444137 	-5.2943013629e-20
0.546 	0.21820083682 	-1.40643941253e-20 	0.157705283222 	0.000576980489687 	273.328623828 	-49.0008120594 	36.6910402282 	0.443023444137 	-5.2943013629e-20
0.546 	0.219665271967 	3.00043279656e-19 	0.157609971139 	0.000576789770369 	273.253755937 	-49.2064670835 	36.7040599176 	0.481074396989 	6.44867525933e-20
0.546 	0.221129707113 	4.71745435988e-19 	0.157609971139 	0.000576789770369 	273.253755937 	-49.2064670835 	36.7040599176 	0.481074396989 	6.44867525933e-20
0.546 	0.222594142259 	3.81828537684e-20 	0.157521238884 	0.000576613270422 	273.183513049 	-49.3965689248 	36.7163461894 	0.519950932745 	2.90760340398e-21
0.546 	0.224058577406 	-8.61241122949e-19 	0.157521238884 	0.000576613270422 	273.183513049 	-49.3965689248 	36.7163461894 	0.519950932745 	2.90760340398e-21
0.546 	0.225523012552 	2.33407673503e-19 	0.157439080914 	0.000576450970154 	273.117904324 	-49.5704161723 	36.7278773273 	0.559667456524 	-8.70418110253e-21
0.546 	0.226987447699 	-6.65901455868e-20 	0.157439080914 	0.000576450970154 	273.117904324 	-49.5704161723 	36.7278773273 	0.559667456524 	-8.70418110253e-21
0.546 	0.228451882845 	5.31115370452e-20 	0.157363493918 	0.000576302852331 	273.056940949 	-49.7272904975 	36.7386311477 	0.60023840645 	3.5567739665e-21
0.546 	0.229916317992 	2.01736332908e-21 	0.157363493918 	0.000576302852331 	273.056940949 	-49.7272904975 	36.7386311477 	0.60023840645 	3.5567739665e-21
0.546 	0.231380753138 	-8.84284733918e-19 	0.157294472754 	0.000576168893755 	273.000633076 	-49.8664452919 	36.7485844271 	0.641679390043 	-1.00383993847e-20
0.546 	0.232845188285 	8.36383784948e-19 	0.157294472754 	0.000576168893755 	273.000633076 	-49.8664452919 	36.7485844271 	0.641679390043 	-1.00383993847e-20
0.546 	0.234309623431 	4.93838492233e-20 	0.157232021346 	0.000576049086621 	272.948998615 	-49.987121549 	36.757712848 	0.684006462244 	3.16710787139e-21
0.546 	0.235774058577 	2.50698792927e-19 	0.157232021346 	0.000576049086621 	272.948998615 	-49.987121549 	36.757712848 	0.684006462244 	3.16710787139e-21
0.546 	0.237238493724 	-3.55063268411e-19 	0.157176221139 	0.000575943576757 	272.9021166 	-50.0886110129 	36.765991549 	0.727223607845 	-5.69819843185e-20
0.546 	0.23870292887 	5.34739673654e-19 	0.157176221139 	0.000575943576757 	272.9021166 	-50.0886110129 	36.765991549 	0.727223607845 	-5.69819843185e-20
0.546 	0.240167364017 	1.01192764461e-19 	0.157126872624 	0.000575851933788 	272.859850606 	-50.1696365917 	36.7733943629 	0.771406312936 	1.41509373268e-20
0.546 	0.241631799163 	-8.70267373622e-19 	0.157126872624 	0.000575851933788 	272.859850606 	-50.1696365917 	36.7733943629 	0.771406312936 	1.41509373268e-20
0.546 	0.24309623431 	-1.63490553835e-18 	0.157084776084 	0.000575775752528 	272.822840132 	-50.2311685659 	36.779899208 	0.816367804695 	1.97379187982e-20
0.546 	0.244560669456 	-1.65333598126e-19 	0.157084776084 	0.000575775752528 	272.822840132 	-50.2311685659 	36.779899208 	0.816367804695 	1.97379187982e-20
0.546 	0.246025104603 	6.43909695697e-19 	0.15704804384 	0.000575711157675 	272.789647633 	-50.267288486 	36.7854641158 	0.862659927721 	-3.02720389121e-21
0.546 	0.247489539749 	-1.22818620674e-19 	0.15704804384 	0.000575711157675 	272.789647633 	-50.267288486 	36.7854641158 	0.862659927721 	-3.02720389121e-21
0.546 	0.248953974895 	-5.64124299361e-20 	0.15704804384 	0.000575711157675 	272.789647633 	-50.267288486 	36.7854641158 	0.862659927721 	-3.02720389121e-21
0.546 	0.250418410042 	-6.68150219029e-19 	0.157020780368 	0.000575666430857 	272.763482377 	-50.2882439688 	36.7900928582 	0.909172036797 	-1.94181559519e-20
0.546 	0.251882845188 	6.08830490472e-19 	0.157020780368 	0.000575666430857 	272.763482377 	-50.2882439688 	36.7900928582 	0.909172036797 	-1.94181559519e-20
0.546 	0.253347280335 	-1.53582251925e-18 	0.156995954249 	0.000575627256464 	272.738916522 	-50.273454653 	36.793701312 	0.957882681665 	2.67982718868e-20
0.546 	0.254811715481 	6.79484486277e-19 	0.156995954249 	0.000575627256464 	272.738916522 	-50.273454653 	36.793701312 	0.957882681665 	2.67982718868e-20
0.546 	0.256276150628 	-3.06518373607e-19 	0.156984445875 	0.00057561558739 	272.72445242 	-50.2506922869 	36.7963261476 	1.00592668904 	-2.94339141561e-20
0.546 	0.257740585774 	-9.82559522801e-19 	0.156984445875 	0.00057561558739 	272.72445242 	-50.2506922869 	36.7963261476 	1.00592668904 	-2.94339141561e-20
0.546 	0.259205020921 	-5.27696452875e-19 	0.156971497754 	0.000575601502523 	272.708631 	-50.1831285444 	36.7978785824 	1.05704995935 	1.4895150461e-20
0.546 	0.260669456067 	5.83956926882e-19 	0.156971497754 	0.000575601502523 	272.708631 	-50.1831285444 	36.7978785824 	1.05704995935 	1.4895150461e-20
0.546 	0.262133891213 	-5.02009380088e-19 	0.156976445917 	0.000575623893717 	272.706619079 	-50.1105665088 	36.7983406046 	1.10679773123 	8.19098078456e-21
0.546 	0.26359832636 	5.72087104517e-19 	0.156976445917 	0.000575623893717 	272.706619079 	-50.1105665088 	36.7983406046 	1.10679773123 	8.19098078456e-21
0.546 	0.265062761506 	-5.58151732092e-19 	0.156976445917 	0.000575623893717 	272.706619079 	-50.1105665088 	36.7983406046 	1.10679773123 	8.19098078456e-21
0.546 	0.266527196653 	6.49574624716e-19 	0.156975005492 	0.000575633820821 	272.699413783 	-49.9862829078 	36.7977302396 	1.16048636384 	1.65271396627e-20
0.546 	0.267991631799 	8.56904960333e-19 	0.156975005492 	0.000575633820821 	272.699413783 	-49.9862829078 	36.7977302396 	1.16048636384 	1.65271396627e-20
0.546 	0.269456066946 	-5.15093351787e-19 	0.156998911909 	0.000575694601901 	272.712148751 	-49.8619778561 	36.795857438 	1.21173685932 	1.62971030726e-20
0.546 	0.270920502092 	-1.45942779102e-19 	0.156998911909 	0.000575694601901 	272.712148751 	-49.8619778561 	36.795857438 	1.21173685932 	1.62971030726e-20
0.546 	0.272384937238 	1.87355647886e-18 	0.157007182448 	0.000575722983231 	272.713070384 	-49.6739097787 	36.7929843803 	1.26848005475 	-6.1158837647e-20
0.546 	0.273849372385 	1.01436691156e-19 	0.157007182448 	0.000575722983231 	272.713070384 	-49.6739097787 	36.7929843803 	1.26848005475 	-6.1158837647e-20
0.546 	0.275313807531 	7.99055971739e-19 	0.157007182448 	0.000575722983231 	272.713070384 	-49.6739097787 	36.7929843803 	1.26848005475 	-6.1158837647e-20
0.546 	0.276778242678 	-7.24438093122e-19 	0.157054796362 	0.000575828761708 	272.745661221 	-49.4971020632 	36.7885573441 	1.32077572252 	6.17808251952e-20
0.546 	0.278242677824 	7.41592411854e-19 	0.157054796362 	0.000575828761708 	272.745661221 	-49.4971020632 	36.7885573441 	1.32077572252 	6.17808251952e-20
0.546 	0.279707112971 	7.4143502353e-19 	0.157070518651 	0.000575867724455 	272.75450938 	-49.2355613211 	36.783339541 	1.38135137734 	-8.20483590112e-20
0.546 	0.281171548117 	-8.36186777281e-19 	0.157070518651 	0.000575867724455 	272.75450938 	-49.2355613211 	36.783339541 	1.38135137734 	-8.20483590112e-20
0.546 	0.282635983264 	-8.69509760909e-20 	0.157141717486 	0.000576007980715 	272.811701829 	-49.005828883 	36.7760874982 	1.434062885 	8.01143441405e-20
0.546 	0.28410041841 	-1.38003108834e-19 	0.157141717486 	0.000576007980715 	272.811701829 	-49.005828883 	36.7760874982 	1.434062885 	8.01143441405e-20
0.546 	0.285564853556 	2.08797785383e-19 	0.157141717486 	0.000576007980715 	272.811701829 	-49.005828883 	36.7760874982 	1.434062885 	8.01143441405e-20
0.546 	0.287029288703 	-3.67715884366e-19 	0.157120251495 	0.000575941366109 	272.805984673 	-48.6651785867 	36.7684038079 	1.49913935901 	-4.10236889217e-20
0.546 	0.288493723849 	-1.01783058455e-18 	0.157120251495 	0.000575941366109 	272.805984673 	-48.6651785867 	36.7684038079 	1.49913935901 	-4.10236889217e-20
0.546 	0.289958158996 	-4.6904520602e-19 	0.157140920247 	0.000575931267723 	272.846655588 	-48.3752665481 	36.7580093966 	1.55186161717 	6.3365429962e-20
0.546 	0.291422594142 	9.41133523689e-19 	0.157140920247 	0.000575931267723 	272.846655588 	-48.3752665481 	36.7580093966 	1.55186161717 	6.3365429962e-20
0.546 	0.292887029289 	3.32675427672e-20 	0.157140920247 	0.000575931267723 	272.846655588 	-48.3752665481 	36.7580093966 	1.55186161717 	6.3365429962e-20
0.546 	0.294351464435 	3.51790676337e-19 	0.156986821118 	0.00057555538169 	272.757107503 	-47.9537275269 	36.7472558288 	1.62209018354 	-7.7942996002e-21
0.546 	0.295815899582 	-1.91906873917e-19 	0.156986821118 	0.00057555538169 	272.757107503 	-47.9537275269 	36.7472558288 	1.62209018354 	-7.7942996002e-21
0.546 	0.297280334728 	-1.75319610431e-18 	0.156960381171 	0.000575462440597 	272.755214064 	-47.5938729634 	36.7331998167 	1.67436357339 	-4.79164340071e-20
0.546 	0.298744769874 	-1.0597958493e-19 	0.156960381171 	0.000575462440597 	272.755214064 	-47.5938729634 	36.7331998167 	1.67436357339 	-4.79164340071e-20
0.546 	0.300209205021 	1.08188350473e-18 	0.156960381171 	0.000575462440597 	272.755214064 	-47.5938729634 	36.7331998167 	1.67436357339 	-4.79164340071e-20
0.546 	0.301673640167 	-6.59493443759e-20 	0.156592380334 	0.000574567920378 	272.539372249 	-47.0934060842 	36.7228977493 	1.7503641759 	8.86039093699e-20
0.546 	0.303138075314 	-5.22955147183e-19 	0.156592380334 	0.000574567920378 	272.539372249 	-47.0934060842 	36.7228977493 	1.7503641759 	8.86039093699e-20
0.546 	0.30460251046 	-1.62981109513e-19 	0.156592380334 	0.000574567920378 	272.539372249 	-47.0934060842 	36.7228977493 	1.7503641759 	8.86039093699e-20
0.546 	0.306066945607 	-1.39028809314e-19 	0.156358918674 	0.000573860806462 	272.468370228 	-46.6421813157 	36.717830319 	1.80238727649 	-2.06371004547e-20
0.546 	0.307531380753 	2.14333160491e-19 	0.156358918674 	0.000573860806462 	272.468370228 	-46.6421813157 	36.717830319 	1.80238727649 	-2.06371004547e-20
0.546 	0.3089958159 	-9.82596736751e-20 	0.15550418221 	0.00057161059948 	272.045658971 	-46.0813825708 	36.7195358478 	1.88265648974 	-1.14915267854e-19
0.546 	0.310460251046 	4.78592894636e-19 	0.15550418221 	0.00057161059948 	272.045658971 	-46.0813825708 	36.7195358478 	1.88265648974 	-1.14915267854e-19
0.546 	0.311924686192 	2.91266678035e-19 	0.15550418221 	0.00057161059948 	272.045658971 	-46.0813825708 	36.7195358478 	1.88265648974 	-1.14915267854e-19
0.546 	0.313389121339 	8.59780825203e-19 	0.155175485734 	0.000570181330986 	272.151116323 	-45.4959356636 	36.6920300746 	1.93413512536 	8.05846902556e-20
0.546 	0.314853556485 	8.43238297589e-19 	0.155175485734 	0.000570181330986 	272.151116323 	-45.4959356636 	36.6920300746 	1.93413512536 	8.05846902556e-20
0.546 	0.316317991632 	-1.61366274014e-18 	0.155175485734 	0.000570181330986 	272.151116323 	-45.4959356636 	36.6920300746 	1.93413512536 	8.05846902556e-20
0.546 	0.317782426778 	7.26224360091e-19 	0.154670951972 	0.000567911076687 	272.350651927 	-44.9161607481 	36.6639372007 	2.01567051515 	-8.38397546118e-21
0.546 	0.319246861925 	-8.57031645791e-19 	0.154670951972 	0.000567911076687 	272.350651927 	-44.9161607481 	36.6639372007 	2.01567051515 	-8.38397546118e-21
0.546 	0.320711297071 	5.35182021077e-19 	0.154595058224 	0.000564939403799 	273.648920901 	-44.1274158008 	36.630413217 	2.07429197466 	-2.63371825436e-20
0.546 	0.322175732218 	1.0407069266e-18 	0.154595058224 	0.000564939403799 	273.648920901 	-44.1274158008 	36.630413217 	2.07429197466 	-2.63371825436e-20
0.546 	0.323640167364 	4.25064167047e-19 	0.154595058224 	0.000564939403799 	273.648920901 	-44.1274158008 	36.630413217 	2.07429197466 	-2.63371825436e-20
0.546 	0.32510460251 	4.32116879078e-19 	0.154367699784 	0.000561263900022 	275.035860631 	-43.605505262 	36.6063024155 	2.15628081757 	6.75013861321e-20
0.546 	0.326569037657 	-3.01911936537e-19 	0.154367699784 	0.000561263900022 	275.035860631 	-43.605505262 	36.6063024155 	2.15628081757 	6.75013861321e-20
0.546 	0.328033472803 	-1.98125234696e-19 	0.154367699784 	0.000561263900022 	275.035860631 	-43.605505262 	36.6063024155 	2.15628081757 	6.75013861321e-20
0.546 	0.32949790795 	-8.56003841819e-21 	0.154179198152 	0.000559847106021 	275.39518646 	-42.5055299299 	36.5518534358 	2.23089120674 	-5.31607097062e-20
0.546 	0.330962343096 	7.48663475903e-20 	0.154179198152 	0.000559847106021 	275.39518646 	-42.5055299299 	36.5518534358 	2.23089120674 	-5.31607097062e-20
0.546 	0.332426778243 	1.86437800313e-19 	0.154179198152 	0.000559847106021 	275.39518646 	-42.5055299299 	36.5518534358 	2.23089120674 	-5.31607097062e-20
0.546 	0.333891213389 	1.2475861237e-19 	0.154641197944 	0.000560510946993 	275.893269835 	-42.1563512876 	36.5622989126 	2.2977711282 	-4.12388203446e-20
0.546 	0.335355648536 	2.24041153724e-19 	0.154641197944 	0.000560510946993 	275.893269835 	-42.1563512876 	36.5622989126 	2.2977711282 	-4.12388203446e-20
0.546 	0.336820083682 	5.07204846767e-19 	0.154641197944 	0.000560510946993 	275.893269835 	-42.1563512876 	36.5622989126 	2.2977711282 	-4.12388203446e-20
0.546 	0.338284518828 	-1.14978441095e-18 	0.154087968414 	0.000559724633719 	275.292454774 	-40.5944678549 	36.5224961581 	2.40754661013 	5.8365694362e-20
0.546 	0.339748953975 	-1.57486229763e-19 	0.154087968414 	0.000559724633719 	275.292454774 	-40.5944678549 	36.5224961581 	2.40754661013 	5.8365694362e-20
