0.504 	0 	0 	5.52966064194 	3.15862944245e-05 	175065.190225 	1.6781552141 	15.606208249 	-0.00313116333735 	8.27039061003e-24
0.504 	0.00146443514644 	-1.10096294943e-18 	4.38446277516 	0.000511004493286 	8580.08654086 	1.64162554001 	28.700978393 	-0.0461473275348 	2.1901395781e-23
0.504 	0.00292887029289 	-1.92693241704e-18 	1.15240331173 	0.000640181070517 	1800.12087955 	1.58790285212 	30.9979300584 	-0.114450060684 	1.26132486859e-22
0.504 	0.00439330543933 	-6.03782825242e-19 	0.404750312212 	0.000714977219029 	566.102389614 	1.51040561011 	31.3326092536 	-0.186522811951 	-9.73493570022e-24
0.504 	0.00585774058577 	2.79695557117e-18 	0.34670604091 	0.000810499105866 	427.768566801 	1.3980226613 	31.1529094029 	-0.26251613607 	-1.0405692109e-22
0.504 	0.00732217573222 	2.99675097615e-19 	0.34728725191 	0.00082822811627 	419.313526175 	1.28405812786 	30.9171169649 	-0.324048009816 	-1.42747013649e-22
0.504 	0.00878661087866 	1.97407404995e-18 	0.351287411321 	0.000835799068744 	420.301271511 	1.14436322271 	30.7308408186 	-0.381982983062 	-2.46714572105e-22
0.504 	0.0102510460251 	-3.57795804981e-19 	0.360572153632 	0.000847816603361 	425.294989745 	0.973604992632 	30.6195531968 	-0.437156552646 	-1.39930539737e-22
0.504 	0.0117154811715 	3.24720472561e-20 	0.370437114461 	0.000859919631695 	430.781087915 	0.767806364423 	30.5720943237 	-0.490932671701 	-1.43668116743e-22
0.504 	0.013179916318 	-4.00542815545e-19 	0.376450884987 	0.00086717251624 	434.113025883 	0.574998869637 	30.5721857067 	-0.533463713235 	7.45137611876e-23
0.504 	0.0146443514644 	5.77094914341e-19 	0.379937773239 	0.000871380177214 	436.018380007 	0.354358663368 	30.6017679311 	-0.575680058391 	1.88668680431e-23
0.504 	0.0161087866109 	2.13702315949e-18 	0.380648134798 	0.000872314754662 	436.365581074 	0.10300232423 	30.6578233423 	-0.617539478432 	6.16632869924e-23
0.504 	0.0175732217573 	-1.27957459694e-18 	0.378651594137 	0.000870077452284 	435.192974077 	-0.182220688621 	30.7375922786 	-0.658942014001 	8.61499190687e-23
0.504 	0.0190376569038 	-6.47754201461e-19 	0.375540986861 	0.000866499695699 	433.400021633 	-0.420403122396 	30.8113240842 	-0.689626909836 	-2.94706795012e-23
0.504 	0.0205020920502 	-1.10059907906e-18 	0.369559051824 	0.000859536004275 	429.95179956 	-0.773240885677 	30.9259545682 	-0.729963566165 	1.73664481582e-22
0.504 	0.0219665271967 	-4.38163422834e-19 	0.363942396985 	0.000852929685104 	426.696834852 	-1.06641218587 	31.0226856009 	-0.759725525514 	-4.14685477144e-22
0.504 	0.0234309623431 	1.7449264662e-18 	0.357570972028 	0.000845365869292 	422.97777213 	-1.3859328515 	31.1274216821 	-0.789016539459 	-1.16301143789e-21
0.504 	0.0248953974895 	-2.63109905796e-19 	0.350627634504 	0.000837041634395 	418.889121038 	-1.73357137822 	31.239137629 	-0.817789332259 	-1.90010342503e-21
0.504 	0.026359832636 	2.74744944721e-18 	0.343278535327 	0.000828138582748 	414.518224942 	-2.11115868129 	31.3568841739 	-0.845994286146 	-8.98928151016e-23
0.504 	0.0278242677824 	5.74857558902e-19 	0.335669281024 	0.000818818828483 	409.943285801 	-2.52058334922 	31.4797937319 	-0.873579203197 	-1.0774250178e-21
0.504 	0.0292887029289 	-1.59760855734e-18 	0.327923345929 	0.000809223014324 	405.23235267 	-2.96378672415 	31.6070823847 	-0.90048925409 	-1.57480293546e-21
0.504 	0.0307531380753 	-6.07644170009e-19 	0.320142108312 	0.000799469823639 	400.443017167 	-3.44275732411 	31.7380490555 	-0.92666696766 	-3.81407658948e-22
0.504 	0.0322175732218 	-1.02553823106e-18 	0.31497562532 	0.000792929278183 	397.230413842 	-3.78294221906 	31.8270935772 	-0.943682322151 	8.74429533457e-22
0.504 	0.0336820083682 	-7.77608513352e-19 	0.307305530404 	0.00078312102826 	392.41128678 	-4.32604966586 	31.962847124 	-0.96850437239 	1.16922547132e-21
0.504 	0.0351464435146 	8.06276523991e-19 	0.302267299811 	0.000776612659763 	389.212429144 	-4.71090576654 	32.0545918046 	-0.984557021813 	-4.84362548113e-21
0.504 	0.0366108786611 	-5.182444103e-19 	0.294851682164 	0.000766935443324 	384.454369309 	-5.32391526118 	32.1937433056 	-1.00784288656 	3.17415820577e-21
0.504 	0.0380753138075 	-6.15586018281e-19 	0.290014911875 	0.000760559076587 	381.318060362 	-5.75731037295 	32.2873636949 	-1.02280766919 	1.64334214426e-21
0.504 	0.039539748954 	-3.03974790056e-19 	0.285271075009 	0.00075425437908 	378.216001023 	-6.21120559857 	32.381544163 	-1.03729991412 	5.23164082451e-21
0.504 	0.0410041841004 	2.03412316911e-18 	0.280624580136 	0.000748029071958 	375.151970233 	-6.68621596064 	32.4761909922 	-1.05129714548 	2.91119947652e-21
0.504 	0.0424686192469 	4.97973910545e-19 	0.276078469209 	0.000741889259038 	372.128947611 	-7.1829501465 	32.5712191654 	-1.06477608729 	3.01792586672e-21
0.504 	0.0439330543933 	3.05104711372e-18 	0.269451501252 	0.000732849960125 	367.676217389 	-7.97009260671 	32.7143093654 	-1.08396971312 	-6.57330206779e-21
0.504 	0.0453974895397 	4.75398807998e-19 	0.265162914335 	0.000726942382687 	364.764692018 	-8.52373452005 	32.8099677669 	-1.09604549632 	-5.02657271352e-21
0.504 	0.0468619246862 	-6.7513280183e-20 	0.260978031234 	0.00072113267563 	361.900160751 	-9.10114293738 	32.9057654847 	-1.10751468046 	-2.18570056642e-21
0.504 	0.0483263598326 	-6.14857740527e-19 	0.258924374692 	0.000718265119487 	360.485797886 	-9.39893131635 	32.9536987063 	-1.11301329908 	-3.54808829046e-21
0.504 	0.0497907949791 	9.69636863639e-19 	0.254894207817 	0.000712605494921 	357.693295426 	-10.0130083077 	33.0496004693 	-1.12352106487 	-5.18637035362e-21
0.504 	0.0512552301255 	-4.79675013025e-20 	0.250966189461 	0.000707047492221 	354.94955038 	-10.652177292 	33.1455075637 	-1.1333521268 	-3.33297493003e-21
0.504 	0.052719665272 	-1.59907961416e-18 	0.247139412987 	0.000701592201103 	352.255074385 	-11.3169245182 	33.2413728723 	-1.14247673699 	5.72636506637e-21
0.504 	0.0541841004184 	-7.62407963096e-19 	0.243412901417 	0.000696240603782 	349.610321625 	-12.0077057295 	33.3371523472 	-1.15086416703 	-2.59359287715e-21
0.504 	0.0556485355649 	2.2126837739e-19 	0.241586922538 	0.000693603964306 	348.306721084 	-12.3629922297 	33.3849968942 	-1.15477157072 	1.18927081023e-20
0.504 	0.0571129707113 	4.10324813954e-19 	0.238008912064 	0.00068840958702 	345.737358328 	-13.0936029653 	33.4805710742 	-1.1619934917 	1.39896786969e-23
0.504 	0.0585774058577 	3.67143737203e-19 	0.23452876227 	0.000683321283899 	343.218874921 	-13.8512291174 	33.5759613047 	-1.16839719355 	4.01940146591e-21
0.504 	0.0600418410042 	2.9095988452e-19 	0.232825099098 	0.000680817219415 	341.978863722 	-14.2402747484 	33.6235765351 	-1.17128160904 	-2.04380100647e-20
0.504 	0.0615062761506 	-1.2115354752e-18 	0.229489948697 	0.000675889754256 	339.537546252 	-15.0390093971 	33.7186267435 	-1.17639386541 	-6.50492506246e-21
0.504 	0.0629707112971 	-1.79051814029e-18 	0.226250130302 	0.000671070403701 	337.148127907 	-15.8654703755 	33.8134108801 	-1.1806010776 	8.58784021753e-21
0.504 	0.0644351464435 	-1.80975398841e-19 	0.224665635582 	0.000668701480751 	335.972989517 	-16.2891618401 	33.8606939845 	-1.18235397039 	-1.34149647275e-20
0.504 	0.06589958159 	-2.35349727922e-19 	0.221566767184 	0.000664045490355 	333.662031295 	-17.1575638912 	33.9550247854 	-1.18513515078 	-3.49967067157e-20
0.504 	0.0673640167364 	-1.3779819508e-18 	0.220052082037 	0.00066175851388 	332.526257572 	-17.602301946 	34.0020656789 	-1.18615395608 	-1.46533666634e-21
0.504 	0.0688284518828 	7.3374350611e-19 	0.217091411461 	0.00065726676926 	330.294214792 	-18.5128889413 	34.0958815914 	-1.187423674 	-3.25833211025e-20
0.504 	0.0702928870293 	1.00282600411e-18 	0.215645131407 	0.000655062096675 	329.19799894 	-18.9787393185 	34.1426498679 	-1.18766460007 	2.33216624221e-20
0.504 	0.0717573221757 	-1.66844647521e-18 	0.21282003914 	0.000650735515172 	327.045372778 	-19.9315260731 	34.235890261 	-1.18733310569 	6.5643122917e-21
0.504 	0.0732217573222 	-4.92583832065e-19 	0.211440993052 	0.000648613780973 	325.98905428 	-20.4184391538 	34.282355718 	-1.18675031781 	-1.6115776489e-20
0.504 	0.0746861924686 	-2.15415083967e-18 	0.21008412875 	0.000646519869473 	324.946128758 	-20.9123423031 	34.3287136179 	-1.18588247453 	3.15303644602e-21
0.504 	0.0761506276151 	8.99757461177e-19 	0.207436505428 	0.00064241587079 	322.900654949 	-21.9210189775 	34.421093771 	-1.18327009464 	-4.61360501417e-20
0.504 	0.0776150627615 	9.88314534398e-19 	0.206145533956 	0.000640405965248 	321.898210108 	-22.4357294226 	34.4671097039 	-1.18151465475 	-1.08819909117e-20
0.504 	0.0790794979079 	2.29110046381e-19 	0.204876313209 	0.000638424237325 	320.909359688 	-22.9573039049 	34.513005496 	-1.17945238169 	1.57236410126e-20
0.504 	0.0805439330544 	-8.36160348739e-19 	0.202402637593 	0.000634545554854 	318.972587618 	-24.0208608148 	34.6044252442 	-1.17438513913 	2.33629224694e-20
0.504 	0.0820083682008 	-1.21217886071e-18 	0.201197896573 	0.000632648645585 	318.024701353 	-24.5627370624 	34.6499437617 	-1.1713689865 	-5.03800801502e-21
0.504 	0.0834728033473 	1.74538734114e-19 	0.200014333564 	0.000630780002296 	317.090479781 	-25.1112649034 	34.6953312037 	-1.16802363266 	8.64349760811e-21
0.504 	0.0849372384937 	-5.0244314731e-19 	0.198851768659 	0.000628939579486 	316.169907484 	-25.6663771185 	34.7405849749 	-1.16434338996 	-3.57110702284e-20
0.504 	0.0864016736402 	1.43165343028e-18 	0.197710017732 	0.000627127320994 	315.262963538 	-26.2280008814 	34.7857024548 	-1.16032251293 	5.42108762845e-20
0.504 	0.0878661087866 	9.89407967759e-19 	0.19548822884 	0.000623587066795 	313.48987054 	-27.3704627644 	34.875517656 	-1.15123549363 	-2.65126206494e-20
0.504 	0.0893305439331 	9.1273023219e-19 	0.194407836396 	0.000621858963509 	312.623678042 	-27.9511252193 	34.9202095825 	-1.14615745423 	-3.50525091252e-21
0.504 	0.0907949790795 	-2.86146360352e-19 	0.193347550996 	0.000620158812014 	311.771029049 	-28.5379472291 	34.9647535248 	-1.14071498077 	-4.09609781691e-21
0.504 	0.0922594142259 	1.65860750619e-19 	0.192307211068 	0.000618486573526 	310.931909115 	-29.130824531 	35.0091460209 	-1.13490188926 	8.27810585334e-21
0.504 	0.0937238493724 	-5.89177808263e-19 	0.191286664928 	0.00061684222062 	310.106310063 	-29.7296466951 	35.0533833442 	-1.12871188046 	9.38855051407e-21
0.504 	0.0951882845188 	4.28287798129e-19 	0.190285771061 	0.000615225737968 	309.29423026 	-30.3342969592 	35.0974615061 	-1.12213854044 	1.37560196841e-21
0.504 	0.0966527196653 	-9.5133773028e-20 	0.189304395496 	0.00061363711851 	308.495672419 	-30.9446517483 	35.1413762706 	-1.11517535715 	2.68746097367e-20
0.504 	0.0981171548117 	-4.57766761478e-20 	0.187399671009 	0.000610543434497 	306.93913065 	-32.181946663 	35.2286976349 	-1.1000529794 	-3.70233386182e-21
0.504 	0.0995815899582 	-4.19634890322e-19 	0.186476046301 	0.000609038323457 	306.181136915 	-32.8086058617 	35.2720948486 	-1.09188036916 	-2.43064625786e-20
0.504 	0.101046025105 	-1.67881569035e-18 	0.185571381659 	0.000607560970774 	305.436640249 	-33.4404072275 	35.3153099618 	-1.08329113348 	3.08022363458e-20
0.504 	0.102510460251 	-8.89404008118e-19 	0.184685516304 	0.000606111303672 	304.705612955 	-34.0771926945 	35.3583380506 	-1.07427848507 	-6.09150738674e-20
0.504 	0.103974895397 	-2.84793455997e-19 	0.183818280766 	0.00060468923009 	303.988018339 	-34.7187972271 	35.4011741822 	-1.06483562344 	5.8770763366e-20
0.504 	0.105439330544 	3.60591771576e-19 	0.182969497906 	0.000603294640655 	303.283811219 	-35.3650488038 	35.4438134552 	-1.05495573815 	-2.4295632266e-20
0.504 	0.10690376569 	2.05471451053e-19 	0.182138983536 	0.000601927410012 	302.592938129 	-36.0157683566 	35.4862510258 	-1.04463201079 	1.4593606105e-20
0.504 	0.108368200837 	1.5223929239e-18 	0.181326546843 	0.00060058739762 	301.915337487 	-36.6707696664 	35.5284821116 	-1.03385761692 	6.07605610647e-21
0.504 	0.109832635983 	2.26444101881e-18 	0.180531991096 	0.00059927444873 	301.250940163 	-37.3298593234 	35.5705019739 	-1.02262572119 	-1.40523884408e-20
0.504 	0.11129707113 	-5.08683066001e-19 	0.179755114923 	0.000597988396165 	300.599670623 	-37.9928367241 	35.6123058782 	-1.01092946901 	4.48203404064e-21
0.504 	0.112761506276 	3.50137856194e-19 	0.178995714258 	0.000596729063237 	299.961448647 	-38.6594940554 	35.6538890411 	-0.998761978585 	-6.09220762169e-21
0.504 	0.114225941423 	-5.41020341512e-19 	0.178253584585 	0.000595496267423 	299.336191235 	-39.3296162869 	35.6952465733 	-0.986116332664 	-2.39089301266e-20
0.504 	0.115690376569 	1.06146410974e-18 	0.177528522676 	0.000594289823439 	298.723813994 	-40.0029811755 	35.7363734294 	-0.972985571692 	4.24590381059e-21
0.504 	0.117154811715 	1.27479079386e-18 	0.177528522676 	0.000594289823439 	298.723813994 	-40.0029811755 	35.7363734294 	-0.972985571692 	4.24590381059e-21
0.504 	0.118619246862 	1.13219872571e-18 	0.176820327042 	0.000593109544309 	298.124231414 	-40.6793592841 	35.7772643721 	-0.959362688969 	9.5999496657e-21
0.504 	0.120083682008 	-5.83126248943e-19 	0.17612879703 	0.000591955240081 	297.537356043 	-41.3585140121 	35.8179139477 	-0.945240628125 	-9.81409165456e-21
0.504 	0.121548117155 	-1.80082282859e-19 	0.175453731189 	0.000590826715102 	296.963097139 	-42.0402016454 	35.8583164721 	-0.930612283358 	-2.54398909361e-20
0.504 	0.123012552301 	-9.11326227349e-19 	0.174794925759 	0.000589723765246 	296.401359517 	-42.7241713911 	35.8984660242 	-0.915470501706 	4.20108777602e-20
0.504 	0.124476987448 	6.46472025628e-19 	0.174152173865 	0.000588646176227 	295.85204304 	-43.4101653843 	35.9383564432 	-0.899808086943 	-5.36396792444e-21
0.504 	0.125941422594 	3.76421854354e-19 	0.173525265635 	0.000587593723507 	295.315042848 	-44.0979186779 	35.9779813321 	-0.883617804901 	1.71050262187e-20
0.504 	0.127405857741 	-3.29119565068e-19 	0.172913989023 	0.000586566173655 	294.790250085 	-44.7871592436 	36.0173340646 	-0.866892389527 	2.64264804104e-20
0.504 	0.128870292887 	9.59591608533e-19 	0.172318130789 	0.000585563286223 	294.277552646 	-45.4776079864 	36.056407798 	-0.849624548425 	-9.12074170766e-20
0.504 	0.130334728033 	1.20229695597e-18 	0.172318130789 	0.000585563286223 	294.277552646 	-45.4776079864 	36.056407798 	-0.849624548425 	-9.12074170766e-20
0.504 	0.13179916318 	6.29642613731e-19 	0.171737477027 	0.000584584814984 	293.7768355 	-46.1689787753 	36.0951954862 	-0.831806967025 	5.16989172585e-20
0.504 	0.133263598326 	7.78546426745e-19 	0.171171813051 	0.000583630508054 	293.287980476 	-46.8609784934 	36.133689892 	-0.81343231002 	1.93689310152e-20
0.504 	0.134728033473 	1.16411712833e-18 	0.170620923004 	0.000582700107375 	292.810865906 	-47.5533071271 	36.171883596 	-0.794493221118 	-3.83120223357e-20
0.504 	0.136192468619 	5.00241559314e-19 	0.170084589775 	0.00058179334853 	292.345366623 	-48.2456578794 	36.2097690039 	-0.774982322565 	8.17497152587e-20
0.504 	0.137656903766 	8.3771556946e-19 	0.170084589775 	0.00058179334853 	292.345366623 	-48.2456578794 	36.2097690039 	-0.774982322565 	8.17497152587e-20
0.504 	0.139121338912 	2.36725401309e-19 	0.169562595543 	0.000580909961474 	291.891354578 	-48.9377172763 	36.2473383527 	-0.754892214635 	-6.0726400522e-20
0.504 	0.140585774059 	-6.16725795695e-19 	0.169054722819 	0.000580049672073 	291.448699928 	-49.6291652537 	36.284583717 	-0.734215474169 	-5.206055827e-20
0.504 	0.142050209205 	2.04927768592e-19 	0.168560755533 	0.000579212203802 	291.017272127 	-50.3196752231 	36.321497008 	-0.712944652133 	5.62633609143e-20
0.504 	0.143514644351 	6.6521667537e-19 	0.168080479662 	0.000578397278899 	290.596940535 	-51.0089141099 	36.3580699659 	-0.691072271439 	4.26958512541e-20
0.504 	0.144979079498 	6.8260127416e-19 	0.168080479662 	0.000578397278899 	290.596940535 	-51.0089141099 	36.3580699659 	-0.691072271439 	4.26958512541e-20
0.504 	0.146443514644 	1.02778479026e-18 	0.167613683192 	0.00057760461861 	290.187574323 	-51.6965424016 	36.3942941438 	-0.668590824955 	-7.80319880647e-20
0.504 	0.147907949791 	-1.43269945663e-18 	0.167160155568 	0.000576833942671 	289.789041875 	-52.3822142454 	36.4301608933 	-0.645492772219 	8.32896401262e-20
0.504 	0.149372384937 	2.84258209027e-18 	0.166719687093 	0.000576084968615 	289.401210197 	-53.0655775866 	36.4656613555 	-0.621770534269 	-3.46715614397e-20
0.504 	0.150836820084 	7.61793700129e-20 	0.166719687093 	0.000576084968615 	289.401210197 	-53.0655775866 	36.4656613555 	-0.621770534269 	-3.46715614397e-20
0.504 	0.15230125523 	-1.51599274811e-18 	0.166292068619 	0.000575357411382 	289.023944646 	-53.7462742821 	36.5007864592 	-0.597416488459 	-2.28953859455e-20
0.504 	0.153765690377 	-2.65010944576e-19 	0.165877091561 	0.000574650983358 	288.657109037 	-54.4239401332 	36.5355269215 	-0.572422964782 	-2.95393305304e-20
0.504 	0.155230125523 	-1.04129786637e-19 	0.165474548124 	0.000573965394704 	288.300565942 	-55.0982048859 	36.5698732411 	-0.546782242603 	-3.28318259839e-20
0.504 	0.156694560669 	-5.60659684147e-19 	0.165474548124 	0.000573965394704 	288.300565942 	-55.0982048859 	36.5698732411 	-0.546782242603 	-3.28318259839e-20
0.504 	0.158158995816 	-2.18336295318e-19 	0.165084231624 	0.000573300353858 	287.954177096 	-55.7686922829 	36.6038156873 	-0.52048654618 	1.25105797148e-19
0.504 	0.159623430962 	-9.04816847916e-19 	0.164705936803 	0.000572655568073 	287.617803765 	-56.4350201699 	36.6373442897 	-0.493528038584 	-5.15883648921e-20
0.504 	0.161087866109 	-9.71006237684e-20 	0.164705936803 	0.000572655568073 	287.617803765 	-56.4350201699 	36.6373442897 	-0.493528038584 	-5.15883648921e-20
0.504 	0.162552301255 	1.96245333071e-18 	0.164339460071 	0.000572030743844 	287.291307049 	-57.0968006096 	36.6704488332 	-0.465898817545 	-7.09136699557e-20
0.504 	0.164016736402 	1.18501763588e-20 	0.163984599773 	0.000571425587384 	286.974548207 	-57.7536399962 	36.7031188559 	-0.437590913099 	5.31612813831e-20
0.504 	0.165481171548 	-7.50330257163e-19 	0.163984599773 	0.000571425587384 	286.974548207 	-57.7536399962 	36.7031188559 	-0.437590913099 	5.31612813831e-20
0.504 	0.166945606695 	-2.05145259264e-19 	0.163641156579 	0.0005708398054 	286.667389048 	-58.4051391813 	36.7353436445 	-0.408596285325 	-1.33281134239e-20
0.504 	0.168410041841 	-1.26760034394e-18 	0.1633089338 	0.000570273105913 	286.369692183 	-59.0508935642 	36.767112225 	-0.378906818874 	3.32806229293e-20
0.504 	0.169874476987 	2.20018243018e-19 	0.1633089338 	0.000570273105913 	286.369692183 	-59.0508935642 	36.767112225 	-0.378906818874 	3.32806229293e-20
0.504 	0.171338912134 	1.10678668456e-18 	0.162987737279 	0.000569725198411 	286.081320842 	-59.6904930922 	36.7984133512 	-0.348514314782 	-4.40966514154e-20
0.504 	0.17280334728 	-1.60283816256e-18 	0.16267737495 	0.000569195793343 	285.802138478 	-60.3235222116 	36.8292354942 	-0.317410481854 	4.10187915535e-20
0.504 	0.174267782427 	-4.99855814858e-19 	0.16267737495 	0.000569195793343 	285.802138478 	-60.3235222116 	36.8292354942 	-0.317410481854 	4.10187915535e-20
0.504 	0.175732217573 	1.16415118532e-18 	0.162377656986 	0.000568684602394 	285.53200896 	-60.9495598635 	36.8595668459 	-0.285586931736 	1.54541650932e-20
0.504 	0.17719665272 	-2.12964331355e-18 	0.162088397375 	0.000568191341143 	285.270798124 	-61.5681795448 	36.8893953426 	-0.253035173671 	1.59829945158e-20
0.504 	0.178661087866 	-1.69551324224e-19 	0.162088397375 	0.000568191341143 	285.270798124 	-61.5681795448 	36.8893953426 	-0.253035173671 	1.59829945158e-20
0.504 	0.180125523013 	5.00572427191e-19 	0.161809416671 	0.000567715733761 	285.018376361 	-62.1789493189 	36.9187087033 	-0.219746602469 	-5.38721815994e-20
0.504 	0.181589958159 	-7.5072133418e-19 	0.161540544311 	0.000567257517057 	284.774620791 	-62.7814317 	36.9474944561 	-0.185712475936 	-1.06348806384e-20
0.504 	0.183054393305 	-1.53037702502e-18 	0.161540544311 	0.000567257517057 	284.774620791 	-62.7814317 	36.9474944561 	-0.185712475936 	-1.06348806384e-20
0.504 	0.184518828452 	-6.74240484092e-19 	0.161281618901 	0.000566816441128 	284.539415583 	-63.375183507 	36.9757399311 	-0.150923888871 	9.8755200715e-20
0.504 	0.185983263598 	-2.24184954353e-19 	0.161281618901 	0.000566816441128 	284.539415583 	-63.375183507 	36.9757399311 	-0.150923888871 	9.8755200715e-20
0.504 	0.187447698745 	1.10018636273e-20 	0.161032486293 	0.000566392266226 	284.312650253 	-63.9597557614 	37.0034322179 	-0.11537174573 	-1.11407923171e-19
0.504 	0.188912133891 	-6.99421562406e-19 	0.160792996972 	0.000565984758432 	284.094217338 	-64.5346936883 	37.0305581063 	-0.0790467448506 	-3.69022068421e-20
0.504 	0.190376569038 	-8.0768578363e-19 	0.160792996972 	0.000565984758432 	284.094217338 	-64.5346936883 	37.0305581063 	-0.0790467448506 	-3.69022068421e-20
0.504 	0.191841004184 	-5.86471250497e-19 	0.160563004329 	0.000565593686815 	283.884010858 	-65.0995367322 	37.0571040395 	-0.0419393675331 	1.12661697837e-19
0.504 	0.193305439331 	-1.51675300061e-19 	0.160563004329 	0.000565593686815 	283.884010858 	-65.0995367322 	37.0571040395 	-0.0419393675331 	1.12661697837e-19
0.504 	0.194769874477 	4.72862611976e-19 	0.160342364154 	0.000565218822648 	283.681925884 	-65.6538185557 	37.083056078 	-0.00403987207936 	-2.16990493028e-20
0.504 	0.196234309623 	1.0730776176e-18 	0.160130934655 	0.000564859939513 	283.487858588 	-66.1970668867 	37.1083998759 	0.0346617177059 	-7.7461423706e-20
0.504 	0.19769874477 	-7.7419266443e-19 	0.160130934655 	0.000564859939513 	283.487858588 	-66.1970668867 	37.1083998759 	0.0346617177059 	-7.7461423706e-20
0.504 	0.199163179916 	-3.72870324172e-19 	0.159928577223 	0.000564516814698 	283.30170698 	-66.728803239 	37.1331206731 	0.0741756196132 	4.10753232012e-20
0.504 	0.200627615063 	-9.42412110015e-19 	0.159928577223 	0.000564516814698 	283.30170698 	-66.728803239 	37.1331206731 	0.0741756196132 	4.10753232012e-20
0.504 	0.202092050209 	6.69503853814e-19 	0.159735159082 	0.000564189233785 	283.123373359 	-67.2485424692 	37.1572033331 	0.114512304969 	-6.34771875085e-22
0.504 	0.203556485356 	1.33848615659e-18 	0.159735159082 	0.000564189233785 	283.123373359 	-67.2485424692 	37.1572033331 	0.114512304969 	-6.34771875085e-22
0.504 	0.205020920502 	-9.19331529914e-19 	0.159550557881 	0.000563876998585 	282.952768566 	-67.7557923609 	37.1806324136 	0.15568251771 	2.12177906591e-20
0.504 	0.206485355649 	-5.29376349028e-19 	0.159374665237 	0.000563579933335 	282.789815269 	-68.2500533569 	37.203392217 	0.197697308113 	-3.50574753228e-21
0.504 	0.207949790795 	-4.20830953775e-19 	0.159374665237 	0.000563579933335 	282.789815269 	-68.2500533569 	37.203392217 	0.197697308113 	-3.50574753228e-21
0.504 	0.209414225941 	4.17238636621e-19 	0.159207385443 	0.000563297882676 	282.634446781 	-68.7308184114 	37.2254667459 	0.240568070474 	-5.9431390218e-20
0.504 	0.210878661088 	8.5295241057e-19 	0.159207385443 	0.000563297882676 	282.634446781 	-68.7308184114 	37.2254667459 	0.240568070474 	-5.9431390218e-20
0.504 	0.212343096234 	5.25210855104e-19 	0.159048628753 	0.000563030700387 	282.486600898 	-69.1975725726 	37.2468395468 	0.284306581342 	4.38245467356e-20
0.504 	0.213807531381 	1.26028067936e-19 	0.159048628753 	0.000563030700387 	282.486600898 	-69.1975725726 	37.2468395468 	0.284306581342 	4.38245467356e-20
0.504 	0.215271966527 	-7.17545383989e-21 	0.158898304502 	0.000562778237687 	282.34621359 	-69.6497922309 	37.2674935285 	0.328925019373 	3.03636367294e-20
0.504 	0.216736401674 	5.46852984404e-19 	0.158898304502 	0.000562778237687 	282.34621359 	-69.6497922309 	37.2674935285 	0.328925019373 	3.03636367294e-20
0.504 	0.21820083682 	-1.69378695958e-19 	0.158756322061 	0.00056254034484 	282.213219936 	-70.0869444975 	37.2874108896 	0.374435954685 	-4.42146699992e-20
0.504 	0.219665271967 	-4.86723035424e-19 	0.158756322061 	0.00056254034484 	282.213219936 	-70.0869444975 	37.2874108896 	0.374435954685 	-4.42146699992e-20
0.504 	0.221129707113 	2.20811118072e-19 	0.158622601465 	0.000562316889389 	282.087563896 	-70.5084869408 	37.3065732296 	0.420852316866 	8.40461806188e-20
0.504 	0.222594142259 	3.7325247906e-19 	0.158622601465 	0.000562316889389 	282.087563896 	-70.5084869408 	37.3065732296 	0.420852316866 	8.40461806188e-20
0.504 	0.224058577406 	9.55290067794e-19 	0.158497080668 	0.000562107768757 	281.969204977 	-70.9138655407 	37.3249617628 	0.468187647358 	-7.67858179876e-20
0.504 	0.225523012552 	-4.29466310814e-19 	0.158497080668 	0.000562107768757 	281.969204977 	-70.9138655407 	37.3249617628 	0.468187647358 	-7.67858179876e-20
0.504 	0.226987447699 	8.19813507113e-19 	0.158379711451 	0.000561912903156 	281.858114596 	-71.3025193021 	37.3425573277 	0.516455678892 	-2.32050550937e-20
0.504 	0.228451882845 	-1.29899541235e-18 	0.158379711451 	0.000561912903156 	281.858114596 	-71.3025193021 	37.3425573277 	0.516455678892 	-2.32050550937e-20
0.504 	0.229916317992 	-4.80460860315e-19 	0.158270459649 	0.000561732235947 	281.754276364 	-71.6738784663 	37.3593400194 	0.565669642863 	6.90674248545e-20
0.504 	0.231380753138 	-4.65977395162e-19 	0.158270459649 	0.000561732235947 	281.754276364 	-71.6738784663 	37.3593400194 	0.565669642863 	6.90674248545e-20
0.504 	0.232845188285 	4.19890128636e-19 	0.158169242404 	0.000561565627248 	281.657627763 	-72.027288649 	37.3752893904 	0.615854074931 	-3.51050813002e-20
0.504 	0.234309623431 	8.55221865365e-19 	0.158169242404 	0.000561565627248 	281.657627763 	-72.027288649 	37.3752893904 	0.615854074931 	-3.51050813002e-20
0.504 	0.235774058577 	3.810755439e-19 	0.158076243277 	0.000561413391 	281.568351968 	-72.3624771358 	37.3903834101 	0.666983230994 	8.09677436032e-20
0.504 	0.237238493724 	6.24587690584e-20 	0.158076243277 	0.000561413391 	281.568351968 	-72.3624771358 	37.3903834101 	0.666983230994 	8.09677436032e-20
0.504 	0.23870292887 	7.90931686448e-19 	0.157990801118 	0.000561274399313 	281.485849544 	-72.6777028514 	37.4046034554 	0.719206408222 	-6.61196850555e-20
0.504 	0.240167364017 	4.51650573332e-19 	0.157990801118 	0.000561274399313 	281.485849544 	-72.6777028514 	37.4046034554 	0.719206408222 	-6.61196850555e-20
0.504 	0.241631799163 	7.64806078828e-19 	0.15791455617 	0.000561151452569 	281.411650004 	-72.9754218674 	37.4179186298 	0.772191942391 	-6.85447302796e-20
0.504 	0.24309623431 	-1.63010625637e-19 	0.15791455617 	0.000561151452569 	281.411650004 	-72.9754218674 	37.4179186298 	0.772191942391 	-6.85447302796e-20
0.504 	0.244560669456 	-2.17662835194e-19 	0.157843975664 	0.000561038508555 	281.342498343 	-73.2479664045 	37.4303221191 	0.826719919182 	3.45121190737e-20
0.504 	0.246025104603 	-2.95094344604e-20 	0.157843975664 	0.000561038508555 	281.342498343 	-73.2479664045 	37.4303221191 	0.826719919182 	3.45121190737e-20
0.504 	0.247489539749 	8.35977434209e-19 	0.157785716713 	0.000560946947945 	281.284562276 	-73.5081188861 	37.4417597647 	0.881389983155 	1.30083786976e-20
0.504 	0.248953974895 	5.83217681347e-19 	0.157785716713 	0.000560946947945 	281.284562276 	-73.5081188861 	37.4417597647 	0.881389983155 	1.30083786976e-20
0.504 	0.250418410042 	5.25722391132e-19 	0.157728982397 	0.000560858287888 	281.227871287 	-73.7332505829 	37.4522524633 	0.93849298049 	4.68665760034e-20
0.504 	0.251882845188 	9.46533510156e-19 	0.157728982397 	0.000560858287888 	281.227871287 	-73.7332505829 	37.4522524633 	0.93849298049 	4.68665760034e-20
0.504 	0.253347280335 	-1.09942966363e-20 	0.157689543921 	0.000560799716717 	281.186917933 	-73.9535868458 	37.4617043086 	0.994853771052 	1.93170149156e-20
0.504 	0.254811715481 	4.37766078071e-19 	0.157689543921 	0.000560799716717 	281.186917933 	-73.9535868458 	37.4617043086 	0.994853771052 	1.93170149156e-20
0.504 	0.256276150628 	-7.16638959599e-19 	0.157689543921 	0.000560799716717 	281.186917933 	-73.9535868458 	37.4617043086 	0.994853771052 	1.93170149156e-20
0.504 	0.257740585774 	-4.32837790397e-19 	0.157646268647 	0.000560735107899 	281.142140784 	-74.1296595748 	37.4701938279 	1.05456232074 	-1.28526042846e-19
0.504 	0.259205020921 	4.84554404024e-19 	0.157646268647 	0.000560735107899 	281.142140784 	-74.1296595748 	37.4701938279 	1.05456232074 	-1.28526042846e-19
0.504 	0.260669456067 	-5.64100186748e-20 	0.157626782311 	0.000560712001171 	281.118973701 	-74.3059489937 	37.4775188145 	1.11272335647 	2.96241447184e-20
0.504 	0.262133891213 	-8.17141984359e-20 	0.157626782311 	0.000560712001171 	281.118973701 	-74.3059489937 	37.4775188145 	1.11272335647 	2.96241447184e-20
0.504 	0.26359832636 	-2.28339800027e-19 	0.15759635966 	0.000560669549861 	281.085997445 	-74.4294994802 	37.4839237487 	1.17526461859 	5.49859675159e-20
0.504 	0.265062761506 	-1.33996565872e-18 	0.15759635966 	0.000560669549861 	281.085997445 	-74.4294994802 	37.4839237487 	1.17526461859 	5.49859675159e-20
0.504 	0.266527196653 	7.5171154948e-19 	0.157599185991 	0.000560683370618 	281.084109588 	-74.5614309004 	37.4889752076 	1.23495022687 	7.20903434573e-20
0.504 	0.267991631799 	-5.03078839488e-19 	0.157599185991 	0.000560683370618 	281.084109588 	-74.5614309004 	37.4889752076 	1.23495022687 	7.20903434573e-20
0.504 	0.269456066946 	-8.82191551184e-19 	0.157599185991 	0.000560683370618 	281.084109588 	-74.5614309004 	37.4889752076 	1.23495022687 	7.20903434573e-20
0.504 	0.270920502092 	3.69737904634e-19 	0.157576929642 	0.000560654112448 	281.059081069 	-74.62490092 	37.4931526933 	1.30094548683 	1.93318179429e-20
0.504 	0.272384937238 	-4.18331379779e-19 	0.157576929642 	0.000560654112448 	281.059081069 	-74.62490092 	37.4931526933 	1.30094548683 	1.93318179429e-20
0.504 	0.273849372385 	-5.28626823982e-19 	0.15760814563 	0.000560718623193 	281.082416583 	-74.7139397363 	37.4958634374 	1.36158269355 	-1.08852172902e-20
0.504 	0.275313807531 	1.8605753255e-19 	0.15760814563 	0.000560718623193 	281.082416583 	-74.7139397363 	37.4958634374 	1.36158269355 	-1.08852172902e-20
0.504 	0.276778242678 	-5.67123749208e-19 	0.157589655396 	0.000560698350437 	281.059602321 	-74.7080992897 	37.4975382678 	1.43195941334 	-9.7618878364e-20
0.504 	0.278242677824 	5.14162817702e-19 	0.157589655396 	0.000560698350437 	281.059602321 	-74.7080992897 	37.4975382678 	1.43195941334 	-9.7618878364e-20
0.504 	0.279707112971 	7.05370124303e-19 	0.157589655396 	0.000560698350437 	281.059602321 	-74.7080992897 	37.4975382678 	1.43195941334 	-9.7618878364e-20
0.504 	0.281171548117 	1.14448261956e-19 	0.157656806502 	0.000560825150816 	281.115792101 	-74.7568251911 	37.497884571 	1.49270495743 	-5.37841968659e-20
0.504 	0.282635983264 	3.51382261651e-19 	0.157656806502 	0.000560825150816 	281.115792101 	-74.7568251911 	37.497884571 	1.49270495743 	-5.37841968659e-20
0.504 	0.28410041841 	-3.60608045645e-19 	0.157637033848 	0.000560801662763 	281.092308235 	-74.6730162511 	37.4968269074 	1.56848080869 	5.28484258432e-20
0.504 	0.285564853556 	6.60090458453e-19 	0.157637033848 	0.000560801662763 	281.092308235 	-74.6730162511 	37.4968269074 	1.56848080869 	5.28484258432e-20
0.504 	0.287029288703 	-8.49014635439e-19 	0.157637033848 	0.000560801662763 	281.092308235 	-74.6730162511 	37.4968269074 	1.56848080869 	5.28484258432e-20
0.504 	0.288493723849 	-2.41827965032e-19 	0.157739216223 	0.000560985677731 	281.182252033 	-74.6799473367 	37.4945268711 	1.62855709086 	-6.21294491207e-21
0.504 	0.289958158996 	6.65994918008e-19 	0.157739216223 	0.000560985677731 	281.182252033 	-74.6799473367 	37.4945268711 	1.62855709086 	-6.21294491207e-21
0.504 	0.291422594142 	2.6347507213e-19 	0.157663522946 	0.000560856457095 	281.112075918 	-74.5116405404 	37.4905002817 	1.71087196522 	7.34352322523e-21
0.504 	0.292887029289 	1.19274063571e-19 	0.157663522946 	0.000560856457095 	281.112075918 	-74.5116405404 	37.4905002817 	1.71087196522 	7.34352322523e-21
0.504 	0.294351464435 	5.28012307059e-20 	0.157663522946 	0.000560856457095 	281.112075918 	-74.5116405404 	37.4905002817 	1.71087196522 	7.34352322523e-21
0.504 	0.295815899582 	1.02246452202e-18 	0.157729454353 	0.000560993606324 	281.160877014 	-74.4773029486 	37.484641834 	1.76905496705 	2.32805075256e-20
0.504 	0.297280334728 	-7.62237408064e-20 	0.157729454353 	0.000560993606324 	281.160877014 	-74.4773029486 	37.484641834 	1.76905496705 	2.32805075256e-20
0.504 	0.298744769874 	1.04466773382e-18 	0.157459973971 	0.000560568909615 	280.893162768 	-74.2182463899 	37.4780959085 	1.85946674649 	7.63861787637e-20
0.504 	0.300209205021 	-3.98999699373e-19 	0.157459973971 	0.000560568909615 	280.893162768 	-74.2182463899 	37.4780959085 	1.85946674649 	7.63861787637e-20
0.504 	0.301673640167 	-9.95857145953e-19 	0.157459973971 	0.000560568909615 	280.893162768 	-74.2182463899 	37.4780959085 	1.85946674649 	7.63861787637e-20
0.504 	0.303138075314 	1.19295393517e-18 	0.157386726657 	0.000560435866796 	280.829147421 	-74.1314114362 	37.4731030839 	1.91475073528 	-5.569118592e-20
0.504 	0.30460251046 	-8.43582574029e-19 	0.157386726657 	0.000560435866796 	280.829147421 	-74.1314114362 	37.4731030839 	1.91475073528 	-5.569118592e-20
0.504 	0.306066945607 	3.68354281173e-19 	0.156369428372 	0.000558622789859 	279.919529261 	-73.7884925788 	37.4720759612 	2.01363657972 	3.75000863374e-21
0.504 	0.307531380753 	-1.17951654541e-18 	0.156369428372 	0.000558622789859 	279.919529261 	-73.7884925788 	37.4720759612 	2.01363657972 	3.75000863374e-21
0.504 	0.3089958159 	-2.29334292588e-20 	0.156369428372 	0.000558622789859 	279.919529261 	-73.7884925788 	37.4720759612 	2.01363657972 	3.75000863374e-21
0.504 	0.310460251046 	1.09632214844e-19 	0.156044257759 	0.000558045492854 	279.626409957 	-73.6229112083 	37.4535533571 	2.06344780306 	-1.21131085801e-19
0.504 	0.311924686192 	1.24961183725e-18 	0.156044257759 	0.000558045492854 	279.626409957 	-73.6229112083 	37.4535533571 	2.06344780306 	-1.21131085801e-19
0.504 	0.313389121339 	-8.12421257413e-19 	0.156044257759 	0.000558045492854 	279.626409957 	-73.6229112083 	37.4535533571 	2.06344780306 	-1.21131085801e-19
0.504 	0.314853556485 	8.64767657991e-21 	0.155435949598 	0.000557002185561 	279.058060502 	-73.2234936156 	37.4381844821 	2.17013306076 	1.20828986089e-19
0.504 	0.316317991632 	-4.54950620199e-19 	0.155435949598 	0.000557002185561 	279.058060502 	-73.2234936156 	37.4381844821 	2.17013306076 	1.20828986089e-19
0.504 	0.317782426778 	5.41317478153e-19 	0.155516333282 	0.00055712154318 	279.14255908 	-72.9260766534 	37.4346055695 	2.22035178723 	-2.76061632864e-20
0.504 	0.319246861925 	2.16410291506e-18 	0.155516333282 	0.00055712154318 	279.14255908 	-72.9260766534 	37.4346055695 	2.22035178723 	-2.76061632864e-20
0.504 	0.320711297071 	-6.58119102672e-19 	0.155516333282 	0.00055712154318 	279.14255908 	-72.9260766534 	37.4346055695 	2.22035178723 	-2.76061632864e-20
0.504 	0.322175732218 	5.59500363106e-19 	0.155119519811 	0.000556449304067 	278.766670525 	-72.533030986 	37.4310188117 	2.33764737046 	4.97415938095e-20
0.504 	0.323640167364 	-2.6308081709e-19 	0.155119519811 	0.000556449304067 	278.766670525 	-72.533030986 	37.4310188117 	2.33764737046 	4.97415938095e-20
0.504 	0.32510460251 	2.60567202978e-19 	0.155119519811 	0.000556449304067 	278.766670525 	-72.533030986 	37.4310188117 	2.33764737046 	4.97415938095e-20
0.504 	0.326569037657 	1.68189584184e-20 	0.155059027 	0.000556353084894 	278.706151201 	-72.0085078336 	37.3790474363 	2.39269933824 	-3.51753318031e-20
0.504 	0.328033472803 	1.44062597882e-19 	0.155059027 	0.000556353084894 	278.706151201 	-72.0085078336 	37.3790474363 	2.39269933824 	-3.51753318031e-20
0.504 	0.32949790795 	5.0560227007e-19 	0.155059027 	0.000556353084894 	278.706151201 	-72.0085078336 	37.3790474363 	2.39269933824 	-3.51753318031e-20
0.504 	0.330962343096 	5.77177725625e-19 	0.155093915602 	0.000556402314286 	278.744195737 	-71.731999795 	37.3927801597 	2.50896478972 	4.89432875703e-20
0.504 	0.332426778243 	1.85042520579e-19 	0.155093915602 	0.000556402314286 	278.744195737 	-71.731999795 	37.3927801597 	2.50896478972 	4.89432875703e-20
0.504 	0.333891213389 	-5.9802322373e-19 	0.155093915602 	0.000556402314286 	278.744195737 	-71.731999795 	37.3927801597 	2.50896478972 	4.89432875703e-20
0.504 	0.335355648536 	1.37289590834e-19 	0.154956730635 	0.000556202577439 	278.597649347 	-70.8312703998 	37.2983852199 	2.5793579487 	1.33258515988e-20
0.504 	0.336820083682 	4.69485761614e-19 	0.154956730635 	0.000556202577439 	278.597649347 	-70.8312703998 	37.2983852199 	2.5793579487 	1.33258515988e-20
