0.42 	0 	0 	2.57669414873 	2.8377610431e-05 	90800.2509583 	160.716071079 	8.26797432502 	-0.118277989849 	-1.70958845901e-19
0.42 	0.00146443514644 	-4.19434242394e-20 	10.5598179083 	0.00135627302262 	7785.90868664 	158.994873275 	13.1650736558 	-0.605735277509 	1.36606002665e-19
0.42 	0.00292887029289 	-8.82273611754e-20 	13.5548148172 	0.00194912000614 	6942.20653093 	157.286770608 	15.903509861 	-1.11886271565 	-6.66531783595e-21
0.42 	0.00439330543933 	-1.90935690334e-19 	13.7180931279 	0.00178267673976 	6889.35151518 	155.343270634 	19.2343577421 	-1.63398319056 	1.49471662867e-20
0.42 	0.00585774058577 	0 	11.4676853089 	0.00154881820375 	6326.49911855 	153.068297119 	22.1279754262 	-2.03549052466 	-2.54415086297e-20
0.42 	0.00732217573222 	6.93889390391e-19 	8.00154916389 	0.00127058794203 	5469.84268338 	149.964538048 	24.8971333387 	-2.40777348962 	5.10996199248e-20
0.42 	0.00878661087866 	0 	4.58152292388 	0.00102174447874 	4484.02024107 	145.953074867 	27.2041100825 	-2.72496995856 	-5.746407849e-20
0.42 	0.0102510460251 	0 	1.84691827208 	0.000589513331144 	3132.95420902 	141.118933513 	28.9068712677 	-2.96687181029 	6.67417931706e-20
0.42 	0.0117154811715 	-9.23936709259e-19 	0.593542374975 	0.000364510465366 	1628.32739076 	135.666168636 	29.6274202303 	-3.1019254962 	5.18105713156e-20
0.42 	0.013179916318 	1.56125112838e-18 	0.376125663605 	0.000361615589577 	1040.12568719 	131.398170187 	29.8060846357 	-3.16436507657 	3.88032952818e-21
0.42 	0.0146443514644 	9.83389526697e-19 	0.324737081387 	0.000418828287402 	775.346582729 	125.594091684 	29.9844262007 	-3.23549603365 	2.28496803776e-20
0.42 	0.0161087866109 	2.36384424502e-18 	0.319143099478 	0.000456653642696 	698.873434129 	119.779754255 	30.1802266924 	-3.11854452052 	-1.86930452785e-20
0.42 	0.0175732217573 	2.64903144091e-18 	0.317370970135 	0.000478124675269 	663.782872023 	115.439815458 	30.3246022381 	-3.16768212014 	1.32117543405e-20
0.42 	0.0190376569038 	2.01668718891e-18 	0.315090144758 	0.00049098524435 	641.750741766 	112.095672264 	30.432938082 	-3.37108324032 	1.61587023443e-20
0.42 	0.0205020920502 	1.76086057608e-18 	0.313750553725 	0.000505732531599 	620.388316196 	107.456192371 	30.5942676401 	-3.40818985473 	2.15412479562e-21
0.42 	0.0219665271967 	1.11022302463e-18 	0.312964392682 	0.000515425890827 	607.195715722 	104.325309747 	30.7036279066 	-3.43045417721 	2.29613084955e-21
0.42 	0.0234309623431 	-1.02197906774e-18 	0.312025919807 	0.000530431397113 	588.249341019 	99.5742498975 	30.8697730633 	-3.46000916858 	-7.46812537568e-22
0.42 	0.0248953974895 	-1.52655665886e-18 	0.311591747389 	0.000540915895951 	576.044722889 	96.3718556088 	30.9816915641 	-3.47708552175 	-1.13915984381e-21
0.42 	0.026359832636 	-8.95927837786e-19 	0.311264554707 	0.000557496145618 	558.325931316 	91.5185621333 	31.1509801364 	-3.49865717305 	-4.05429843453e-22
0.42 	0.0278242677824 	-1.52655665886e-18 	0.311279134309 	0.000569162631954 	546.907187565 	88.2517008094 	31.264642097 	-3.51028887267 	-3.76214689429e-22
0.42 	0.0292887029289 	-1.53024973564e-18 	0.311668616402 	0.000587643549803 	530.370181902 	83.3077171738 	31.436184338 	-3.52353057901 	-8.53307949552e-22
0.42 	0.0307531380753 	-1.5435510916e-18 	0.312175250872 	0.000600650438519 	519.728665548 	79.9846303252 	31.5511948203 	-3.52951393045 	5.13431969816e-21
0.42 	0.0322175732218 	-1.07967732192e-18 	0.312873060709 	0.000614227548996 	509.37647004 	76.6415471216 	31.6667038839 	-3.5331941123 	-3.1851374072e-21
0.42 	0.0336820083682 	-1.4224732503e-18 	0.313749404281 	0.000628386371518 	499.293776094 	73.2799480219 	31.7827069191 	-3.53455180392 	7.91737341837e-21
0.42 	0.0351464435146 	-1.97758476261e-18 	0.314784875767 	0.000643128791955 	489.458534131 	69.9013397199 	31.8992125235 	-3.53357245394 	-3.64233954144e-21
0.42 	0.0366108786611 	-8.67361737988e-19 	0.315952476143 	0.000658443036904 	479.847850816 	66.5072464003 	32.0162449097 	-3.53024722698 	6.15763882077e-22
0.42 	0.0380753138075 	-1.21430643318e-18 	0.31721702915 	0.00067430023145 	470.438855504 	63.0992002843 	32.1338433657 	-3.52457388485 	5.19401374268e-22
0.42 	0.039539748954 	6.99210532023e-19 	0.318535531302 	0.000690652204286 	461.209751196 	59.6787327751 	32.2520585306 	-3.51655736515 	-2.19408787242e-20
0.42 	0.0410041841004 	1.21171455672e-18 	0.319858448997 	0.000707431084426 	452.140789455 	56.2473663183 	32.3709466844 	-3.50620972871 	6.27317061169e-21
0.42 	0.0424686192469 	1.4802863372e-18 	0.322723917405 	0.00072900969864 	442.688098673 	53.1260437706 	32.4806280238 	-3.38174359733 	4.31420173595e-21
0.42 	0.0439330543933 	1.56206810969e-19 	0.323321603542 	0.000737668507838 	438.302028766 	51.4304362053 	32.5398220267 	-3.3758229836 	-3.75361676665e-20
0.42 	0.0453974895397 	0 	0.322821796566 	0.000750638709271 	430.062815278 	47.6311276319 	32.6714242071 	-3.47027284019 	-1.30633122086e-20
0.42 	0.0468619246862 	1.09452213041e-18 	0.323719559064 	0.00076813215171 	421.437324741 	44.1733911625 	32.7929624195 	-3.45193699715 	2.08264427599e-21
0.42 	0.0483263598326 	8.67361737988e-19 	0.324079576439 	0.000776862508401 	417.164650031 	42.4428473564 	32.8540070238 	-3.4419342049 	-2.90349411092e-21
0.42 	0.0497907949791 	2.06736125547e-19 	0.326113372234 	0.000798573681175 	408.369797205 	39.5073365184 	32.9603030396 	-3.31850554635 	4.06450524171e-20
0.42 	0.0512552301255 	8.49564964491e-19 	0.324792278805 	0.000811304062467 	400.333603431 	35.513765446 	33.0997974181 	-3.39644310057 	-3.98840436477e-22
0.42 	0.052719665272 	-2.56739074445e-18 	0.324763503575 	0.000819714230829 	396.191125347 	33.7806854245 	33.1615859703 	-3.38371907174 	5.23624759682e-21
0.42 	0.0541841004184 	4.19843321373e-19 	0.324426576233 	0.000836179108973 	387.986942931 	30.3148498635 	33.2854731815 	-3.35667542452 	5.6385038383e-21
0.42 	0.0556485355649 	0 	0.32411035609 	0.00084419929438 	383.926352755 	28.5824696043 	33.347541806 	-3.34236303153 	-7.60152075271e-21
0.42 	0.0571129707113 	-1.93365610013e-19 	0.323162577142 	0.000859722938285 	375.891537554 	25.1197369338 	33.4718550829 	-3.31217456382 	1.09115925064e-20
0.42 	0.0585774058577 	0 	0.322522741764 	0.00086718606509 	371.918732032 	23.3897719481 	33.5340718145 	-3.29630521814 	-1.01403247777e-20
0.42 	0.0600418410042 	8.67361737988e-19 	0.321766226856 	0.000874420368373 	367.976591687 	21.6610028619 	33.5963115486 	-3.27992352781 	9.29112281409e-21
0.42 	0.0615062761506 	-7.85735002735e-19 	0.321048979219 	0.000891638446493 	360.06632563 	18.9931965593 	33.6980243001 	-3.15833110667 	-2.51296168859e-20
0.42 	0.0629707112971 	-5.36978632439e-19 	0.319862629544 	0.000897902998815 	356.232944947 	17.2878639786 	33.7598679151 	-3.14160847811 	5.00384047061e-21
0.42 	0.0644351464435 	8.67361737988e-19 	0.317457220319 	0.000900518648692 	352.527091782 	14.7619249029 	33.8452965852 	-3.20933903636 	-2.91193658012e-21
0.42 	0.06589958159 	9.29977019307e-19 	0.315391112351 	0.000914367391355 	344.928215215 	12.182310887 	33.945427744 	-3.08844128561 	9.30789417205e-21
0.42 	0.0673640167364 	2.42861286637e-19 	0.312654365015 	0.000916102758941 	341.287439606 	9.61025290837 	34.031903123 	-3.15119073808 	-6.09026011348e-22
0.42 	0.0688284518828 	2.77555756156e-19 	0.310698216675 	0.00092029073352 	337.608763577 	7.89847974846 	34.0940897528 	-3.13083966669 	-2.75908514347e-21
0.42 	0.0702928870293 	-1.58297205558e-19 	0.306176563255 	0.000926810129133 	330.35521908 	4.48440847387 	34.2185453639 	-3.08872763974 	-1.24366831204e-21
0.42 	0.0717573221757 	1.22993306394e-20 	0.303584161536 	0.000929014081023 	326.781011975 	2.78253318117 	34.2808837643 	-3.06698758502 	4.76227476729e-22
0.42 	0.0732217573222 	0 	0.300753092111 	0.000930426762806 	323.242090763 	1.08436822872 	34.3433547428 	-3.04480863684 	4.72142914472e-22
0.42 	0.0746861924686 	6.86050334991e-19 	0.298160943951 	0.000932525374607 	319.734939199 	0.358273290063 	34.379954377 	-2.94769111549 	-9.72184725675e-22
0.42 	0.0761506276151 	7.20642133916e-19 	0.294741154004 	0.000931916957406 	316.274053886 	-1.31763386615 	34.4426458337 	-2.9258235478 	-9.13371248377e-22
0.42 	0.0776150627615 	2.11200734369e-18 	0.286845840881 	0.000926994155523 	309.436514968 	-5.6674894329 	34.5950776242 	-2.95193390429 	-5.10377945492e-22
0.42 	0.0790794979079 	-5.520340582e-19 	0.282711809891 	0.000923673584892 	306.073286619 	-7.34436926663 	34.6583182871 	-2.92768856172 	-3.80885374337e-21
0.42 	0.0805439330544 	-4.89150420238e-19 	0.278334221183 	0.000919360177385 	302.747745693 	-9.01643590061 	34.7214745225 	-2.9030091057 	4.23724725855e-21
0.42 	0.0820083682008 	3.57683253109e-19 	0.273737022113 	0.000914094293516 	299.462565355 	-10.6834561378 	34.7843837074 	-2.87787011459 	-3.44593482872e-22
0.42 	0.0834728033473 	3.88101479188e-19 	0.268951452008 	0.000907942027489 	296.220952291 	-12.3451570957 	34.8468781384 	-2.8522431523 	-7.21947465507e-21
0.42 	0.0849372384937 	-1.97758476261e-18 	0.264014184874 	0.000900991699174 	293.026212246 	-14.0012248422 	34.9088074985 	-2.82610141232 	5.92209736065e-21
0.42 	0.0864016736402 	1.11022302463e-18 	0.258965046954 	0.000893348465085 	289.881336427 	-15.651309045 	34.9700574286 	-2.79942368863 	-2.56305380802e-21
0.42 	0.0878661087866 	-5.20417042793e-19 	0.253844680213 	0.000885127870556 	286.788710035 	-17.295031884 	35.0305601511 	-2.77219657264 	-6.11082235291e-22
0.42 	0.0893305439331 	1.11022302463e-18 	0.248692456709 	0.000876449196092 	283.74999694 	-18.9319984184 	35.090295285 	-2.74441445077 	2.72653658809e-21
0.42 	0.0907949790795 	-7.6327832943e-19 	0.243544845058 	0.000867429348742 	280.766203509 	-20.5618055637 	35.149281534 	-2.71607763747 	1.26682322559e-21
0.42 	0.0922594142259 	-5.55111512313e-19 	0.238434256492 	0.000858177806231 	277.837826568 	-22.1840483865 	35.2075622524 	-2.68718956059 	1.14251741058e-21
0.42 	0.0937238493724 	-5.55111512313e-19 	0.23338843534 	0.000848793022632 	274.965072894 	-23.7983234219 	35.2651894078 	-2.65775402494 	1.61215348902e-21
0.42 	0.0951882845188 	-5.55111512313e-19 	0.228430292052 	0.000839360329416 	272.148068054 	-25.4042293267 	35.3222103334 	-2.62777338244 	-3.92529083701e-21
0.42 	0.0966527196653 	-5.55111512313e-19 	0.223578070357 	0.000829951184728 	269.38701272 	-27.0013658707 	35.3786599868 	-2.59724786907 	1.22457464836e-21
0.42 	0.0981171548117 	-8.67361737988e-19 	0.218845725157 	0.000820623484594 	266.682259606 	-28.5893322364 	35.4345590562 	-2.56617579522 	5.85236185911e-21
0.42 	0.0995815899582 	-4.3865587269e-19 	0.214243360414 	0.000811422518919 	264.034279821 	-30.1677252578 	35.4899162112 	-2.53455422521 	-3.72770020715e-21
0.42 	0.101046025105 	9.9083184038e-19 	0.209777705864 	0.000802382354724 	261.443568181 	-31.7361382013 	35.5447320523 	-2.50237972974 	-4.48446759022e-21
0.42 	0.102510460251 	-3.52940066569e-19 	0.205452637694 	0.000793527501399 	258.910544791 	-33.294160828 	35.5990028117 	-2.46964889815 	-7.72642646708e-21
0.42 	0.103974895397 	-6.62316518886e-19 	0.201269710583 	0.000784874670296 	256.435477153 	-34.8413799945 	35.6527228464 	-2.43635860031 	1.07090234004e-20
0.42 	0.105439330544 	-1.22972820534e-18 	0.197228676277 	0.000776434483976 	254.018439865 	-36.3773805804 	35.7058858698 	-2.40250607504 	-4.83019419387e-21
0.42 	0.10690376569 	-1.56125112838e-18 	0.197228676277 	0.000776434483976 	254.018439865 	-36.3773805804 	35.7058858698 	-2.40250607504 	-4.83019419387e-21
0.42 	0.108368200837 	7.08140757982e-20 	0.193277642376 	0.000767586806427 	251.799067881 	-36.7098090414 	35.7283798017 	-2.31862305858 	1.72669664172e-20
0.42 	0.109832635983 	0 	0.18956508895 	0.000760213154037 	249.357812271 	-39.4140631468 	35.8105146665 	-2.3331050096 	-4.53330334318e-21
0.42 	0.11129707113 	0 	0.185937011986 	0.000752435573517 	247.11353175 	-40.9139149273 	35.8619668809 	-2.29755251539 	1.10142369653e-20
0.42 	0.112761506276 	3.10908910968e-19 	0.182440343772 	0.000744879542234 	244.925969137 	-42.4008880757 	35.9128349022 	-2.26142982901 	-7.34494180128e-21
0.42 	0.114225941423 	3.36895657599e-19 	0.179071508998 	0.000737543374667 	242.794546258 	-43.8745694839 	35.963111408 	-2.22473557106 	-8.51088680112e-21
0.42 	0.115690376569 	-7.76737602133e-20 	0.175826863106 	0.000730424801576 	240.718637603 	-45.3345477755 	36.0127889018 	-2.187468621 	4.15508844348e-22
0.42 	0.117154811715 	0 	0.175826863106 	0.000730424801576 	240.718637603 	-45.3345477755 	36.0127889018 	-2.187468621 	4.15508844348e-22
0.42 	0.118619246862 	1.73472347598e-19 	0.17270276401 	0.000723521197557 	238.697587013 	-46.7804138451 	36.0618597666 	-2.1496280693 	1.76345505485e-21
0.42 	0.120083682008 	5.18326443624e-19 	0.169695578854 	0.000716829638005 	236.730695632 	-48.2117615844 	36.1103163062 	-2.11121323251 	1.36709698151e-20
0.42 	0.121548117155 	-1.77615413625e-20 	0.166844241539 	0.000709953392366 	235.007316442 	-48.4044993314 	36.127315106 	-2.03070449638 	-7.18680694171e-20
0.42 	0.123012552301 	5.14058129865e-19 	0.164017767291 	0.00070407025764 	232.956534538 	-51.0292990801 	36.2053553776 	-2.03265907347 	-6.45184484443e-21
0.42 	0.124476987448 	0 	0.164017767291 	0.00070407025764 	232.956534538 	-51.0292990801 	36.2053553776 	-2.03265907347 	-6.45184484443e-21
0.42 	0.125941422594 	1.73472347598e-19 	0.161340237039 	0.000697995990858 	231.147799059 	-52.4146999729 	36.2519223292 	-1.99251932373 	-6.3243069614e-21
0.42 	0.127405857741 	3.48354558308e-19 	0.158765803293 	0.000692120880174 	229.39028115 	-53.7840057563 	36.2978438483 	-1.95180441192 	7.04190217034e-21
0.42 	0.128870292887 	4.00081558052e-19 	0.156291199653 	0.00068644149725 	227.683204293 	-55.1368368423 	36.343112262 	-1.91051444393 	1.19775265382e-20
0.42 	0.130334728033 	0 	0.156291199653 	0.00068644149725 	227.683204293 	-55.1368368423 	36.343112262 	-1.91051444393 	1.19775265382e-20
0.42 	0.13179916318 	-3.81639164715e-19 	0.153913234364 	0.000680954347503 	226.025775338 	-56.4728202677 	36.3877200892 	-1.86864958939 	-6.03931841828e-21
0.42 	0.133263598326 	-6.66523355574e-19 	0.151628786365 	0.000675655867626 	224.417182815 	-57.7915901025 	36.4316601041 	-1.82621010048 	-1.19555092135e-20
0.42 	0.134728033473 	-1.14667178547e-18 	0.149434799552 	0.00067054241791 	222.856594244 	-59.0927880319 	36.4749253442 	-1.7831963146 	-6.83730234384e-21
0.42 	0.136192468619 	-6.93889390391e-20 	0.149434799552 	0.00067054241791 	222.856594244 	-59.0927880319 	36.4749253442 	-1.7831963146 	-6.83730234384e-21
0.42 	0.137656903766 	5.00208760172e-19 	0.14732828937 	0.000665610303727 	221.343162126 	-60.3760643436 	36.5175090341 	-1.7396086577 	2.46345277555e-20
0.42 	0.139121338912 	-6.7695878289e-20 	0.145418089959 	0.000660667983137 	220.107669314 	-60.4052950309 	36.5282654565 	-1.6622049602 	4.06630995015e-21
0.42 	0.140585774059 	-5.10121725587e-20 	0.145418089959 	0.000660667983137 	220.107669314 	-60.4052950309 	36.5282654565 	-1.6622049602 	4.06630995015e-21
0.42 	0.142050209205 	1.35308431126e-18 	0.143366143106 	0.000656275134878 	218.454327289 	-62.8875017517 	36.6006049181 	-1.65071373156 	-6.38344912115e-21
0.42 	0.143514644351 	-7.18228529698e-19 	0.141504956272 	0.000651864639285 	217.077208586 	-64.1150147997 	36.6411037021 	-1.6054073545 	3.20530357683e-20
0.42 	0.144979079498 	3.55119298045e-19 	0.141627918026 	0.000651714133397 	217.316014443 	-62.8794312147 	36.6099653712 	-1.57389675942 	1.15924426928e-19
0.42 	0.146443514644 	0 	0.139720151453 	0.000647620633246 	215.743823282 	-65.3233114538 	36.680894319 	-1.55952876717 	-3.06652228283e-20
0.42 	0.147907949791 	-1.48362015214e-19 	0.138009175738 	0.000643539462031 	214.453322416 	-66.5120973448 	36.7199706725 	-1.51307803916 	-1.61632832672e-20
0.42 	0.149372384937 	0 	0.138009175738 	0.000643539462031 	214.453322416 	-66.5120973448 	36.7199706725 	-1.51307803916 	-1.61632832672e-20
0.42 	0.150836820084 	2.42861286637e-19 	0.136369542049 	0.000639617451774 	213.204848727 	-67.6810905113 	36.7583272092 	-1.46605502269 	1.58679356178e-20
0.42 	0.15230125523 	-6.60574506954e-19 	0.134798839083 	0.000635850941313 	211.997545847 	-68.8300211708 	36.7959588959 	-1.41845936906 	2.84384567691e-20
0.42 	0.153765690377 	-3.12250225676e-19 	0.134798839083 	0.000635850941313 	211.997545847 	-68.8300211708 	36.7959588959 	-1.41845936906 	2.84384567691e-20
0.42 	0.155230125523 	-1.81834343868e-20 	0.133294700652 	0.000632236217323 	210.830536119 	-69.9586319526 	36.8328610951 	-1.37029052866 	-5.65626530386e-21
0.42 	0.156694560669 	-2.25800307588e-19 	0.131854831769 	0.000628769579203 	209.70294386 	-71.0666788472 	36.8690294484 	-1.32154771422 	-4.23721419509e-21
0.42 	0.158158995816 	0 	0.131854831769 	0.000628769579203 	209.70294386 	-71.0666788472 	36.8690294484 	-1.32154771422 	-4.23721419509e-21
0.42 	0.159623430962 	5.29475956667e-19 	0.130477024401 	0.000625447393816 	208.613906927 	-72.1539320052 	36.9044598122 	-1.27222983295 	-1.03165701131e-20
0.42 	0.161087866109 	-5.55111512313e-19 	0.130477024401 	0.000625447393816 	208.613906927 	-72.1539320052 	36.9044598122 	-1.27222983295 	-1.03165701131e-20
0.42 	0.162552301255 	-5.55111512313e-19 	0.129159135071 	0.00062226605178 	207.562560583 	-73.2201761089 	36.9391482756 	-1.22233539855 	-3.52921468608e-20
0.42 	0.164016736402 	-5.89650322023e-19 	0.127899106765 	0.000619222022201 	206.548058983 	-74.2652112009 	36.9730912061 	-1.17186246524 	5.16116167298e-20
0.42 	0.165481171548 	-2.28983498829e-18 	0.127899106765 	0.000619222022201 	206.548058983 	-74.2652112009 	36.9730912061 	-1.17186246524 	5.16116167298e-20
0.42 	0.166945606695 	6.5287493268e-19 	0.126694967335 	0.000616311860302 	205.569575235 	-75.2888522395 	37.0062852793 	-1.12080851551 	-4.19760813394e-20
0.42 	0.168410041841 	-5.55111512313e-19 	0.126694967335 	0.000616311860302 	205.569575235 	-75.2888522395 	37.0062852793 	-1.12080851551 	-4.19760813394e-20
0.42 	0.169874476987 	0 	0.125544809857 	0.000613532159126 	204.626290553 	-76.2909295559 	37.038727525 	-1.06917046527 	5.32832084477e-20
0.42 	0.171338912134 	-1.65269636576e-19 	0.124446800635 	0.000610879556543 	203.717409269 	-77.2712876479 	37.0704153623 	-1.01694449061 	-4.01743247571e-20
0.42 	0.17280334728 	-5.55111512313e-19 	0.124446800635 	0.000610879556543 	203.717409269 	-77.2712876479 	37.0704153623 	-1.01694449061 	-4.01743247571e-20
0.42 	0.174267782427 	-1.44912540229e-19 	0.123399180034 	0.000608350833077 	202.84213208 	-78.2297872548 	37.1013466186 	-0.964126168408 	1.10604806728e-20
0.42 	0.175732217573 	0 	0.123399180034 	0.000608350833077 	202.84213208 	-78.2297872548 	37.1013466186 	-0.964126168408 	1.10604806728e-20
0.42 	0.17719665272 	-8.27926292474e-19 	0.122400251952 	0.000605942809944 	201.999677104 	-79.1663016069 	37.1315194936 	-0.910710116051 	-1.79254414558e-20
0.42 	0.178661087866 	3.12250225676e-19 	0.122400251952 	0.000605942809944 	201.999677104 	-79.1663016069 	37.1315194936 	-0.910710116051 	-1.79254414558e-20
0.42 	0.180125523013 	-1.4224732503e-18 	0.121448394675 	0.000603652404194 	201.189283487 	-80.0807225495 	37.1609325098 	-0.85669045261 	1.65368980161e-20
0.42 	0.181589958159 	-3.6522240223e-19 	0.120542058299 	0.000601476632947 	200.410209966 	-80.9729505878 	37.1895844191 	-0.802059833785 	-2.27029869888e-21
0.42 	0.183054393305 	1.11022302463e-18 	0.120542058299 	0.000601476632947 	200.410209966 	-80.9729505878 	37.1895844191 	-0.802059833785 	-2.27029869888e-21
0.42 	0.184518828452 	5.34600094894e-19 	0.119679772729 	0.000599412644019 	199.661742079 	-81.8429108874 	37.2174742628 	-0.746810841001 	-2.88239953058e-20
0.42 	0.185983263598 	0 	0.119679772729 	0.000599412644019 	199.661742079 	-81.8429108874 	37.2174742628 	-0.746810841001 	-2.88239953058e-20
0.42 	0.187447698745 	8.30479541039e-19 	0.118860135352 	0.000597457689033 	198.943184654 	-82.6905264181 	37.244601293 	-0.690933493402 	3.62981563541e-20
0.42 	0.188912133891 	8.67361737988e-19 	0.118860135352 	0.000597457689033 	198.943184654 	-82.6905264181 	37.244601293 	-0.690933493402 	3.62981563541e-20
0.42 	0.190376569038 	-5.87887901428e-19 	0.118081828311 	0.000595609175296 	198.253877222 	-83.5157604125 	37.2709651273 	-0.634419068216 	-1.25953057646e-20
0.42 	0.191841004184 	-2.42861286637e-19 	0.118081828311 	0.000595609175296 	198.253877222 	-83.5157604125 	37.2709651273 	-0.634419068216 	-1.25953057646e-20
0.42 	0.193305439331 	4.16734011952e-19 	0.117343591741 	0.000593864596201 	197.593176107 	-84.3185476067 	37.2965653822 	-0.577253732843 	-3.85825026389e-21
0.42 	0.194769874477 	0 	0.117343591741 	0.000593864596201 	197.593176107 	-84.3185476067 	37.2965653822 	-0.577253732843 	-3.85825026389e-21
0.42 	0.196234309623 	-9.78915235954e-20 	0.116644265732 	0.000592221652103 	196.960488219 	-85.0989008944 	37.3214020553 	-0.51942840202 	-2.41972326297e-20
0.42 	0.19769874477 	0 	0.116644265732 	0.000592221652103 	196.960488219 	-85.0989008944 	37.3214020553 	-0.51942840202 	-2.41972326297e-20
0.42 	0.199163179916 	-2.62676155019e-19 	0.115982725598 	0.000590678073698 	196.355224212 	-85.8567435615 	37.3454747426 	-0.460922928292 	-1.10697441218e-20
0.42 	0.200627615063 	0 	0.115982725598 	0.000590678073698 	196.355224212 	-85.8567435615 	37.3454747426 	-0.460922928292 	-1.10697441218e-20
0.42 	0.202092050209 	-1.25399483232e-19 	0.115357983584 	0.000589231911552 	195.77687719 	-86.5921675399 	37.3687837961 	-0.401730624398 	7.47151521784e-20
0.42 	0.203556485356 	0 	0.115357983584 	0.000589231911552 	195.77687719 	-86.5921675399 	37.3687837961 	-0.401730624398 	7.47151521784e-20
0.42 	0.205020920502 	-2.23899030033e-19 	0.114769028877 	0.000587881091243 	195.224902767 	-87.3050293934 	37.3913285707 	-0.341819484319 	-3.38223802331e-20
0.42 	0.206485355649 	-1.73472347598e-19 	0.114769028877 	0.000587881091243 	195.224902767 	-87.3050293934 	37.3913285707 	-0.341819484319 	-3.38223802331e-20
0.42 	0.207949790795 	-1.13070535112e-18 	0.114215076203 	0.000586624119384 	194.698909283 	-87.9955758201 	37.4131101958 	-0.281192697853 	-4.42996342271e-20
0.42 	0.209414225941 	7.49872779158e-19 	0.114402089764 	0.00058673567732 	194.980626176 	-86.7982499332 	37.3828725249 	-0.26750160511 	-2.59817171298e-19
0.42 	0.210878661088 	-4.60644065068e-19 	0.11369518222 	0.000585459003732 	194.198366572 	-88.6634690717 	37.4341271088 	-0.219793863436 	4.52886408897e-20
0.42 	0.212343096234 	-5.55111512313e-19 	0.11369518222 	0.000585459003732 	194.198366572 	-88.6634690717 	37.4341271088 	-0.219793863436 	4.52886408897e-20
0.42 	0.213807531381 	-5.03619172289e-19 	0.113208842918 	0.000584384952194 	193.723063014 	-89.3092871025 	37.4543817939 	-0.157653794601 	3.67273225645e-20
0.42 	0.215271966527 	9.1566850483e-20 	0.113397323904 	0.000584505368063 	194.00561586 	-88.1129140535 	37.424164756 	-0.145067420908 	-1.39525878681e-19
0.42 	0.216736401674 	-6.30283272309e-20 	0.112944199424 	0.000583524199055 	193.555296605 	-88.7359393516 	37.4436529758 	-0.082613910547 	1.131596253e-20
0.42 	0.21820083682 	-1.4224732503e-18 	0.112755088365 	0.000583399803137 	193.272414147 	-89.9322240628 	37.4738698813 	-0.0946639113125 	-3.07006916587e-20
0.42 	0.219665271967 	7.57845292947e-21 	0.112333870081 	0.000582503985317 	192.846526226 	-90.5335896531 	37.4925968848 	-0.030923172601 	-8.15826594818e-21
0.42 	0.221129707113 	0 	0.112333870081 	0.000582503985317 	192.846526226 	-90.5335896531 	37.4925968848 	-0.030923172601 	-8.15826594818e-21
0.42 	0.222594142259 	-6.48356048315e-19 	0.112134157188 	0.000581826060346 	192.727972896 	-89.9142677985 	37.480307422 	0.0448026993798 	-9.0967610555e-20
0.42 	0.224058577406 	9.6548122325e-19 	0.112134157188 	0.000581826060346 	192.727972896 	-89.9142677985 	37.480307422 	0.0448026993798 	-9.0967610555e-20
0.42 	0.225523012552 	-9.6345908403e-21 	0.111586144585 	0.000580974148424 	192.067314677 	-91.6688727272 	37.5277485348 	0.0992221315806 	4.68865426545e-20
0.42 	0.226987447699 	-2.05919320773e-20 	0.111586144585 	0.000580974148424 	192.067314677 	-91.6688727272 	37.5277485348 	0.0992221315806 	4.68865426545e-20
0.42 	0.228451882845 	0 	0.111586144585 	0.000580974148424 	192.067314677 	-91.6688727272 	37.5277485348 	0.0992221315806 	4.68865426545e-20
0.42 	0.229916317992 	2.13631678446e-19 	0.11125843368 	0.000580337629572 	191.713285527 	-92.2014670995 	37.5441618814 	0.165838998767 	-8.21772817197e-20
0.42 	0.231380753138 	0 	0.11125843368 	0.000580337629572 	191.713285527 	-92.2014670995 	37.5441618814 	0.165838998767 	-8.21772817197e-20
0.42 	0.232845188285 	-4.04090325444e-19 	0.110963161033 	0.000579792113947 	191.384391688 	-92.7155836595 	37.5598227806 	0.233038428938 	9.0293094758e-20
0.42 	0.234309623431 	0 	0.110963161033 	0.000579792113947 	191.384391688 	-92.7155836595 	37.5598227806 	0.233038428938 	9.0293094758e-20
0.42 	0.235774058577 	-8.98306795627e-19 	0.110696586873 	0.000579327203238 	191.077833483 	-93.2021350621 	37.5746783289 	0.301803813021 	-6.28544830067e-20
0.42 	0.237238493724 	1.11022302463e-18 	0.110696586873 	0.000579327203238 	191.077833483 	-93.2021350621 	37.5746783289 	0.301803813021 	-6.28544830067e-20
0.42 	0.23870292887 	5.52383361145e-19 	0.110464079909 	0.000578958769785 	190.797835139 	-93.6742013078 	37.5887955094 	0.370813967145 	-6.36480369556e-21
0.42 	0.240167364017 	-1.18875389833e-18 	0.110464079909 	0.000578958769785 	190.797835139 	-93.6742013078 	37.5887955094 	0.370813967145 	-6.36480369556e-21
0.42 	0.241631799163 	4.26798768209e-19 	0.110656167615 	0.000579103947749 	191.081701386 	-92.4663808884 	37.558276152 	0.379417337173 	9.58308051377e-20
0.42 	0.24309623431 	2.52049247267e-19 	0.110258118012 	0.000578665339045 	190.53865952 	-94.1132192338 	37.6020668496 	0.44208242311 	-4.39479885564e-20
0.42 	0.244560669456 	0 	0.110258118012 	0.000578665339045 	190.53865952 	-94.1132192338 	37.6020668496 	0.44208242311 	-4.39479885564e-20
0.42 	0.246025104603 	-8.24945987213e-19 	0.110089979199 	0.000578479839856 	190.309102607 	-94.545250961 	37.6146286825 	0.512863851714 	5.36287342739e-20
0.42 	0.247489539749 	1.97758476261e-18 	0.110089979199 	0.000578479839856 	190.309102607 	-94.545250961 	37.6146286825 	0.512863851714 	5.36287342739e-20
0.42 	0.248953974895 	0 	0.110089979199 	0.000578479839856 	190.309102607 	-94.545250961 	37.6146286825 	0.512863851714 	5.36287342739e-20
0.42 	0.250418410042 	-1.54311952369e-18 	0.109944478252 	0.000578358356011 	190.097501159 	-94.9339950825 	37.6262789831 	0.587161233316 	3.44999989535e-20
0.42 	0.251882845188 	0 	0.109944478252 	0.000578358356011 	190.097501159 	-94.9339950825 	37.6262789831 	0.587161233316 	3.44999989535e-20
0.42 	0.253347280335 	7.23958593009e-19 	0.109844153724 	0.000578366403971 	189.921394067 	-95.3292259053 	37.6372675832 	0.659525061473 	-4.13023374855e-20
0.42 	0.254811715481 	0 	0.109844153724 	0.000578366403971 	189.921394067 	-95.3292259053 	37.6372675832 	0.659525061473 	-4.13023374855e-20
0.42 	0.256276150628 	0 	0.109844153724 	0.000578366403971 	189.921394067 	-95.3292259053 	37.6372675832 	0.659525061473 	-4.13023374855e-20
0.42 	0.257740585774 	3.86392864155e-20 	0.109759045139 	0.000578416750716 	189.75772227 	-95.6631089218 	37.647237597 	0.737639075202 	-5.81171548252e-21
0.42 	0.259205020921 	0 	0.109759045139 	0.000578416750716 	189.75772227 	-95.6631089218 	37.647237597 	0.737639075202 	-5.81171548252e-21
0.42 	0.260669456067 	-6.30177253095e-19 	0.109732530414 	0.000578635231292 	189.640250851 	-96.0265162967 	37.6566201248 	0.811149741144 	-3.35027074461e-20
0.42 	0.262133891213 	1.11022302463e-18 	0.109732530414 	0.000578635231292 	189.640250851 	-96.0265162967 	37.6566201248 	0.811149741144 	-3.35027074461e-20
0.42 	0.26359832636 	-1.14491749414e-18 	0.109732530414 	0.000578635231292 	189.640250851 	-96.0265162967 	37.6566201248 	0.811149741144 	-3.35027074461e-20
0.42 	0.265062761506 	3.04307760472e-19 	0.109707220338 	0.000578854058808 	189.52483561 	-96.2983977686 	37.6648435994 	0.894254328458 	1.18427592328e-19
0.42 	0.266527196653 	2.77555756156e-19 	0.109707220338 	0.000578854058808 	189.52483561 	-96.2983977686 	37.6648435994 	0.894254328458 	1.18427592328e-19
0.42 	0.267991631799 	-3.07079012407e-20 	0.109764018436 	0.000579307468369 	189.474544053 	-96.6372788645 	37.6725735579 	0.968089902437 	-8.25182190658e-20
0.42 	0.269456066946 	0 	0.109764018436 	0.000579307468369 	189.474544053 	-96.6372788645 	37.6725735579 	0.968089902437 	-8.25182190658e-20
0.42 	0.270920502092 	-8.67361737988e-19 	0.109764018436 	0.000579307468369 	189.474544053 	-96.6372788645 	37.6725735579 	0.968089902437 	-8.25182190658e-20
0.42 	0.272384937238 	1.12006044183e-19 	0.109796442051 	0.000579683157876 	189.407679969 	-96.8367801159 	37.6789815836 	1.05790781248 	5.33573098749e-20
0.42 	0.273849372385 	0 	0.109796442051 	0.000579683157876 	189.407679969 	-96.8367801159 	37.6789815836 	1.05790781248 	5.33573098749e-20
0.42 	0.275313807531 	3.70751989263e-19 	0.109950909984 	0.000580403508823 	189.438741001 	-97.1611434194 	37.684962489 	1.13069096775 	-3.18029852373e-20
0.42 	0.276778242678 	4.05676890218e-19 	0.109950909984 	0.000580403508823 	189.438741001 	-97.1611434194 	37.684962489 	1.13069096775 	-3.18029852373e-20
0.42 	0.278242677824 	0 	0.109950909984 	0.000580403508823 	189.438741001 	-97.1611434194 	37.684962489 	1.13069096775 	-3.18029852373e-20
0.42 	0.279707112971 	1.07448114096e-18 	0.110035071789 	0.000580902251949 	189.420976455 	-97.2743139874 	37.6895085786 	1.22968700774 	8.82380063955e-21
0.42 	0.281171548117 	-5.55111512313e-19 	0.110035071789 	0.000580902251949 	189.420976455 	-97.2743139874 	37.6895085786 	1.22968700774 	8.82380063955e-21
0.42 	0.282635983264 	0 	0.110035071789 	0.000580902251949 	189.420976455 	-97.2743139874 	37.6895085786 	1.22968700774 	8.82380063955e-21
0.42 	0.28410041841 	-1.26638343751e-19 	0.110304868556 	0.000581911506785 	189.5560876 	-97.5964733636 	37.6935454244 	1.29930909623 	4.58107854282e-20
0.42 	0.285564853556 	0 	0.110304868556 	0.000581911506785 	189.5560876 	-97.5964733636 	37.6935454244 	1.29930909623 	4.58107854282e-20
0.42 	0.287029288703 	-1.74154944897e-19 	0.110417019145 	0.000582413217584 	189.585359349 	-97.6068756033 	37.6962618227 	1.41084713119 	-1.76743221334e-20
0.42 	0.288493723849 	3.58187631017e-19 	0.110417019145 	0.000582413217584 	189.585359349 	-97.6068756033 	37.6962618227 	1.41084713119 	-1.76743221334e-20
0.42 	0.289958158996 	0 	0.110417019145 	0.000582413217584 	189.585359349 	-97.6068756033 	37.6962618227 	1.41084713119 	-1.76743221334e-20
0.42 	0.291422594142 	-2.59586781899e-19 	0.110790124443 	0.000583579187938 	189.845914201 	-97.9390362658 	37.6978947372 	1.47437624052 	-5.11141095749e-20
0.42 	0.292887029289 	-6.67350824542e-19 	0.110790124443 	0.000583579187938 	189.845914201 	-97.9390362658 	37.6978947372 	1.47437624052 	-5.11141095749e-20
0.42 	0.294351464435 	0 	0.110790124443 	0.000583579187938 	189.845914201 	-97.9390362658 	37.6978947372 	1.47437624052 	-5.11141095749e-20
0.42 	0.295815899582 	3.34637900556e-19 	0.110795432296 	0.000583519363857 	189.874474025 	-97.8312305531 	37.6988888969 	1.60272927508 	-2.49623616229e-20
0.42 	0.297280334728 	2.16781743583e-19 	0.110795432296 	0.000583519363857 	189.874474025 	-97.8312305531 	37.6988888969 	1.60272927508 	-2.49623616229e-20
0.42 	0.298744769874 	0 	0.110795432296 	0.000583519363857 	189.874474025 	-97.8312305531 	37.6988888969 	1.60272927508 	-2.49623616229e-20
0.42 	0.300209205021 	-2.6506116058e-19 	0.111026429961 	0.000583798820654 	190.179263871 	-98.1802732715 	37.6971048858 	1.65651154452 	4.19205648362e-20
0.42 	0.301673640167 	-5.55111512313e-19 	0.111026429961 	0.000583798820654 	190.179263871 	-98.1802732715 	37.6971048858 	1.65651154452 	4.19205648362e-20
0.42 	0.303138075314 	0 	0.111026429961 	0.000583798820654 	190.179263871 	-98.1802732715 	37.6971048858 	1.65651154452 	4.19205648362e-20
0.42 	0.30460251046 	-1.55569153253e-18 	0.109937154419 	0.000579775044388 	189.620363075 	-97.9383396041 	37.6967815185 	1.80666311679 	-2.43404253451e-20
0.42 	0.306066945607 	1.04083408559e-19 	0.109937154419 	0.000579775044388 	189.620363075 	-97.9383396041 	37.6967815185 	1.80666311679 	-2.43404253451e-20
0.42 	0.307531380753 	1.04083408559e-19 	0.109937154419 	0.000579775044388 	189.620363075 	-97.9383396041 	37.6967815185 	1.80666311679 	-2.43404253451e-20
0.42 	0.3089958159 	8.68868545685e-19 	0.10929686099 	0.000576092454166 	189.721042516 	-98.3045554897 	37.6911785188 	1.84671298755 	3.19411825637e-20
0.42 	0.310460251046 	0 	0.10929686099 	0.000576092454166 	189.721042516 	-98.3045554897 	37.6911785188 	1.84671298755 	3.19411825637e-20
0.42 	0.311924686192 	0 	0.10929686099 	0.000576092454166 	189.721042516 	-98.3045554897 	37.6911785188 	1.84671298755 	3.19411825637e-20
0.42 	0.313389121339 	-1.55863268809e-19 	0.107860522841 	0.000568652207949 	189.677488865 	-97.942638712 	37.6910808829 	2.02382039163 	-5.8721166046e-20
0.42 	0.314853556485 	-1.38777878078e-19 	0.107860522841 	0.000568652207949 	189.677488865 	-97.942638712 	37.6910808829 	2.02382039163 	-5.8721166046e-20
0.42 	0.316317991632 	-8.67361737988e-19 	0.107860522841 	0.000568652207949 	189.677488865 	-97.942638712 	37.6910808829 	2.02382039163 	-5.8721166046e-20
0.42 	0.317782426778 	-7.9622102606e-19 	0.107330782613 	0.000561462803479 	191.162766166 	-98.2966061995 	37.6830628511 	2.04721933802 	6.28696372645e-20
0.42 	0.319246861925 	0 	0.107330782613 	0.000561462803479 	191.162766166 	-98.2966061995 	37.6830628511 	2.04721933802 	6.28696372645e-20
0.42 	0.320711297071 	0 	0.107330782613 	0.000561462803479 	191.162766166 	-98.2966061995 	37.6830628511 	2.04721933802 	6.28696372645e-20
0.42 	0.322175732218 	-4.62470246389e-19 	0.106257563329 	0.000551791053898 	192.56847783 	-97.8571337569 	37.7117485969 	2.25554454821 	1.80296890274e-20
0.42 	0.323640167364 	-5.55111512313e-19 	0.106257563329 	0.000551791053898 	192.56847783 	-97.8571337569 	37.7117485969 	2.25554454821 	1.80296890274e-20
0.42 	0.32510460251 	0 	0.106257563329 	0.000551791053898 	192.56847783 	-97.8571337569 	37.7117485969 	2.25554454821 	1.80296890274e-20
0.42 	0.326569037657 	-6.81237685983e-19 	0.105287552549 	0.00054427382909 	193.445921743 	-98.1122356527 	37.6690923344 	2.25860937119 	-4.86296669424e-20
0.42 	0.328033472803 	8.67361737988e-19 	0.105287552549 	0.00054427382909 	193.445921743 	-98.1122356527 	37.6690923344 	2.25860937119 	-4.86296669424e-20
0.42 	0.32949790795 	-5.55111512313e-19 	0.105287552549 	0.00054427382909 	193.445921743 	-98.1122356527 	37.6690923344 	2.25860937119 	-4.86296669424e-20
0.42 	0.330962343096 	-1.34202220113e-19 	0.103998071241 	0.000538648696323 	193.072167354 	-97.7188736912 	37.7901942834 	2.49888682868 	6.68485484491e-20
0.42 	0.332426778243 	-6.53220640089e-20 	0.103998071241 	0.000538648696323 	193.072167354 	-97.7188736912 	37.7901942834 	2.49888682868 	6.68485484491e-20
0.42 	0.333891213389 	0 	0.103998071241 	0.000538648696323 	193.072167354 	-97.7188736912 	37.7901942834 	2.49888682868 	6.68485484491e-20
0.42 	0.335355648536 	1.12652708605e-18 	0.104181712529 	0.000537701224961 	193.753905873 	-97.6526391776 	37.1257602754 	2.46548634866 	-2.11814598653e-20
0.42 	0.336820083682 	-7.84270007512e-19 	0.104338280135 	0.000537840622747 	193.994792737 	-96.0607351884 	37.0804864053 	2.46509458701 	-2.33462068816e-20
0.42 	0.338284518828 	-8.67361737988e-19 	0.104181712529 	0.000537701224961 	193.753905873 	-97.6526391776 	37.1257602754 	2.46548634866 	-2.11814598653e-20
