0.546 	0 	0 	4.63252352232 	3.48794502831e-05 	132031.486263 	10.9921521172 	14.6038950448 	-0.000115285068538 	-5.07794882504e-22
0.546 	0.00146443514644 	-1.05393211912e-18 	6.4986514248 	0.000857880032595 	7575.24499684 	10.9363393286 	24.794524809 	-0.0237669511694 	1.47626609962e-22
0.546 	0.00292887029289 	8.99992409223e-19 	6.98935514432 	0.0017576019737 	3976.64274899 	10.829693903 	26.8846836367 	-0.0649869380773 	-4.61654182738e-23
0.546 	0.00439330543933 	1.11607798935e-18 	7.14123037911 	0.00221187381356 	3228.58850958 	10.7387064319 	28.0957229254 	-0.10248060747 	3.94704439403e-22
0.546 	0.00585774058577 	3.4318495652e-19 	6.96731991429 	0.00237707167491 	2931.05167498 	10.6395689494 	29.1992462425 	-0.140000800538 	6.04665093159e-22
0.546 	0.00732217573222 	1.43914023844e-18 	6.37592180934 	0.00231240465529 	2757.26905961 	10.5141561779 	30.2917045895 	-0.175865998633 	1.13928839405e-21
0.546 	0.00878661087866 	-6.84057175117e-19 	5.30602817192 	0.00206644360477 	2567.71012752 	10.3429850236 	31.3935032706 	-0.208379820988 	1.74583285341e-21
0.546 	0.0102510460251 	2.37809106178e-19 	4.14338296184 	0.00174487682751 	2374.5991101 	10.1615839538 	32.2680462158 	-0.230935535429 	8.00644069926e-21
0.546 	0.0117154811715 	-3.6320365253e-18 	2.8366099908 	0.00132641205178 	2138.55866809 	9.93178889672 	33.1049977914 	-0.249923514778 	-3.01929154708e-21
0.546 	0.013179916318 	5.14857015649e-19 	1.58120734638 	0.000885243343169 	1786.18383135 	9.64625715338 	33.8304578359 	-0.265849439627 	-1.85473044442e-21
0.546 	0.0146443514644 	2.77235691674e-20 	0.703603446354 	0.000572093590806 	1229.87472271 	9.30242932111 	34.3103775187 	-0.280778396622 	-1.36090967102e-21
0.546 	0.0161087866109 	1.13528816548e-18 	0.411388492203 	0.000478634970896 	859.503624302 	9.01019811616 	34.4821793737 	-0.292265984537 	-9.50132162114e-22
0.546 	0.0175732217573 	3.84559267975e-18 	0.270029334245 	0.000433592285636 	622.772459729 	8.58185256191 	34.5876091669 	-0.307473450359 	5.9548499567e-21
0.546 	0.0190376569038 	3.83646728191e-18 	0.224878464844 	0.000413148862324 	544.303725245 	8.23236186212 	34.6346814942 	-0.318734453165 	4.87009484347e-21
0.546 	0.0205020920502 	1.48516947731e-18 	0.197947036723 	0.000399906799515 	494.982923427 	7.85775812832 	34.6713825064 	-0.330043372749 	9.34536170867e-21
0.546 	0.0219665271967 	3.01255505017e-18 	0.180822805135 	0.000393553413222 	459.461915614 	7.45690540998 	34.7023761621 	-0.341532805287 	2.7592823876e-21
0.546 	0.0234309623431 	-1.55426620255e-18 	0.170056987714 	0.000393203956173 	432.490530791 	7.02855452408 	34.7291611649 	-0.35326896031 	-8.35277232481e-21
0.546 	0.0248953974895 	3.69379244269e-18 	0.163674796513 	0.000397710788761 	411.542259197 	6.57137820276 	34.7522710854 	-0.365264462298 	-1.40287719748e-21
0.546 	0.026359832636 	6.3569088191e-19 	0.161159602641 	0.000402851742345 	400.04692968 	6.24989505203 	34.7659017665 	-0.373395179112 	-1.09326445261e-20
0.546 	0.0278242677824 	-3.18478366888e-19 	0.159219107684 	0.000413053689228 	385.468310384 	5.74155229722 	34.784267453 	-0.385759177156 	-2.12747558546e-21
0.546 	0.0292887029289 	-1.04707826229e-19 	0.158795389661 	0.000425604096102 	373.105877306 	5.20053459006 	34.8009739519 	-0.398271184548 	1.0662673259e-20
0.546 	0.0307531380753 	-8.43420868605e-19 	0.159080239033 	0.000435025958909 	365.679876741 	4.82093959809 	34.8116489801 	-0.406660371072 	6.7215828884e-21
0.546 	0.0322175732218 	-3.2881592063e-19 	0.159684283013 	0.000445176995023 	358.698416131 	4.42566310855 	34.8222329022 	-0.415062054089 	-6.27414735745e-22
0.546 	0.0336820083682 	3.43680920603e-18 	0.161016729799 	0.000461633215943 	348.797972586 	3.80229871223 	34.8383432667 	-0.427638851601 	-4.62989732671e-22
0.546 	0.0351464435146 	-2.68322921992e-19 	0.162108848482 	0.000473361662119 	342.462986455 	3.36571778914 	34.8494372685 	-0.435973702707 	-2.52943961747e-21
0.546 	0.0366108786611 	1.74751867369e-18 	0.163318855689 	0.000485660808688 	336.281727426 	2.91176699322 	34.8609218044 	-0.444243097207 	1.23648000949e-21
0.546 	0.0380753138075 	2.11193615628e-18 	0.164618992877 	0.000498506921332 	330.224086834 	2.43996204234 	34.8728561434 	-0.452425091777 	3.14881758728e-21
0.546 	0.039539748954 	1.64648240944e-18 	0.165987630375 	0.000511878674432 	324.271431231 	1.94982210935 	34.8852792865 	-0.46049753053 	2.5486249078e-21
0.546 	0.0410041841004 	1.00112669423e-18 	0.167406967825 	0.000525755005865 	318.412503842 	1.44087218695 	34.898216291 	-0.468437741998 	2.35380495815e-21
0.546 	0.0424686192469 	3.31462385139e-19 	0.168861465365 	0.000540113579091 	312.640659117 	0.912645504334 	34.911683189 	-0.476222268284 	-6.14462502947e-22
0.546 	0.0439330543933 	8.42610196734e-19 	0.170336790576 	0.0005549295631 	306.952092486 	0.364686007047 	34.9256909115 	-0.483826641067 	-3.03421201689e-23
0.546 	0.0453974895397 	4.6917234856e-20 	0.171819107599 	0.000570174588073 	301.344730532 	-0.203449086586 	34.9402478764 	-0.491225203898 	-2.44897918192e-22
0.546 	0.0468619246862 	5.95756045208e-19 	0.173294647373 	0.000585815926603 	295.817575971 	-0.79218662293 	34.9553612873 	-0.498390989209 	-4.54330010085e-22
0.546 	0.0483263598326 	3.00702787032e-19 	0.174749526622 	0.000601815929249 	290.370390894 	-1.40193473256 	34.9710383832 	-0.505295655785 	1.87672354062e-21
0.546 	0.0497907949791 	8.82690117601e-20 	0.175464836738 	0.000609937205038 	287.676887536 	-1.71480947067 	34.9790911162 	-0.508640831672 	-3.58074258526e-21
0.546 	0.0512552301255 	1.24964575723e-18 	0.176862323489 	0.000626392682348 	282.350558161 	-2.35679067598 	34.9956328929 	-0.515097622287 	-7.57412419129e-22
0.546 	0.052719665272 	3.04100125105e-19 	0.178203588228 	0.000643087953231 	277.106089972 	-3.02070198459 	35.0127710719 	-0.521216289642 	4.13750337221e-21
0.546 	0.0541841004184 	1.15835820595e-19 	0.178848535487 	0.000651507391021 	274.514975505 	-3.36098257023 	35.0215705879 	-0.524138468223 	-2.3131028933e-22
0.546 	0.0556485355649 	-9.43269508865e-19 	0.180077638572 	0.000668449744256 	269.395927098 	-4.0583787166 	35.0396464747 	-0.529686981933 	-2.41403107938e-21
0.546 	0.0571129707113 	-6.15803370838e-19 	0.181212823067 	0.000685471049358 	264.36247488 	-4.77844330629 	35.0583816181 	-0.534811214643 	-1.41053053752e-21
0.546 	0.0585774058577 	-2.62502304234e-19 	0.181740267168 	0.000693987285421 	261.878381616 	-5.14705078114 	35.0680054194 	-0.537202674479 	1.98217463989e-21
0.546 	0.0600418410042 	5.16568119806e-19 	0.182704729854 	0.000710978170525 	256.976567535 	-5.90154335434 	35.087782412 	-0.541620291482 	1.2349105358e-20
0.546 	0.0615062761506 	-2.9876595498e-19 	0.183137600229 	0.000719430016669 	254.559298314 	-6.28747133718 	35.0979413773 	-0.543636540074 	-1.40793624394e-20
0.546 	0.0629707112971 	6.62653727046e-19 	0.183894030085 	0.000736185061683 	249.793210507 	-7.07677636623 	35.1188110203 	-0.547258360666 	1.37216509751e-20
0.546 	0.0644351464435 	-3.51274890612e-19 	0.18421327808 	0.000744461810315 	247.44489983 	-7.48017852291 	35.1295244712 	-0.548853401885 	-6.04296496992e-21
0.546 	0.06589958159 	-2.59496090345e-19 	0.184490299274 	0.00075265262764 	245.12011584 	-7.88942512192 	35.1404248286 	-0.550297345047 	6.30923807346e-22
0.546 	0.0673640167364 	2.16442598241e-19 	0.184908720083 	0.000768715779828 	240.542375915 	-8.72546520755 	35.1627883981 	-0.55270981591 	1.47915210153e-20
0.546 	0.0688284518828 	2.39544446841e-18 	0.185045525049 	0.000776555682419 	238.290092055 	-9.15225650164 	35.1742527032 	-0.553667059022 	-8.93002756808e-22
0.546 	0.0702928870293 	9.65520729235e-19 	0.18516225966 	0.000791763873607 	233.860454905 	-10.023347953 	35.1977507352 	-0.555054706335 	6.17701113516e-21
0.546 	0.0717573221757 	1.74692195135e-18 	0.18513702739 	0.000799093523348 	231.683804186 	-10.4676229163 	35.2097873168 	-0.555473319683 	2.02648459905e-21
0.546 	0.0732217573222 	4.450337674e-19 	0.185052366328 	0.000806212289083 	229.533050827 	-10.9176937995 	35.222018221 	-0.555700462089 	5.09982592174e-21
0.546 	0.0746861924686 	-8.61512486516e-19 	0.184905267269 	0.000813097375535 	227.408515674 	-11.3735376779 	35.2344458925 	-0.55573003214 	-5.32928876522e-21
0.546 	0.0761506276151 	1.3219745909e-19 	0.184410560036 	0.000826066715473 	223.239305715 	-12.3024310002 	35.2599026607 	-0.555171630217 	5.11737963403e-21
0.546 	0.0776150627615 	-2.52529540268e-19 	0.184055699006 	0.000832096255851 	221.195201531 	-12.7754125396 	35.2729377016 	-0.554571035999 	-1.71550802335e-21
0.546 	0.0790794979079 	-1.98360330212e-20 	0.183623856769 	0.00083778238442 	219.178464699 	-13.2540310438 	35.2861812742 	-0.553747627706 	-5.16081682762e-21
0.546 	0.0805439330544 	1.27440586562e-18 	0.183110681568 	0.000843092285805 	217.189369006 	-13.7382408713 	35.2996365456 	-0.552694892776 	-1.57701061291e-20
0.546 	0.0820083682008 	-8.09087468025e-19 	0.181821506349 	0.000852440459933 	213.295256262 	-14.7232274588 	35.3271958854 	-0.549875029764 	-2.7364659028e-20
0.546 	0.0834728033473 	-7.36169151245e-19 	0.181035493212 	0.000856401597066 	211.390886976 	-15.2238881677 	35.3413080471 	-0.548094536676 	-4.67832252438e-22
0.546 	0.0849372384937 	-1.17406505221e-18 	0.180148258429 	0.000859832679456 	209.515482179 	-15.7299079195 	35.3556490537 	-0.546058013652 	1.39868482966e-20
0.546 	0.0864016736402 	-8.69357830792e-19 	0.17915455118 	0.000862690786514 	207.669484803 	-16.2412157869 	35.3702268385 	-0.543758689854 	-4.81490308775e-21
0.546 	0.0878661087866 	-2.15748879749e-18 	0.178049222795 	0.00086493230363 	205.853362219 	-16.7577356095 	35.385052586 	-0.541189795909 	-6.50129224759e-22
0.546 	0.0893305439331 	-5.47608566077e-19 	0.176827339676 	0.000866513809136 	204.067538003 	-17.2793860022 	35.4001414032 	-0.538344568462 	1.5232958249e-20
0.546 	0.0907949790795 	-4.09145568549e-19 	0.175484287086 	0.000867393173413 	202.312275984 	-17.8060803923 	35.4155117585 	-0.535216218566 	-4.17819297751e-20
0.546 	0.0922594142259 	-7.7072860894e-19 	0.174015890884 	0.000867530945286 	200.58753158 	-18.3377270114 	35.4311826811 	-0.531797848365 	4.78584101914e-20
0.546 	0.0937238493724 	-6.78332364354e-19 	0.172418624945 	0.000866892180749 	198.892813633 	-18.8742287662 	35.4471680905 	-0.528082317634 	-3.52950791007e-20
0.546 	0.0951882845188 	-1.69327921289e-18 	0.17068999907 	0.000865448910753 	197.227123345 	-19.4154828605 	35.4634686827 	-0.524062091848 	3.98031149657e-20
0.546 	0.0966527196653 	4.44746666972e-19 	0.168829204857 	0.000863183368545 	195.589038215 	-19.9613801019 	35.4800633152 	-0.519729131441 	-6.57125208198e-20
0.546 	0.0981171548117 	1.34099541279e-18 	0.164721773276 	0.000856188615398 	192.389586025 	-21.06662902 	35.5139122873 	-0.510090482242 	3.75126331637e-20
0.546 	0.0995815899582 	3.85814585847e-19 	0.16249022897 	0.000851509028528 	190.826196231 	-21.6257206353 	35.5309964241 	-0.50476695825 	-2.84414168164e-20
0.546 	0.101046025105 	-1.06237857901e-19 	0.160157791385 	0.000846110554859 	189.287074208 	-22.1889335499 	35.548059534 	-0.499095681776 	-3.06288550816e-20
0.546 	0.102510460251 	-8.63851885639e-19 	0.160157791385 	0.000846110554859 	189.287074208 	-22.1889335499 	35.548059534 	-0.499095681776 	-3.06288550816e-20
0.546 	0.103974895397 	-8.91497988792e-19 	0.157743025399 	0.000840071021219 	187.773439881 	-22.7561122985 	35.5650232418 	-0.493068602326 	4.66067324016e-20
0.546 	0.105439330544 	1.58801330554e-19 	0.155267334404 	0.000833483878504 	186.287147728 	-23.3270918967 	35.5818429507 	-0.486678356016 	1.33095931697e-20
0.546 	0.10690376569 	3.61441710716e-19 	0.152753129134 	0.000826451338228 	184.830155229 	-23.9016991095 	35.598514667 	-0.479918138199 	-4.10338138035e-20
0.546 	0.108368200837 	6.33076954101e-20 	0.150221956754 	0.000819076881746 	183.40397599 	-24.4797538324 	35.6150701296 	-0.472781407316 	-1.95992716388e-20
0.546 	0.109832635983 	9.81716507793e-19 	0.147693059373 	0.000811458755867 	182.009323709 	-25.0610701448 	35.6315625492 	-0.465261547913 	-7.06912564026e-21
0.546 	0.11129707113 	-1.7069074336e-19 	0.14518263248 	0.000803685566311 	180.646061801 	-25.6454567699 	35.648048864 	-0.457351625348 	-2.8646048608e-21
0.546 	0.112761506276 	-3.939834553e-19 	0.142703771978 	0.000795834242011 	179.313435443 	-26.2327169104 	35.6645750921 	-0.449044304107 	-3.6927598746e-21
0.546 	0.114225941423 	3.24377019996e-19 	0.140266872561 	0.000787969877579 	178.010450085 	-26.822647672 	35.681168984 	-0.440331916197 	2.11631432206e-20
0.546 	0.115690376569 	5.59824308352e-19 	0.137880162478 	0.000780146585607 	176.736224988 	-27.4150393593 	35.6978403434 	-0.431206604409 	5.67219191171e-21
0.546 	0.117154811715 	3.33612227904e-19 	0.135550134854 	0.000772408580981 	175.490198053 	-28.0096748973 	35.7145862687 	-0.421660457061 	-2.28553771158e-20
0.546 	0.118619246862 	2.53488702799e-19 	0.133281790261 	0.000764791103313 	174.272150504 	-28.6063294773 	35.7313975531 	-0.411685585136 	5.11486949755e-22
0.546 	0.120083682008 	1.39727024219e-18 	0.133281790261 	0.000764791103313 	174.272150504 	-28.6063294773 	35.7313975531 	-0.411685585136 	5.11486949755e-22
0.546 	0.121548117155 	-7.55825616084e-19 	0.131078741854 	0.000757321178324 	173.082102555 	-29.2047704077 	35.7482634849 	-0.401274139403 	-8.10527959246e-21
0.546 	0.123012552301 	-1.51286217254e-18 	0.128943290758 	0.000750018415201 	171.920166417 	-29.8047570786 	35.7651741461 	-0.390418294102 	6.30455382687e-20
0.546 	0.124476987448 	5.26458419955e-19 	0.126876554541 	0.000742896001645 	170.78642806 	-30.4060409541 	35.7821207751 	-0.379110225615 	-5.47691702191e-20
0.546 	0.125941422594 	2.71752040249e-19 	0.124878668748 	0.000735961900716 	169.680887865 	-31.0083655458 	35.7990952639 	-0.367342101292 	7.21850906588e-20
0.546 	0.127405857741 	3.78922579151e-19 	0.122949029086 	0.00072922011519 	168.603452545 	-31.6114663607 	35.8160896003 	-0.355106078712 	-4.47861646177e-20
0.546 	0.128870292887 	-5.1434053379e-19 	0.122949029086 	0.00072922011519 	168.603452545 	-31.6114663607 	35.8160896003 	-0.355106078712 	-4.47861646177e-20
0.546 	0.130334728033 	-8.39845147025e-19 	0.121086524836 	0.000722671846293 	167.55395337 	-32.2150708309 	35.833095566 	-0.342394309709 	4.28634270658e-20
0.546 	0.13179916318 	3.54380840602e-19 	0.119289728797 	0.000716316429734 	166.532169088 	-32.8188982447 	35.8501046631 	-0.329198944509 	-3.89347685578e-20
0.546 	0.133263598326 	4.47023023443e-19 	0.117557034453 	0.000710152021091 	165.537843956 	-33.4226596743 	35.8671081387 	-0.315512134228 	4.6678381171e-20
0.546 	0.134728033473 	1.87646022149e-19 	0.117557034453 	0.000710152021091 	165.537843956 	-33.4226596743 	35.8671081387 	-0.315512134228 	4.6678381171e-20
0.546 	0.136192468619 	-1.0109733443e-19 	0.115886747577 	0.000704176063548 	164.570699823 	-34.0260579099 	35.8840970209 	-0.301326032142 	-9.01287355635e-20
0.546 	0.137656903766 	1.60034624849e-19 	0.114277143204 	0.000698385587803 	163.630443125 	-34.6287873965 	35.9010621319 	-0.286632794186 	1.06381965238e-20
0.546 	0.139121338912 	5.06789658413e-19 	0.112726497695 	0.000692777390411 	162.716767688 	-35.2305341693 	35.9179940775 	-0.271424578869 	7.12996930247e-20
0.546 	0.140585774059 	-8.89810461564e-19 	0.112726497695 	0.000692777390411 	162.716767688 	-35.2305341693 	35.9179940775 	-0.271424578869 	7.12996930247e-20
0.546 	0.142050209205 	-8.84794338665e-20 	0.111233104618 	0.000687348131629 	161.829354733 	-35.8309757895 	35.9348832212 	-0.255693546867 	-4.58661289254e-20
0.546 	0.143514644351 	4.45142197278e-19 	0.109795283062 	0.000682094390877 	160.967872674 	-36.429781277 	35.9517196609 	-0.239431860557 	1.28126303717e-20
0.546 	0.144979079498 	2.05266241269e-18 	0.108411385197 	0.000677012709494 	160.131979321 	-37.0266110425 	35.9684932193 	-0.222631683868 	-4.81641101875e-20
0.546 	0.146443514644 	-4.87214471731e-19 	0.108411385197 	0.000677012709494 	160.131979321 	-37.0266110425 	35.9684932193 	-0.222631683868 	-4.81641101875e-20
0.546 	0.147907949791 	1.18251281299e-18 	0.107079804541 	0.00067209963042 	159.321326325 	-37.6211168148 	35.9851934461 	-0.205285181634 	6.23252875065e-20
0.546 	0.149372384937 	-2.45740057469e-19 	0.10579898129 	0.000667351725362 	158.535562687 	-38.212941568 	36.0018096208 	-0.18738451877 	-4.14114532354e-20
0.546 	0.150836820084 	3.57611415761e-19 	0.10579898129 	0.000667351725362 	158.535562687 	-38.212941568 	36.0018096208 	-0.18738451877 	-4.14114532354e-20
0.546 	0.15230125523 	-1.6767130586e-18 	0.104567402527 	0.000662765602969 	157.774335389 	-38.8017194466 	36.0183307506 	-0.168921858711 	5.17308449997e-20
0.546 	0.153765690377 	9.31221644223e-19 	0.103383600378 	0.000658337908094 	157.037289069 	-39.3870756817 	36.0347455634 	-0.149889361292 	1.52339067897e-20
0.546 	0.155230125523 	1.10691304094e-18 	0.10224615122 	0.00065406532342 	156.324066662 	-39.9686265079 	36.0510425027 	-0.130279180343 	-9.61891057518e-20
0.546 	0.156694560669 	-1.4934021966e-18 	0.10224615122 	0.00065406532342 	156.324066662 	-39.9686265079 	36.0510425027 	-0.130279180343 	-9.61891057518e-20
0.546 	0.158158995816 	-3.64066655518e-20 	0.101153676161 	0.000649944575083 	155.634311045 	-40.5459790701 	36.0672097279 	-0.110083460829 	4.98277184471e-20
0.546 	0.159623430962 	3.78235510396e-19 	0.100104841764 	0.000645972439061 	154.967666902 	-41.1187313253 	36.0832351236 	-0.0892943357349 	2.02896614055e-20
0.546 	0.161087866109 	1.22950806271e-19 	0.100104841764 	0.000645972439061 	154.967666902 	-41.1187313253 	36.0832351236 	-0.0892943357349 	2.02896614055e-20
0.546 	0.162552301255 	-4.24579471774e-19 	0.0990983592763 	0.000642145742874 	154.323781441 	-41.6864719399 	36.0991063068 	-0.06790392249 	-1.32112485005e-19
0.546 	0.164016736402 	-5.80884403789e-19 	0.0990983592763 	0.000642145742874 	154.323781441 	-41.6864719399 	36.0991063068 	-0.06790392249 	-1.32112485005e-19
0.546 	0.165481171548 	5.04689895771e-19 	0.0981329810299 	0.000638461359026 	153.702302641 	-42.2487801772 	36.1148106197 	-0.0459043183437 	9.26646757811e-20
0.546 	0.166945606695 	4.09061012268e-19 	0.0972074954157 	0.000634916195725 	153.102875734 	-42.8052257774 	36.13033511 	-0.0232875954974 	2.43141612026e-20
0.546 	0.168410041841 	-2.14326132914e-19 	0.0972074954157 	0.000634916195725 	153.102875734 	-42.8052257774 	36.13033511 	-0.0232875954974 	2.43141612026e-20
0.546 	0.169874476987 	2.01947634614e-19 	0.0963207251016 	0.000631507199881 	152.525141629 	-43.3553688221 	36.1456665151 	-4.57954160772e-05 	4.60557580301e-20
0.546 	0.171338912134 	2.87928011339e-19 	0.0954715305154 	0.00062823137491 	151.968740067 	-43.8987595987 	36.1607912589 	0.0238290758786 	-2.041783886e-20
0.546 	0.17280334728 	-1.85445890299e-19 	0.0954715305154 	0.00062823137491 	151.968740067 	-43.8987595987 	36.1607912589 	0.0238290758786 	-2.041783886e-20
0.546 	0.174267782427 	-3.50293874219e-19 	0.0946588147807 	0.00062508586558 	151.433298996 	-44.434938429 	36.1756954524 	0.0483450559245 	-6.34805131669e-20
0.546 	0.175732217573 	-6.47240813943e-19 	0.0946588147807 	0.00062508586558 	151.433298996 	-44.434938429 	36.1756954524 	0.0483450559245 	-6.34805131669e-20
0.546 	0.17719665272 	2.14353690319e-19 	0.0938815223937 	0.000622067841655 	150.918462758 	-44.963435534 	36.190364889 	0.0735102294942 	5.59453549474e-21
0.546 	0.178661087866 	6.89766063559e-20 	0.0931386365432 	0.000619174537748 	150.423880287 	-45.4837707891 	36.2047850365 	0.0993327429572 	7.73507907373e-20
0.546 	0.180125523013 	-4.99689102397e-19 	0.0931386365432 	0.000619174537748 	150.423880287 	-45.4837707891 	36.2047850365 	0.0993327429572 	7.73507907373e-20
0.546 	0.181589958159 	1.84615402612e-19 	0.0924291784008 	0.000616403259352 	149.949204516 	-45.9954536413 	36.2189410307 	0.125820800043 	-5.04593777115e-20
0.546 	0.183054393305 	-1.71540357486e-18 	0.0924291784008 	0.000616403259352 	149.949204516 	-45.9954536413 	36.2189410307 	0.125820800043 	-5.04593777115e-20
0.546 	0.184518828452 	8.60536356133e-19 	0.09175220644 	0.000613751383987 	149.49409294 	-46.4979826804 	36.232817666 	0.152982693943 	-2.73327815422e-20
0.546 	0.185983263598 	-1.00781564402e-18 	0.0911068160653 	0.000611216362158 	149.05820869 	-46.990845786 	36.2463993888 	0.180826775133 	-4.56336889658e-20
0.546 	0.187447698745 	-5.39566648135e-19 	0.0911068160653 	0.000611216362158 	149.05820869 	-46.990845786 	36.2463993888 	0.180826775133 	-4.56336889658e-20
0.546 	0.188912133891 	-8.55426978289e-19 	0.0904921388583 	0.000608795716357 	148.641221393 	-47.4735191897 	36.2596702833 	0.209361537008 	1.42242276294e-19
0.546 	0.190376569038 	4.13179534178e-19 	0.0904921388583 	0.000608795716357 	148.641221393 	-47.4735191897 	36.2596702833 	0.209361537008 	1.42242276294e-19
0.546 	0.191841004184 	5.83880722574e-19 	0.0899073429779 	0.00060648704424 	148.242808864 	-47.9454684033 	36.2726140638 	0.23859549392 	-1.21127011414e-19
0.546 	0.193305439331 	1.2886155189e-19 	0.0899073429779 	0.00060648704424 	148.242808864 	-47.9454684033 	36.2726140638 	0.23859549392 	-1.21127011414e-19
0.546 	0.194769874477 	3.98017697684e-19 	0.0893516324917 	0.000604288018286 	147.862657852 	-48.4061458034 	36.2852140574 	0.268537426986 	-2.49434151695e-20
0.546 	0.196234309623 	1.64099840825e-18 	0.0893516324917 	0.000604288018286 	147.862657852 	-48.4061458034 	36.2852140574 	0.268537426986 	-2.49434151695e-20
0.546 	0.19769874477 	1.34787134606e-19 	0.0888242496924 	0.000602196396845 	147.500466887 	-48.8549939666 	36.297453211 	0.299195989796 	6.40744868575e-20
0.546 	0.199163179916 	6.64394111888e-19 	0.0883244718362 	0.000600210014892 	147.155944827 	-49.2914390247 	36.3093140619 	0.330580422715 	7.89152147244e-20
0.546 	0.200627615063 	1.95581601061e-19 	0.0883244718362 	0.000600210014892 	147.155944827 	-49.2914390247 	36.3093140619 	0.330580422715 	7.89152147244e-20
0.546 	0.202092050209 	-9.9942066148e-19 	0.0878516142816 	0.000598326798351 	146.828814159 	-49.7149009698 	36.3207787547 	0.362699372109 	2.40949319387e-20
0.546 	0.203556485356 	1.18851818393e-18 	0.0878516142816 	0.000598326798351 	146.828814159 	-49.7149009698 	36.3207787547 	0.362699372109 	2.40949319387e-20
0.546 	0.205020920502 	6.1690815662e-20 	0.0874050189735 	0.000596544724282 	146.51880306 	-50.1247752495 	36.3318289565 	0.395562925489 	-3.09768145344e-20
0.546 	0.206485355649 	-2.35575376576e-19 	0.0874050189735 	0.000596544724282 	146.51880306 	-50.1247752495 	36.3318289565 	0.395562925489 	-3.09768145344e-20
0.546 	0.207949790795 	-6.32124193757e-19 	0.0869840711248 	0.000594861885336 	146.225658878 	-50.5204622707 	36.3424459302 	0.429179247766 	-1.6291930245e-19
0.546 	0.209414225941 	2.94733654864e-19 	0.0869840711248 	0.000594861885336 	146.225658878 	-50.5204622707 	36.3424459302 	0.429179247766 	-1.6291930245e-19
0.546 	0.210878661088 	-3.48606881224e-19 	0.0865881778691 	0.000593276412486 	145.949132726 	-50.901317525 	36.352610375 	0.463560197654 	4.86735697595e-20
0.546 	0.212343096234 	-5.07924829659e-19 	0.0865881778691 	0.000593276412486 	145.949132726 	-50.901317525 	36.352610375 	0.463560197654 	4.86735697595e-20
0.546 	0.213807531381 	-7.61697351238e-19 	0.0862168096481 	0.000591786630863 	145.68901214 	-51.2667316624 	36.3623026361 	0.498712156696 	3.97690696634e-20
0.546 	0.215271966527 	7.56439343313e-19 	0.0862168096481 	0.000591786630863 	145.68901214 	-51.2667316624 	36.3623026361 	0.498712156696 	3.97690696634e-20
0.546 	0.216736401674 	-1.51746978315e-20 	0.0858694296634 	0.000590390797003 	145.445068079 	-51.6159996887 	36.3715023371 	0.534650981813 	-3.02953262058e-20
0.546 	0.21820083682 	7.39743285977e-19 	0.0858694296634 	0.000590390797003 	145.445068079 	-51.6159996887 	36.3715023371 	0.534650981813 	-3.02953262058e-20
0.546 	0.219665271967 	1.00631765107e-18 	0.0855456083238 	0.000589087525818 	145.217144439 	-51.9485286918 	36.3801888783 	0.571377984552 	1.2793626788e-19
0.546 	0.221129707113 	-1.00910644504e-18 	0.0855456083238 	0.000589087525818 	145.217144439 	-51.9485286918 	36.3801888783 	0.571377984552 	1.2793626788e-19
0.546 	0.222594142259 	-6.46185890536e-19 	0.085244838796 	0.000587875098972 	145.005017129 	-52.2635072053 	36.3883406407 	0.608918284003 	-6.20324461528e-20
0.546 	0.224058577406 	-1.88059750122e-19 	0.085244838796 	0.000587875098972 	145.005017129 	-52.2635072053 	36.3883406407 	0.608918284003 	-6.20324461528e-20
0.546 	0.225523012552 	-6.87855214785e-19 	0.0849668333293 	0.000586752572241 	144.808625218 	-52.560421955 	36.3959360766 	0.647260280703 	4.1661181632e-20
0.546 	0.226987447699 	6.1808246938e-19 	0.0849668333293 	0.000586752572241 	144.808625218 	-52.560421955 	36.3959360766 	0.647260280703 	4.1661181632e-20
0.546 	0.228451882845 	1.46250398354e-18 	0.0847110539485 	0.000585718009805 	144.62770912 	-52.8382537009 	36.4029520926 	0.686450416444 	-1.483285097e-19
0.546 	0.229916317992 	6.02612053924e-19 	0.0847110539485 	0.000585718009805 	144.62770912 	-52.8382537009 	36.4029520926 	0.686450416444 	-1.483285097e-19
0.546 	0.231380753138 	7.13539081545e-19 	0.0844774517351 	0.000584771254357 	144.462387824 	-53.0967113695 	36.4093662163 	0.726446348773 	9.93734769333e-20
0.546 	0.232845188285 	-6.20507554095e-19 	0.0844774517351 	0.000584771254357 	144.462387824 	-53.0967113695 	36.4093662163 	0.726446348773 	9.93734769333e-20
0.546 	0.234309623431 	1.24165648463e-18 	0.0842653155804 	0.000583909586301 	144.312266072 	-53.3343518861 	36.4151536064 	0.767342461321 	-1.5493558626e-21
0.546 	0.235774058577 	1.58986833731e-19 	0.0842653155804 	0.000583909586301 	144.312266072 	-53.3343518861 	36.4151536064 	0.767342461321 	-1.5493558626e-21
0.546 	0.237238493724 	-3.06706446398e-19 	0.0842653155804 	0.000583909586301 	144.312266072 	-53.3343518861 	36.4151536064 	0.767342461321 	-1.5493558626e-21
0.546 	0.23870292887 	7.43413049558e-19 	0.084075051641 	0.000583134408028 	144.17782673 	-53.55141023 	36.4202908373 	0.809026902391 	-9.61170257608e-21
0.546 	0.240167364017 	-5.13690414503e-19 	0.084075051641 	0.000583134408028 	144.17782673 	-53.55141023 	36.4202908373 	0.809026902391 	-9.61170257608e-21
0.546 	0.241631799163 	9.32037431609e-19 	0.0839054600255 	0.000582440958937 	144.058309667 	-53.7455772793 	36.4247511605 	0.851698397485 	6.97351971086e-20
0.546 	0.24309623431 	-1.04814129224e-18 	0.0839054600255 	0.000582440958937 	144.058309667 	-53.7455772793 	36.4247511605 	0.851698397485 	6.97351971086e-20
0.546 	0.244560669456 	-1.1308116039e-19 	0.0837578666871 	0.00058183386617 	143.954952706 	-53.9182277193 	36.428509841 	0.895095008024 	-8.10075801855e-20
0.546 	0.246025104603 	9.34905831545e-20 	0.0837578666871 	0.00058183386617 	143.954952706 	-53.9182277193 	36.428509841 	0.895095008024 	-8.10075801855e-20
0.546 	0.247489539749 	-5.31396726609e-19 	0.0836299096101 	0.000581303648268 	143.866135813 	-54.0653239153 	36.4315389418 	0.939634179665 	-5.20544180159e-20
0.546 	0.248953974895 	1.01162811677e-18 	0.0836299096101 	0.000581303648268 	143.866135813 	-54.0653239153 	36.4315389418 	0.939634179665 	-5.20544180159e-20
0.546 	0.250418410042 	-1.21857864597e-18 	0.0836299096101 	0.000581303648268 	143.866135813 	-54.0653239153 	36.4315389418 	0.939634179665 	-5.20544180159e-20
0.546 	0.251882845188 	1.50632341489e-18 	0.0835247878053 	0.000580861567318 	143.794653502 	-54.1905513871 	36.4338109105 	0.984744049939 	7.3693418846e-20
0.546 	0.253347280335 	-3.52843280685e-19 	0.0835247878053 	0.000580861567318 	143.794653502 	-54.1905513871 	36.4338109105 	0.984744049939 	7.3693418846e-20
0.546 	0.254811715481 	-6.04041092943e-19 	0.0834375867884 	0.000580487878213 	143.737001099 	-54.286553246 	36.43529904 	1.03128198575 	4.06798722249e-20
0.546 	0.256276150628 	-1.14919666836e-19 	0.0834375867884 	0.000580487878213 	143.737001099 	-54.286553246 	36.43529904 	1.03128198575 	4.06798722249e-20
0.546 	0.257740585774 	2.67457529833e-19 	0.0833752480769 	0.000580207115584 	143.699113364 	-54.3614249276 	36.4359628771 	1.07806436983 	-9.65587254703e-20
0.546 	0.259205020921 	5.23837606384e-19 	0.0833752480769 	0.000580207115584 	143.699113364 	-54.3614249276 	36.4359628771 	1.07806436983 	-9.65587254703e-20
0.546 	0.260669456067 	-1.37795442108e-18 	0.0833752480769 	0.000580207115584 	143.699113364 	-54.3614249276 	36.4359628771 	1.07806436983 	-9.65587254703e-20
0.546 	0.262133891213 	2.52491926524e-19 	0.0833276229967 	0.000579978505934 	143.673639875 	-54.4017448648 	36.4357761586 	1.12679438078 	1.67823381212e-20
0.546 	0.26359832636 	-3.96946037431e-19 	0.0833276229967 	0.000579978505934 	143.673639875 	-54.4017448648 	36.4357761586 	1.12679438078 	1.67823381212e-20
0.546 	0.265062761506 	1.25811589361e-18 	0.0833090694543 	0.000579852712565 	143.672811473 	-54.4235062009 	36.434657676 	1.17513796686 	4.82257774689e-20
0.546 	0.266527196653 	6.42903486121e-20 	0.0833090694543 	0.000579852712565 	143.672811473 	-54.4235062009 	36.434657676 	1.17513796686 	4.82257774689e-20
0.546 	0.267991631799 	5.31654933893e-19 	0.0832992949363 	0.00057974783368 	143.681942557 	-54.4028704417 	36.4326362492 	1.2263480458 	-6.59882321558e-20
0.546 	0.269456066946 	1.60931865552e-19 	0.0832992949363 	0.00057974783368 	143.681942557 	-54.4028704417 	36.4326362492 	1.2263480458 	-6.59882321558e-20
0.546 	0.270920502092 	-4.24823288254e-19 	0.0832992949363 	0.00057974783368 	143.681942557 	-54.4028704417 	36.4326362492 	1.2263480458 	-6.59882321558e-20
0.546 	0.272384937238 	-7.28696232048e-19 	0.0833262240422 	0.000579761024799 	143.725122038 	-54.3689702093 	36.4296261972 	1.2760411533 	4.9640918005e-20
0.546 	0.273849372385 	8.82130683106e-19 	0.0833262240422 	0.000579761024799 	143.725122038 	-54.3689702093 	36.4296261972 	1.2760411533 	4.9640918005e-20
0.546 	0.275313807531 	5.35479062942e-19 	0.0833491350851 	0.000579726203785 	143.773275282 	-54.2814431538 	36.4258265303 	1.33015426257 	-5.96325569153e-20
0.546 	0.276778242678 	-8.43479919159e-19 	0.0833491350851 	0.000579726203785 	143.773275282 	-54.2814431538 	36.4258265303 	1.33015426257 	-5.96325569153e-20
0.546 	0.278242677824 	-3.72569303334e-19 	0.0833491350851 	0.000579726203785 	143.773275282 	-54.2814431538 	36.4258265303 	1.33015426257 	-5.96325569153e-20
0.546 	0.279707112971 	-1.98956737318e-20 	0.0834179871569 	0.000579811211109 	143.870945505 	-54.1892985309 	36.420874036 	1.38086047497 	1.00381094792e-19
0.546 	0.281171548117 	5.3813479944e-20 	0.0834179871569 	0.000579811211109 	143.870945505 	-54.1892985309 	36.420874036 	1.38086047497 	1.00381094792e-19
0.546 	0.282635983264 	-2.47306217803e-19 	0.0834537976256 	0.000579687539724 	143.96341461 	-54.0287349438 	36.415145877 	1.43843494446 	-2.82708091227e-20
0.546 	0.28410041841 	-2.96909331154e-19 	0.0834537976256 	0.000579687539724 	143.96341461 	-54.0287349438 	36.415145877 	1.43843494446 	-2.82708091227e-20
0.546 	0.285564853556 	-3.25427085999e-20 	0.0834537976256 	0.000579687539724 	143.96341461 	-54.0287349438 	36.415145877 	1.43843494446 	-2.82708091227e-20
0.546 	0.287029288703 	8.00297186271e-19 	0.0835421011634 	0.00057962352914 	144.13165954 	-53.8748300826 	36.4077637086 	1.48969008739 	2.44857246335e-20
0.546 	0.288493723849 	1.17721182707e-20 	0.0835421011634 	0.00057962352914 	144.13165954 	-53.8748300826 	36.4077637086 	1.48969008739 	2.44857246335e-20
0.546 	0.289958158996 	-4.3150109291e-19 	0.0835421011634 	0.00057962352914 	144.13165954 	-53.8748300826 	36.4077637086 	1.48969008739 	2.44857246335e-20
0.546 	0.291422594142 	2.57247030767e-19 	0.0835342317992 	0.000578981081756 	144.277998766 	-53.6362851525 	36.3999799425 	1.55136066082 	-3.53159562871e-20
0.546 	0.292887029289 	7.68222833337e-19 	0.0835342317992 	0.000578981081756 	144.277998766 	-53.6362851525 	36.3999799425 	1.55136066082 	-3.53159562871e-20
0.546 	0.294351464435 	-1.62804611408e-19 	0.0835664180702 	0.000578132754117 	144.545379024 	-53.413950261 	36.3897974398 	1.60272298874 	-7.57619595466e-20
0.546 	0.295815899582 	-6.70744727875e-19 	0.0835664180702 	0.000578132754117 	144.545379024 	-53.413950261 	36.3897974398 	1.60272298874 	-7.57619595466e-20
0.546 	0.297280334728 	1.38484895931e-18 	0.0835664180702 	0.000578132754117 	144.545379024 	-53.413950261 	36.3897974398 	1.60272298874 	-7.57619595466e-20
0.546 	0.298744769874 	5.61993074984e-20 	0.0833758634476 	0.00057589930976 	144.77507098 	-53.0968729407 	36.3802030939 	1.66898430324 	1.38206086569e-20
0.546 	0.300209205021 	-1.6952190067e-19 	0.0833758634476 	0.00057589930976 	144.77507098 	-53.0968729407 	36.3802030939 	1.66898430324 	1.38206086569e-20
0.546 	0.301673640167 	-2.33105641214e-19 	0.0833758634476 	0.00057589930976 	144.77507098 	-53.0968729407 	36.3802030939 	1.66898430324 	1.38206086569e-20
0.546 	0.303138075314 	-1.2068090449e-18 	0.0831792266252 	0.000572755519277 	145.226407823 	-52.7918264878 	36.3658123062 	1.7203593276 	5.96805156731e-20
0.546 	0.30460251046 	1.10735724864e-18 	0.0831792266252 	0.000572755519277 	145.226407823 	-52.7918264878 	36.3658123062 	1.7203593276 	5.96805156731e-20
0.546 	0.306066945607 	-4.59396151785e-19 	0.0825644234344 	0.000566785535334 	145.671366482 	-52.4059796888 	36.3521913467 	1.7908870181 	-1.93215949697e-21
0.546 	0.307531380753 	-2.00415131136e-19 	0.0825644234344 	0.000566785535334 	145.671366482 	-52.4059796888 	36.3521913467 	1.7908870181 	-1.93215949697e-21
0.546 	0.3089958159 	-8.69633326243e-19 	0.0825644234344 	0.000566785535334 	145.671366482 	-52.4059796888 	36.3521913467 	1.7908870181 	-1.93215949697e-21
0.546 	0.310460251046 	1.00393490729e-19 	0.0819103834356 	0.000558899766068 	146.556481875 	-51.988924057 	36.3257302969 	1.84305800359 	-2.15948795496e-20
0.546 	0.311924686192 	-8.79714834169e-19 	0.0819103834356 	0.000558899766068 	146.556481875 	-51.988924057 	36.3257302969 	1.84305800359 	-2.15948795496e-20
0.546 	0.313389121339 	1.22753350505e-19 	0.0819103834356 	0.000558899766068 	146.556481875 	-51.988924057 	36.3257302969 	1.84305800359 	-2.15948795496e-20
0.546 	0.314853556485 	-7.35202797285e-20 	0.0808377082609 	0.000547970478496 	147.522013381 	-51.5635480173 	36.2962319819 	1.91526752129 	-7.37925208293e-21
0.546 	0.316317991632 	1.43577238112e-19 	0.0808377082609 	0.000547970478496 	147.522013381 	-51.5635480173 	36.2962319819 	1.91526752129 	-7.37925208293e-21
0.546 	0.317782426778 	3.37442430589e-19 	0.0808377082609 	0.000547970478496 	147.522013381 	-51.5635480173 	36.2962319819 	1.91526752129 	-7.37925208293e-21
0.546 	0.319246861925 	1.13312787022e-18 	0.0805997922044 	0.000538522881897 	149.668277642 	-50.9803874961 	36.2236472965 	1.97034122617 	5.32175525185e-20
0.546 	0.320711297071 	-5.4834537203e-19 	0.0805997922044 	0.000538522881897 	149.668277642 	-50.9803874961 	36.2236472965 	1.97034122617 	5.32175525185e-20
0.546 	0.322175732218 	-5.37887120164e-19 	0.0805997922044 	0.000538522881897 	149.668277642 	-50.9803874961 	36.2236472965 	1.97034122617 	5.32175525185e-20
0.546 	0.323640167364 	3.42033755144e-19 	0.0812170704357 	0.000514182382424 	152.568834982 	-50.5763272914 	36.1161512797 	2.03563348217 	-1.31199989104e-19
0.546 	0.32510460251 	1.1778369685e-19 	0.0812170704357 	0.000514182382424 	152.568834982 	-50.5763272914 	36.1161512797 	2.03563348217 	-1.31199989104e-19
0.546 	0.326569037657 	-3.69594925026e-19 	0.0812170704357 	0.000514182382424 	152.568834982 	-50.5763272914 	36.1161512797 	2.03563348217 	-1.31199989104e-19
0.546 	0.328033472803 	6.58420889222e-19 	0.0829057608933 	0.000454198286688 	156.834356329 	-49.7433188505 	35.9249869855 	2.09761991081 	1.2662565566e-19
0.546 	0.32949790795 	-3.27916455679e-19 	0.0829057608933 	0.000454198286688 	156.834356329 	-49.7433188505 	35.9249869855 	2.09761991081 	1.2662565566e-19
0.546 	0.330962343096 	-4.41444566976e-19 	0.0829057608933 	0.000454198286688 	156.834356329 	-49.7433188505 	35.9249869855 	2.09761991081 	1.2662565566e-19
0.546 	0.332426778243 	-6.06464893287e-19 	0.084237523366 	0.000359325519754 	162.021465368 	-49.4627709922 	35.7161607126 	2.14229148491 	-1.25215081877e-19
0.546 	0.333891213389 	-1.11758158388e-19 	0.084237523366 	0.000359325519754 	162.021465368 	-49.4627709922 	35.7161607126 	2.14229148491 	-1.25215081877e-19
0.546 	0.335355648536 	-3.3716935565e-19 	0.084237523366 	0.000359325519754 	162.021465368 	-49.4627709922 	35.7161607126 	2.14229148491 	-1.25215081877e-19
0.546 	0.336820083682 	9.70987244069e-19 	0.0763015730915 	0.000509995263127 	149.612317228 	-48.257716972 	35.3795771761 	2.22472986944 	1.18432121723e-19
0.546 	0.338284518828 	4.01900823311e-19 	0.0763015730915 	0.000509995263127 	149.612317228 	-48.257716972 	35.3795771761 	2.22472986944 	1.18432121723e-19
0.546 	0.339748953975 	-5.77252032032e-19 	0.0763015730915 	0.000509995263127 	149.612317228 	-48.257716972 	35.3795771761 	2.22472986944 	1.18432121723e-19
