0.504 	0 	0 	3.36010689112 	2.67179151768e-05 	125762.315992 	37.1988437579 	10.9048134951 	-0.006307914728 	-4.68535772568e-24
0.504 	0.00146443514644 	1.67989155329e-18 	10.9775116951 	0.00168702860446 	6507.00981954 	36.7833357103 	17.4070671708 	-0.142427924219 	-2.50556202782e-21
0.504 	0.00292887029289 	6.58907264722e-19 	14.3649258242 	0.00355717075944 	4038.3008845 	36.1965671962 	18.9610591673 	-0.308174420859 	1.0620130287e-21
0.504 	0.00439330543933 	-5.03441351159e-18 	16.236784024 	0.00461842355282 	3515.65503646 	35.735675001 	20.0780633696 	-0.45507989322 	-8.78924532214e-23
0.504 	0.00585774058577 	-2.51161376545e-18 	17.6662050239 	0.00528534613672 	3342.48780815 	35.191545193 	21.4565852297 	-0.637854303704 	-1.00385091167e-22
0.504 	0.00732217573222 	-1.445383969e-18 	18.0865150026 	0.00543001024394 	3330.84362462 	34.7962306273 	22.4577086878 	-0.761446157512 	-2.5681196602e-21
0.504 	0.00878661087866 	-2.57756824725e-19 	17.8667453501 	0.00535148380579 	3338.65260524 	34.2164266678 	23.8415231346 	-0.914836630894 	1.53710252514e-21
0.504 	0.0102510460251 	-3.47284734898e-19 	16.9632113893 	0.00511781871043 	3314.53932801 	33.6506268548 	25.0673332041 	-1.03411752156 	-6.40926910317e-21
0.504 	0.0117154811715 	1.00194588516e-19 	15.3121257289 	0.00474611208228 	3226.24612807 	32.9626433599 	26.3961230248 	-1.1478415489 	4.1106451479e-21
0.504 	0.013179916318 	-3.29845111085e-19 	12.8269607785 	0.00386029944403 	3043.50793642 	32.2253470423 	27.8505112201 	-1.25080770867 	-1.29274481673e-20
0.504 	0.0146443514644 	6.87128529916e-19 	9.7472602995 	0.00341850707599 	2753.92973287 	31.2323705294 	29.3422397373 	-1.33738852307 	-2.70804328874e-21
0.504 	0.0161087866109 	-2.42422616099e-18 	6.91898015583 	0.00284827100786 	2429.18603487 	30.0302111133 	30.6355815865 	-1.41191564145 	5.50124790185e-21
0.504 	0.0175732217573 	-1.75130132776e-18 	5.01869190843 	0.00235438576901 	2131.63533967 	28.9955104515 	31.5084005161 	-1.46280759443 	-1.1958606017e-21
0.504 	0.0190376569038 	8.63845089056e-19 	3.45860103803 	0.00193670978058 	1785.81275972 	27.8422125413 	32.2662051623 	-1.50921286328 	-4.75552394203e-21
0.504 	0.0205020920502 	1.23493275837e-18 	2.34036636098 	0.00163328312925 	1432.92140785 	26.5748621717 	32.8815741909 	-1.55112701574 	-3.39927233702e-21
0.504 	0.0219665271967 	5.89917267468e-19 	1.63145504624 	0.00143259405239 	1138.81182427 	25.203065726 	33.3604703254 	-1.58892202987 	-2.21679742635e-20
0.504 	0.0234309623431 	-3.09710450453e-19 	1.19333808162 	0.00127895715947 	933.055554508 	23.7368277895 	33.7365937549 	-1.62292615745 	1.0503337466e-20
0.504 	0.0248953974895 	2.46350912632e-18 	0.896493491898 	0.00112959149161 	793.643984182 	22.1828441237 	34.0361262381 	-1.65304708108 	-1.66561338816e-20
0.504 	0.026359832636 	2.15047894262e-18 	0.673693749902 	0.000977239642 	689.384385312 	20.545823957 	34.2647558091 	-1.67895564149 	-1.07471506706e-20
0.504 	0.0278242677824 	1.14050278001e-19 	0.554278212826 	0.000879078119797 	630.522134885 	19.4109074755 	34.3771997298 	-1.69382591514 	1.55096089465e-20
0.504 	0.0292887029289 	1.4367140223e-18 	0.413271483712 	0.000746510260329 	553.60455934 	17.6476645635 	34.4916877917 	-1.71287089256 	-5.2675382872e-21
0.504 	0.0307531380753 	-1.23771254056e-18 	0.342256341873 	0.000671979938991 	509.325237278 	16.4340640535 	34.5412329314 	-1.72384436155 	-5.76176291624e-21
0.504 	0.0322175732218 	-2.44117692371e-19 	0.264817737443 	0.000584368882749 	453.168786465 	14.5595129242 	34.5963384909 	-1.73861453111 	5.74086031116e-21
0.504 	0.0336820083682 	1.24496069638e-18 	0.229038776928 	0.000542315790702 	422.33470029 	13.2746032403 	34.6299812447 	-1.74769023911 	-1.55549819469e-20
0.504 	0.0351464435146 	-6.54648109053e-19 	0.203201472799 	0.00051258226349 	396.427046492 	11.9618322511 	34.6648546929 	-1.75623582974 	1.92515522498e-20
0.504 	0.0366108786611 	-1.284255053e-18 	0.178613251082 	0.000488193058617 	365.866019456 	9.94080433187 	34.7200393912 	-1.7679525231 	-8.3486148739e-21
0.504 	0.0380753138075 	1.30141015793e-18 	0.169110717413 	0.000482925601952 	350.179648231 	8.55920753756 	34.7579907089 	-1.77492435765 	-1.00306355117e-20
0.504 	0.039539748954 	2.15246474433e-19 	0.163425398396 	0.000484287090423 	337.455615952 	7.15057310708 	34.7964816182 	-1.78115853747 	-4.24867053274e-21
0.504 	0.0410041841004 	-9.77222003801e-19 	0.160403832792 	0.000490528466922 	327.002087766 	5.71526124906 	34.8354725501 	-1.78661273061 	-1.32102857865e-21
0.504 	0.0424686192469 	1.43684297871e-18 	0.159155614982 	0.000500183310477 	318.194573166 	4.25366713558 	34.8750238086 	-1.79124844791 	1.1043274313e-21
0.504 	0.0439330543933 	1.84612142803e-18 	0.159033233941 	0.000512140915452 	310.526320281 	2.76622239828 	34.9151972463 	-1.79502688318 	2.41522991841e-21
0.504 	0.0453974895397 	9.360566706e-19 	0.159592682115 	0.000525630070705 	303.621674272 	1.25340114984 	34.9560288644 	-1.79790805606 	1.22407736761e-21
0.504 	0.0468619246862 	1.40455151917e-18 	0.160033050757 	0.000532784416692 	300.371117741 	0.487635588112 	34.9766960078 	-1.79899940259 	-1.11195313197e-21
0.504 	0.0483263598326 	-7.12251062544e-19 	0.161108970461 	0.000547695906406 	294.15770426 	-1.06225446693 	35.0185321736 	-1.80045770037 	-1.99817936306e-21
0.504 	0.0497907949791 	-1.5339600823e-18 	0.162335789259 	0.000563223314096 	288.226330829 	-2.63611524554 	35.0610276633 	-1.80091525934 	-4.45006498772e-21
0.504 	0.0512552301255 	-1.14164861764e-18 	0.163628489222 	0.000579216727721 	282.499591933 	-4.23328798373 	35.1041644873 	-1.80033005864 	5.04507561885e-21
0.504 	0.052719665272 	-3.3549433406e-18 	0.164282450665 	0.000587355629733 	279.698435408 	-5.04039486011 	35.125966993 	-1.79963330428 	-7.31503720672e-21
0.504 	0.0541841004184 	9.55851411403e-19 	0.165582576538 	0.000603866983735 	274.203725321 	-6.67117538983 	35.1700280731 	-1.7974054048 	-1.57483843298e-21
0.504 	0.0556485355649 	-3.79975832391e-19 	0.166849915144 	0.000620629196966 	268.8399385 	-8.32337130465 	35.2146840145 	-1.79403053258 	8.29269291659e-21
0.504 	0.0571129707113 	-7.80237427089e-19 	0.167464379848 	0.00062908195422 	266.204393124 	-9.15723430933 	35.2372312794 	-1.79190018311 	8.6162482644e-21
0.504 	0.0585774058577 	-1.2570444343e-18 	0.168642892533 	0.000646083802365 	261.023247938 	-10.8399289339 	35.2827594381 	-1.78672834194 	1.87286048087e-20
0.504 	0.0600418410042 	-1.86190907531e-18 	0.169202409928 	0.000654612809693 	258.477083587 	-11.6885258589 	35.3057389449 	-1.78367680775 	-4.76979418745e-21
0.504 	0.0615062761506 	-1.61510601893e-19 	0.170250833861 	0.00067167274827 	253.47289182 	-13.3996073948 	35.3521253652 	-1.77661754685 	-6.86675239517e-21
0.504 	0.0629707112971 	1.93996199825e-19 	0.170735268424 	0.000680180195958 	251.014759675 	-14.2618375999 	35.3755302264 	-1.77259986015 	8.80552784002e-21
0.504 	0.0644351464435 	2.0258562475e-18 	0.171613210752 	0.00069708649199 	246.18639541 	-15.9990166422 	35.4227545783 	-1.76356346473 	-7.36563254631e-21
0.504 	0.06589958159 	-6.69523418881e-19 	0.172002067872 	0.000705457843315 	243.816224459 	-16.8736917427 	35.446568781 	-1.75853477739 	6.86566632394e-21
0.504 	0.0673640167364 	-8.44904240119e-19 	0.172354349211 	0.000713755090348 	241.475474629 	-17.7522360697 	35.4705131218 	-1.75315910883 	-8.10293763973e-21
0.504 	0.0688284518828 	-4.16099087422e-19 	0.1729394016 	0.000730063670176 	236.882629098 	-19.520349847 	35.5187758964 	-1.74134693015 	-6.78151126422e-21
0.504 	0.0702928870293 	-9.91758501261e-19 	0.173167128275 	0.000738040947018 	234.630787052 	-20.4096201591 	35.5430857917 	-1.73490054449 	-5.09018701959e-21
0.504 	0.0717573221757 	-1.91125620703e-19 	0.173348157389 	0.000745875843063 	232.408864024 	-21.302161508 	35.5675092563 	-1.72808745431 	-6.34192533336e-21
0.504 	0.0732217573222 	-1.18789426696e-18 	0.173558945554 	0.000761038497923 	228.055408534 	-23.0964255631 	35.6166833153 	-1.71334200342 	2.01650347952e-20
0.504 	0.0746861924686 	-1.07826220623e-18 	0.173582730189 	0.000768322955268 	225.924175503 	-23.9978251456 	35.6414286643 	-1.7054002315 	-5.15352385942e-20
0.504 	0.0761506276151 	-1.50918564347e-18 	0.173547806301 	0.000775378137328 	223.82344555 	-24.9018496803 	35.6662770808 	-1.6970729285 	3.38234309731e-20
0.504 	0.0776150627615 	1.07789637441e-18 	0.173450662358 	0.000782178411517 	221.753323544 	-25.8083307234 	35.6912273294 	-1.68835554007 	-3.9326767131e-20
0.504 	0.0790794979079 	1.23871470269e-18 	0.173054343917 	0.000794902124194 	217.705222631 	-27.6279755108 	35.7414298925 	-1.66973251393 	-8.31177509878e-21
0.504 	0.0805439330544 	7.07847846156e-19 	0.172746762964 	0.000800764226365 	215.727373022 	-28.5407895042 	35.7666808696 	-1.65981797188 	-9.69787277837e-21
0.504 	0.0820083682008 	-1.44531557385e-18 	0.172360129669 	0.000806248454872 	213.780415487 	-29.4553606092 	35.7920308788 	-1.64949553014 	-1.72486799397e-20
0.504 	0.0834728033473 	3.37411984102e-20 	0.17188950134 	0.000811318319404 	211.864439923 	-30.371507836 	35.817479497 	-1.63876082362 	8.17625135968e-20
0.504 	0.0849372384937 	-2.5751785081e-19 	0.171329683166 	0.000815935012085 	209.979570221 	-31.2890478392 	35.8430266574 	-1.62760953531 	-2.23528875171e-20
0.504 	0.0864016736402 	5.35327926095e-19 	0.169920882337 	0.000823643561514 	206.303904112 	-33.1275613556 	35.8944213282 	-1.60404035315 	-2.09353977752e-20
0.504 	0.0878661087866 	-1.55694904e-18 	0.169061038564 	0.000826649220746 	204.513636887 	-34.0481570361 	35.9202766367 	-1.59161439079 	-4.78691684847e-21
0.504 	0.0893305439331 	1.35228876252e-18 	0.168090577164 	0.000829030890708 	202.755505311 	-34.9693901522 	35.9462487197 	-1.57875584844 	6.67416845653e-21
0.504 	0.0907949790795 	1.80380543099e-18 	0.167004691126 	0.000830745921103 	201.029805725 	-35.8910672152 	35.9723523195 	-1.56546132714 	-8.1670330585e-20
0.504 	0.0922594142259 	-4.01818569333e-19 	0.165799127883 	0.000831754141493 	199.336702533 	-36.8129933954 	35.9986061209 	-1.55172763145 	9.35289944544e-20
0.504 	0.0937238493724 	4.77423775858e-19 	0.164470394859 	0.000832019600868 	197.676106053 	-37.7349726734 	36.0250284005 	-1.53755151107 	-7.18398079171e-21
0.504 	0.0951882845188 	-7.15571607039e-19 	0.163016053182 	0.000831512743308 	196.04757052 	-38.6568076701 	36.0516289034 	-1.52292922054 	1.3107416281e-20
0.504 	0.0966527196653 	-2.07891506447e-19 	0.161435167185 	0.000830213131643 	194.450269494 	-39.5782989196 	36.078398146 	-1.50785599431 	6.07819501758e-21
0.504 	0.0981171548117 	2.96015810915e-19 	0.159728942103 	0.000828112693895 	192.883098255 	-40.4992435121 	36.1052975254 	-1.49232564043 	-1.77852012304e-20
0.504 	0.0995815899582 	1.80872806972e-18 	0.157901489331 	0.000825219174679 	191.344910753 	-41.4194332419 	36.1322550412 	-1.47633049577 	2.85754436904e-21
0.504 	0.101046025105 	5.61492661659e-19 	0.155960534046 	0.000821559104681 	189.834831308 	-42.338652732 	36.1591708087 	-1.45986190022 	-8.45769444044e-21
0.504 	0.102510460251 	1.01031588603e-18 	0.153917790294 	0.000817179344546 	188.352521782 	-43.2566781534 	36.1859333458 	-1.44291114035 	-3.68899628138e-20
0.504 	0.103974895397 	2.41165701875e-19 	0.151788750763 	0.000812146340342 	186.898275868 	-44.1732771277 	36.2124428329 	-1.42547057165 	2.58970869802e-20
0.504 	0.105439330544 	2.66656848685e-19 	0.149591802194 	0.000806542747615 	185.472874979 	-45.088210024 	36.238633515 	-1.40753449192 	5.06568057821e-20
0.504 	0.10690376569 	1.26124503081e-18 	0.147346823635 	0.000800461883929 	184.077251638 	-46.0012323582 	36.2644866427 	-1.38909940427 	-6.91226302829e-20
0.504 	0.108368200837 	1.37182382617e-19 	0.145073625602 	0.000794001177576 	182.712103834 	-46.912097544 	36.2900288317 	-1.37016357161 	-4.37496628145e-20
0.504 	0.109832635983 	4.33363588111e-19 	0.14279063069 	0.00078725602742 	181.377627756 	-47.8205591372 	36.3153169728 	-1.35072608334 	1.46477955746e-20
0.504 	0.11129707113 	9.35539897535e-19 	0.140514061093 	0.000780315165265 	180.073472038 	-48.7263719607 	36.34041654 	-1.33078585461 	1.23010345158e-19
0.504 	0.112761506276 	3.51398913588e-19 	0.138257670989 	0.00077325792842 	178.798905136 	-49.629292018 	36.3653822187 	-1.31034094787 	-1.01905015235e-19
0.504 	0.114225941423 	-5.47475802743e-19 	0.138257670989 	0.00077325792842 	178.798905136 	-49.629292018 	36.3653822187 	-1.31034094787 	-1.01905015235e-19
0.504 	0.115690376569 	3.27244633092e-19 	0.136032866679 	0.000766153178654 	177.553093127 	-50.5290755619 	36.3902473201 	-1.28938838687 	-5.44695065391e-20
0.504 	0.117154811715 	7.00871588221e-19 	0.133848980696 	0.000759059246073 	176.33535378 	-51.4254779027 	36.415023322 	-1.26792437405 	1.00718542531e-19
0.504 	0.118619246862 	1.17987081784e-19 	0.131713515922 	0.000752024310973 	175.145289853 	-52.3182524398 	36.4397062652 	-1.24594467407 	-4.60690385837e-20
0.504 	0.120083682008 	5.39252865557e-19 	0.129632293794 	0.000745086919402 	173.982780288 	-53.2071501327 	36.4642849465 	-1.2234449411 	-2.71322222567e-20
0.504 	0.121548117155 	2.88350475681e-18 	0.127609544726 	0.000738276617636 	172.847875278 	-54.0919193441 	36.4887470413 	-1.20042088596 	1.2349614104e-19
0.504 	0.123012552301 	-7.24114953205e-19 	0.125648016379 	0.000731614814486 	171.740667207 	-54.9723058839 	36.5130818588 	-1.17686830156 	-1.3492832716e-19
0.504 	0.124476987448 	1.22428393968e-20 	0.125648016379 	0.000731614814486 	171.740667207 	-54.9723058839 	36.5130818588 	-1.17686830156 	-1.3492832716e-19
0.504 	0.125941422594 	7.0937099293e-19 	0.123749149355 	0.000725115925821 	170.661193539 	-55.8480530842 	36.5372805285 	-1.15278302069 	3.2085515409e-20
0.504 	0.127405857741 	1.54807524049e-19 	0.121913320372 	0.000718788729337 	169.609393408 	-56.7189018182 	36.56133514 	-1.12816087051 	5.18091149268e-20
0.504 	0.128870292887 	-2.88207753557e-20 	0.120140116169 	0.000712637766039 	168.585109988 	-57.584590472 	36.5852379574 	-1.10299764996 	-3.64623654532e-20
0.504 	0.130334728033 	1.07334259162e-18 	0.11842858999 	0.000706664608053 	167.58811555 	-58.4448548878 	36.6089810755 	-1.07728912495 	1.66056182329e-20
0.504 	0.13179916318 	-2.67695030029e-19 	0.11842858999 	0.000706664608053 	167.58811555 	-58.4448548878 	36.6089810755 	-1.07728912495 	1.66056182329e-20
0.504 	0.133263598326 	-3.94887116593e-19 	0.116777464189 	0.000700868864869 	166.618136491 	-59.299428309 	36.6325563969 	-1.05103102977 	4.65100584595e-20
0.504 	0.134728033473 	-2.61787420139e-19 	0.115185270218 	0.000695248899836 	165.674868735 	-60.1480413315 	36.655955705 	-1.02421906641 	-6.49030728223e-20
0.504 	0.136192468619 	2.61277353146e-19 	0.113650440425 	0.00068980231315 	164.75798683 	-60.9904218679 	36.67917071 	-0.996848901256 	-7.70329419092e-20
0.504 	0.137656903766 	5.4580582788e-19 	0.112171367547 	0.000684526259682 	163.867150398 	-61.8262951104 	36.7021930507 	-0.968916159711 	4.11876757123e-20
0.504 	0.139121338912 	-1.42686787483e-18 	0.112171367547 	0.000684526259682 	163.867150398 	-61.8262951104 	36.7021930507 	-0.968916159711 	4.11876757123e-20
0.504 	0.140585774059 	1.41482772384e-19 	0.110746443067 	0.000679417654918 	163.002009537 	-62.6553834945 	36.7250142794 	-0.940416420822 	5.38218588584e-20
0.504 	0.142050209205 	5.52729989609e-19 	0.109374081731 	0.0006744733065 	162.162209648 	-63.4774066635 	36.747625858 	-0.911345212091 	7.49620130417e-20
0.504 	0.143514644351 	7.37862590133e-20 	0.109374081731 	0.0006744733065 	162.162209648 	-63.4774066635 	36.747625858 	-0.911345212091 	7.49620130417e-20
0.504 	0.144979079498 	9.29827046344e-19 	0.108052735897 	0.000669689993398 	161.347395007 	-64.2920814319 	36.7700191677 	-0.881698004402 	-6.28794698341e-20
0.504 	0.146443514644 	3.61804563274e-19 	0.10678090051 	0.000665064501919 	160.557209417 	-65.099121749 	36.7921855172 	-0.851470206323 	-3.93946604686e-20
0.504 	0.147907949791 	6.13710550611e-19 	0.105557109859 	0.000660593626647 	159.791293166 	-65.8982386644 	36.8141161314 	-0.820657157619 	6.06563435022e-20
0.504 	0.149372384937 	5.38740453577e-19 	0.105557109859 	0.000660593626647 	159.791293166 	-65.8982386644 	36.8141161314 	-0.820657157619 	6.06563435022e-20
0.504 	0.150836820084 	1.53437024786e-18 	0.10437993207 	0.000656274159397 	159.049279291 	-66.6891402883 	36.8358021284 	-0.789254122453 	-5.49309235043e-20
0.504 	0.15230125523 	1.46806529972e-19 	0.103247970428 	0.000652102899406 	158.330794914 	-67.4715317465 	36.8572345067 	-0.757256282346 	2.4051722684e-20
0.504 	0.153765690377 	-2.22453626309e-19 	0.103247970428 	0.000652102899406 	158.330794914 	-67.4715317465 	36.8572345067 	-0.757256282346 	2.4051722684e-20
0.504 	0.155230125523 	-1.25112265849e-19 	0.10215987192 	0.000648076687941 	157.635467871 	-68.2451151342 	36.8784041504 	-0.724658728831 	-1.37610365444e-19
0.504 	0.156694560669 	-1.56683715894e-21 	0.101114331271 	0.000644192427706 	156.962930519 	-69.0095894608 	36.8993018339 	-0.69145645471 	6.81481340121e-20
0.504 	0.158158995816 	4.67149894925e-19 	0.101114331271 	0.000644192427706 	156.962930519 	-69.0095894608 	36.8993018339 	-0.69145645471 	6.81481340121e-20
0.504 	0.159623430962 	7.5885330582e-19 	0.100110087192 	0.000640447074035 	156.312818422 	-69.7646505924 	36.9199182209 	-0.657644345119 	-4.29714632459e-20
0.504 	0.161087866109 	9.32405169547e-19 	0.0991459198197 	0.000636837628578 	155.684770137 	-70.5099911883 	36.9402438601 	-0.623217167961 	-6.26330630408e-20
0.504 	0.162552301255 	-9.49166278981e-19 	0.0991459198197 	0.000636837628578 	155.684770137 	-70.5099911883 	36.9402438601 	-0.623217167961 	-6.26330630408e-20
0.504 	0.164016736402 	-7.58220267681e-19 	0.0982206494909 	0.000633361138982 	155.078427528 	-71.2453006263 	36.9602691825 	-0.588169564089 	7.82954709505e-20
0.504 	0.165481171548 	-9.45215038351e-19 	0.0973331359041 	0.000630014703226 	154.49343548 	-71.9702649276 	36.9799844969 	-0.552496036747 	-2.38281882297e-20
0.504 	0.166945606695 	3.33267430871e-19 	0.0973331359041 	0.000630014703226 	154.49343548 	-71.9702649276 	36.9799844969 	-0.552496036747 	-2.38281882297e-20
0.504 	0.168410041841 	1.02700782538e-18 	0.0964822774855 	0.000626795478268 	153.929440832 	-72.6845666629 	36.9993799838 	-0.516190940001 	-6.17112221287e-20
0.504 	0.169874476987 	-2.21592726574e-19 	0.0956670108682 	0.000623700687308 	153.386091783 	-73.3878848613 	37.0184456866 	-0.479248467309 	1.20715076802e-19
0.504 	0.171338912134 	6.6236273001e-19 	0.0956670108682 	0.000623700687308 	153.386091783 	-73.3878848613 	37.0184456866 	-0.479248467309 	1.20715076802e-19
0.504 	0.17280334728 	1.58830948294e-18 	0.0948863120145 	0.000620727688794 	152.863024685 	-74.0798948852 	37.0371715071 	-0.441662637517 	-1.05790797728e-20
0.504 	0.174267782427 	1.55066333969e-19 	0.0948863120145 	0.000620727688794 	152.863024685 	-74.0798948852 	37.0371715071 	-0.441662637517 	-1.05790797728e-20
0.504 	0.175732217573 	1.60323062097e-18 	0.0941391973236 	0.000617873868626 	152.359894315 	-74.760268336 	37.0555472093 	-0.403427284104 	7.6219896594e-20
0.504 	0.17719665272 	-1.05104455907e-18 	0.0934247233644 	0.000615136689522 	151.876363345 	-75.4286728693 	37.0735624257 	-0.364536035598 	-3.30001561609e-20
0.504 	0.178661087866 	6.2910499486e-19 	0.0934247233644 	0.000615136689522 	151.876363345 	-75.4286728693 	37.0735624257 	-0.364536035598 	-3.30001561609e-20
0.504 	0.180125523013 	1.33471655337e-19 	0.0927419830528 	0.000612513685124 	151.412099526 	-76.0847721334 	37.0912066487 	-0.324982309191 	-3.29094995131e-20
0.504 	0.181589958159 	7.81829718794e-19 	0.0927419830528 	0.000612513685124 	151.412099526 	-76.0847721334 	37.0912066487 	-0.324982309191 	-3.29094995131e-20
0.504 	0.183054393305 	5.85851453334e-19 	0.0920900987412 	0.00061000243849 	150.966771492 	-76.7282254315 	37.1084692069 	-0.284759276455 	9.20558983207e-20
0.504 	0.184518828452 	1.71735415187e-18 	0.0914682231532 	0.000607600587699 	150.540050495 	-77.3586878394 	37.1253392464 	-0.243859879477 	-6.63296221762e-20
0.504 	0.185983263598 	-4.4779879102e-19 	0.0914682231532 	0.000607600587699 	150.540050495 	-77.3586878394 	37.1253392464 	-0.243859879477 	-6.63296221762e-20
0.504 	0.187447698745 	6.10136789039e-20 	0.0908755477067 	0.000605305857748 	150.131617832 	-77.9758094325 	37.1418057319 	-0.202276752999 	-1.32374930762e-20
0.504 	0.188912133891 	4.59720485708e-19 	0.0908755477067 	0.000605305857748 	150.131617832 	-77.9758094325 	37.1418057319 	-0.202276752999 	-1.32374930762e-20
0.504 	0.190376569038 	-2.41234230924e-19 	0.0903113011852 	0.000603116057916 	149.741165071 	-78.5792360556 	37.157857437 	-0.16000231248 	-1.00898337888e-19
0.504 	0.191841004184 	2.95021185103e-19 	0.0903113011852 	0.000603116057916 	149.741165071 	-78.5792360556 	37.157857437 	-0.16000231248 	-1.00898337888e-19
0.504 	0.193305439331 	-4.25301898861e-19 	0.0897747464163 	0.000601029070514 	149.368393012 	-79.1686072714 	37.1734829421 	-0.117028541645 	1.65010152623e-20
0.504 	0.194769874477 	9.86735690128e-20 	0.0892651819772 	0.000599042858422 	149.013014215 	-79.7435592196 	37.1886706071 	-0.073347309996 	1.24386295407e-19
0.504 	0.196234309623 	-8.12930525673e-19 	0.0892651819772 	0.000599042858422 	149.013014215 	-79.7435592196 	37.1886706071 	-0.073347309996 	1.24386295407e-19
0.504 	0.19769874477 	1.21838445299e-18 	0.0887819379567 	0.000597155451663 	148.674750786 	-80.3037188074 	37.2034085842 	-0.0289497578106 	-9.20122777357e-20
0.504 	0.199163179916 	-1.97628367711e-19 	0.0887819379567 	0.000597155451663 	148.674750786 	-80.3037188074 	37.2034085842 	-0.0289497578106 	-9.20122777357e-20
0.504 	0.200627615063 	-4.82788204653e-19 	0.0883243828145 	0.000595364975026 	148.353340421 	-80.8487128074 	37.2176847601 	0.0161727031499 	-4.59164973943e-20
0.504 	0.202092050209 	-3.25232879664e-19 	0.0883243828145 	0.000595364975026 	148.353340421 	-80.8487128074 	37.2176847601 	0.0161727031499 	-4.59164973943e-20
0.504 	0.203556485356 	5.19238457694e-19 	0.0878919115716 	0.000593669607345 	148.048528145 	-81.378151335 	37.2314868153 	0.0620301692884 	1.71358799031e-19
0.504 	0.205020920502 	8.42483450183e-19 	0.0878919115716 	0.000593669607345 	148.048528145 	-81.378151335 	37.2314868153 	0.0620301692884 	1.71358799031e-19
0.504 	0.206485355649 	4.38523140898e-20 	0.0874839657679 	0.000592067657349 	147.760082285 	-81.891654647 	37.2448020831 	0.108631295717 	-2.08415005555e-20
0.504 	0.207949790795 	1.2324548341e-18 	0.0874839657679 	0.000592067657349 	147.760082285 	-81.891654647 	37.2448020831 	0.108631295717 	-2.08415005555e-20
0.504 	0.209414225941 	-8.16000713676e-19 	0.0871000003197 	0.000590557443424 	147.487769885 	-82.3888071349 	37.2576177372 	0.155988321771 	-8.23758630387e-20
0.504 	0.210878661088 	-1.13297340784e-18 	0.0871000003197 	0.000590557443424 	147.487769885 	-82.3888071349 	37.2576177372 	0.155988321771 	-8.23758630387e-20
0.504 	0.212343096234 	1.07959770038e-18 	0.0867395387779 	0.000589137499128 	147.231399981 	-82.8692321432 	37.2699204336 	0.204108786466 	1.79688977251e-19
0.504 	0.213807531381 	-4.07851783961e-19 	0.0867395387779 	0.000589137499128 	147.231399981 	-82.8692321432 	37.2699204336 	0.204108786466 	1.79688977251e-19
0.504 	0.215271966527 	-3.40817051438e-19 	0.0864020832522 	0.000587806240294 	146.990755336 	-83.3324679512 	37.2816968363 	0.253009253646 	-7.83857469979e-20
0.504 	0.216736401674 	2.85250099935e-19 	0.0864020832522 	0.000587806240294 	146.990755336 	-83.3324679512 	37.2816968363 	0.253009253646 	-7.83857469979e-20
0.504 	0.21820083682 	4.73936457389e-19 	0.0860872616239 	0.000586562510802 	146.765707045 	-83.7781673385 	37.2929327133 	0.302693001078 	-2.90544674699e-20
0.504 	0.219665271967 	-5.28248807326e-19 	0.0860872616239 	0.000586562510802 	146.765707045 	-83.7781673385 	37.2929327133 	0.302693001078 	-2.90544674699e-20
0.504 	0.221129707113 	6.26935091075e-19 	0.0857945913936 	0.000585404703798 	146.556033522 	-84.2057754794 	37.3036143093 	0.353186151042 	-1.80033106857e-20
0.504 	0.222594142259 	-7.14703495204e-19 	0.0857945913936 	0.000585404703798 	146.556033522 	-84.2057754794 	37.3036143093 	0.353186151042 	-1.80033106857e-20
0.504 	0.224058577406 	-3.7882407809e-20 	0.0855238577076 	0.000584332166009 	146.361714591 	-84.6150399766 	37.3137261173 	0.404479946249 	-4.7620717615e-20
0.504 	0.225523012552 	-7.42552956051e-19 	0.0855238577076 	0.000584332166009 	146.361714591 	-84.6150399766 	37.3137261173 	0.404479946249 	-4.7620717615e-20
0.504 	0.226987447699 	3.0100627227e-19 	0.08527451681 	0.000583342969958 	146.182471036 	-85.0052065252 	37.3232542761 	0.456622308162 	8.2448368347e-20
0.504 	0.228451882845 	-1.78178783593e-19 	0.08527451681 	0.000583342969958 	146.182471036 	-85.0052065252 	37.3232542761 	0.456622308162 	8.2448368347e-20
0.504 	0.229916317992 	-1.08408091419e-19 	0.0850466321929 	0.000582437401612 	146.018493932 	-85.3762691403 	37.3321812533 	0.509574247538 	-4.49885039205e-21
0.504 	0.231380753138 	-9.71708243246e-20 	0.0850466321929 	0.000582437401612 	146.018493932 	-85.3762691403 	37.3321812533 	0.509574247538 	-4.49885039205e-21
0.504 	0.232845188285 	-1.2313706955e-18 	0.0848394224522 	0.000581612523912 	145.869318428 	-85.727040947 	37.3404938735 	0.563433120946 	-4.51410989849e-20
0.504 	0.234309623431 	5.67265719864e-19 	0.0848394224522 	0.000581612523912 	145.869318428 	-85.727040947 	37.3404938735 	0.563433120946 	-4.51410989849e-20
0.504 	0.235774058577 	1.9345779353e-19 	0.084653497084 	0.000580870528109 	145.735569266 	-86.0580944906 	37.3481710964 	0.618089095052 	1.78568330276e-19
0.504 	0.237238493724 	-3.75016546452e-19 	0.084653497084 	0.000580870528109 	145.735569266 	-86.0580944906 	37.3481710964 	0.618089095052 	1.78568330276e-19
0.504 	0.23870292887 	2.14218539634e-19 	0.0844874488702 	0.000580205951522 	145.616308569 	-86.3673198887 	37.3552021922 	0.673748917965 	-1.86494246909e-19
0.504 	0.240167364017 	-7.00832283054e-19 	0.0844874488702 	0.000580205951522 	145.616308569 	-86.3673198887 	37.3552021922 	0.673748917965 	-1.86494246909e-19
0.504 	0.241631799163 	1.29668533648e-18 	0.0844874488702 	0.000580205951522 	145.616308569 	-86.3673198887 	37.3552021922 	0.673748917965 	-1.86494246909e-19
0.504 	0.24309623431 	-4.43775630379e-19 	0.0843430037758 	0.000579624954076 	145.513065272 	-86.6565585806 	37.3615597137 	0.730145309762 	-1.10522475399e-19
0.504 	0.244560669456 	3.46869911001e-19 	0.0843430037758 	0.000579624954076 	145.513065272 	-86.6565585806 	37.3615597137 	0.730145309762 	-1.10522475399e-19
0.504 	0.246025104603 	1.00817341921e-18 	0.0842173100522 	0.000579116349698 	145.423816986 	-86.9217916468 	37.367239204 	0.787719076839 	6.27292079533e-20
0.504 	0.247489539749 	-1.57233850159e-18 	0.0842173100522 	0.000579116349698 	145.423816986 	-86.9217916468 	37.367239204 	0.787719076839 	6.27292079533e-20
0.504 	0.248953974895 	-1.87342971239e-19 	0.0841143771448 	0.000578694485852 	145.351958937 	-87.1674910871 	37.372201386 	0.845869027198 	3.9037757872e-20
0.504 	0.250418410042 	4.2658901228e-19 	0.0841143771448 	0.000578694485852 	145.351958937 	-87.1674910871 	37.372201386 	0.845869027198 	3.9037757872e-20
0.504 	0.251882845188 	1.2378671757e-18 	0.0840282490142 	0.000578335958465 	145.293142825 	-87.3858435421 	37.3764546397 	0.905517893477 	1.43183309531e-19
0.504 	0.253347280335 	-1.13956852224e-20 	0.0840282490142 	0.000578335958465 	145.293142825 	-87.3858435421 	37.3764546397 	0.905517893477 	1.43183309531e-19
0.504 	0.254811715481 	-3.94477926482e-19 	0.0840282490142 	0.000578335958465 	145.293142825 	-87.3858435421 	37.3764546397 	0.905517893477 	1.43183309531e-19
0.504 	0.256276150628 	1.06926691288e-18 	0.0839675124815 	0.000578071554617 	145.254530881 	-87.5864941153 	37.3799335217 	0.965387419735 	1.21526201e-21
0.504 	0.257740585774 	-7.8017799994e-19 	0.0839675124815 	0.000578071554617 	145.254530881 	-87.5864941153 	37.3799335217 	0.965387419735 	1.21526201e-21
0.504 	0.259205020921 	-6.18794836718e-19 	0.0839199074335 	0.000577853062615 	145.227070449 	-87.7544218906 	37.3826733991 	1.02735253409 	-1.52742788974e-19
0.504 	0.260669456067 	1.47272808743e-18 	0.0839199074335 	0.000577853062615 	145.227070449 	-87.7544218906 	37.3826733991 	1.02735253409 	-1.52742788974e-19
0.504 	0.262133891213 	5.16408348241e-19 	0.0839029458758 	0.000577743137915 	145.225343876 	-87.9089191512 	37.3845756889 	1.08882252568 	-6.07547966859e-20
0.504 	0.26359832636 	-4.00772320523e-19 	0.0839029458758 	0.000577743137915 	145.225343876 	-87.9089191512 	37.3845756889 	1.08882252568 	-6.07547966859e-20
0.504 	0.265062761506 	-1.23376531146e-19 	0.0839029458758 	0.000577743137915 	145.225343876 	-87.9089191512 	37.3845756889 	1.08882252568 	-6.07547966859e-20
0.504 	0.266527196653 	1.05508185917e-18 	0.0838919883355 	0.000577644546186 	145.231161429 	-88.0219533266 	37.3857499534 	1.15347353971 	8.53775318184e-20
0.504 	0.267991631799 	-4.93996664475e-19 	0.0838919883355 	0.000577644546186 	145.231161429 	-88.0219533266 	37.3857499534 	1.15347353971 	8.53775318184e-20
0.504 	0.269456066946 	-1.5846899676e-18 	0.0839208208959 	0.000577676980456 	145.272918491 	-88.1298146031 	37.385996067 	1.21628617384 	1.48950156258e-19
0.504 	0.270920502092 	6.08357901655e-20 	0.0839208208959 	0.000577676980456 	145.272918491 	-88.1298146031 	37.385996067 	1.21628617384 	1.48950156258e-19
0.504 	0.272384937238 	2.49710567485e-19 	0.0839208208959 	0.000577676980456 	145.272918491 	-88.1298146031 	37.385996067 	1.21628617384 	1.48950156258e-19
0.504 	0.273849372385 	-1.70351641279e-19 	0.083941132164 	0.000577648278296 	145.315298804 	-88.1823060049 	37.3855074167 	1.2841845477 	-2.47897653391e-19
0.504 	0.275313807531 	2.39041928554e-19 	0.083941132164 	0.000577648278296 	145.315298804 	-88.1823060049 	37.3855074167 	1.2841845477 	-2.47897653391e-19
0.504 	0.276778242678 	8.71911033507e-19 	0.0840152671569 	0.000577774303418 	145.411913718 	-88.2437875544 	37.3838959528 	1.34787087692 	2.32888596845e-19
0.504 	0.278242677824 	-5.29089891321e-19 	0.0840152671569 	0.000577774303418 	145.411913718 	-88.2437875544 	37.3838959528 	1.34787087692 	2.32888596845e-19
0.504 	0.279707112971 	8.58958440993e-19 	0.0840152671569 	0.000577774303418 	145.411913718 	-88.2437875544 	37.3838959528 	1.34787087692 	2.32888596845e-19
0.504 	0.281171548117 	-1.05204324223e-19 	0.0840504593464 	0.000577679803672 	145.496620813 	-88.2288569384 	37.3816506985 	1.41983788045 	-8.02792502905e-20
0.504 	0.282635983264 	-6.04781993204e-19 	0.0840504593464 	0.000577679803672 	145.496620813 	-88.2288569384 	37.3816506985 	1.41983788045 	-8.02792502905e-20
0.504 	0.28410041841 	1.90566845171e-20 	0.0841537753398 	0.000577718023551 	145.665829884 	-88.2446691864 	37.3780043053 	1.48366103799 	-5.43311879542e-20
0.504 	0.285564853556 	8.83087188103e-19 	0.0841537753398 	0.000577718023551 	145.665829884 	-88.2446691864 	37.3780043053 	1.48366103799 	-5.43311879542e-20
0.504 	0.287029288703 	-1.00232345694e-18 	0.0841537753398 	0.000577718023551 	145.665829884 	-88.2446691864 	37.3780043053 	1.48366103799 	-5.43311879542e-20
0.504 	0.288493723849 	1.14794060875e-19 	0.0841499954884 	0.000577161731553 	145.799679514 	-88.1548356235 	37.3740183526 	1.56082766775 	-4.80994205218e-20
0.504 	0.289958158996 	-2.92464570236e-20 	0.0841499954884 	0.000577161731553 	145.799679514 	-88.1548356235 	37.3740183526 	1.56082766775 	-4.80994205218e-20
0.504 	0.291422594142 	7.02560722362e-19 	0.0841499954884 	0.000577161731553 	145.799679514 	-88.1548356235 	37.3740183526 	1.56082766775 	-4.80994205218e-20
0.504 	0.292887029289 	-4.24330632004e-21 	0.0842128320955 	0.000576531665369 	146.068008323 	-88.1248099978 	37.3680697591 	1.62377887572 	3.19570052264e-21
0.504 	0.294351464435 	-1.43150991199e-18 	0.0842128320955 	0.000576531665369 	146.068008323 	-88.1248099978 	37.3680697591 	1.62377887572 	3.19570052264e-21
0.504 	0.295815899582 	-6.37431662798e-19 	0.0840276725777 	0.000574474480836 	146.268764551 	-87.9541583537 	37.3625355269 	1.70751903947 	5.07609093582e-20
0.504 	0.297280334728 	5.06616724386e-19 	0.0840276725777 	0.000574474480836 	146.268764551 	-87.9541583537 	37.3625355269 	1.70751903947 	5.07609093582e-20
0.504 	0.298744769874 	3.61215618406e-20 	0.0840276725777 	0.000574474480836 	146.268764551 	-87.9541583537 	37.3625355269 	1.70751903947 	5.07609093582e-20
0.504 	0.300209205021 	4.08955011207e-19 	0.0838736257424 	0.000571708391899 	146.707004709 	-87.8737440734 	37.3532071527 	1.76844961229 	2.27756645949e-20
0.504 	0.301673640167 	1.32732266946e-18 	0.0838736257424 	0.000571708391899 	146.707004709 	-87.8737440734 	37.3532071527 	1.76844961229 	2.27756645949e-20
0.504 	0.303138075314 	-9.91061442344e-19 	0.0838736257424 	0.000571708391899 	146.707004709 	-87.8737440734 	37.3532071527 	1.76844961229 	2.27756645949e-20
0.504 	0.30460251046 	-1.35065941174e-19 	0.0832445847902 	0.000565988675098 	147.078180983 	-87.6230831023 	37.3435662228 	1.85994864713 	1.26589682257e-19
0.504 	0.306066945607 	-2.48473200481e-19 	0.0832445847902 	0.000565988675098 	147.078180983 	-87.6230831023 	37.3435662228 	1.85994864713 	1.26589682257e-19
0.504 	0.307531380753 	-3.51647995757e-19 	0.0826276426476 	0.000558562254906 	147.929155473 	-87.4759332206 	37.3223109793 	1.91783235979 	-1.14584170272e-19
0.504 	0.3089958159 	-1.70404561388e-19 	0.0826276426476 	0.000558562254906 	147.929155473 	-87.4759332206 	37.3223109793 	1.91783235979 	-1.14584170272e-19
0.504 	0.310460251046 	3.68868578433e-19 	0.0826276426476 	0.000558562254906 	147.929155473 	-87.4759332206 	37.3223109793 	1.91783235979 	-1.14584170272e-19
0.504 	0.311924686192 	1.1250106384e-19 	0.0813954842532 	0.000547350743304 	148.708091199 	-87.1627412293 	37.2967941305 	2.01688023686 	-2.47644347557e-20
0.504 	0.313389121339 	5.147742853e-20 	0.0813954842532 	0.000547350743304 	148.708091199 	-87.1627412293 	37.2967941305 	2.01688023686 	-2.47644347557e-20
0.504 	0.314853556485 	7.84567583501e-20 	0.0813954842532 	0.000547350743304 	148.708091199 	-87.1627412293 	37.2967941305 	2.01688023686 	-2.47644347557e-20
0.504 	0.316317991632 	-5.91358483422e-19 	0.0809787237106 	0.000537529225452 	150.649899347 	-86.9079118434 	37.2345463716 	2.07115667048 	2.26099037974e-20
0.504 	0.317782426778 	-7.35696275139e-19 	0.0809787237106 	0.000537529225452 	150.649899347 	-86.9079118434 	37.2345463716 	2.07115667048 	2.26099037974e-20
0.504 	0.319246861925 	2.76672049194e-19 	0.0809787237106 	0.000537529225452 	150.649899347 	-86.9079118434 	37.2345463716 	2.07115667048 	2.26099037974e-20
0.504 	0.320711297071 	2.50165706961e-19 	0.0811396622657 	0.00049165007768 	153.083793517 	-86.5832584254 	37.1330974655 	2.17222167885 	-1.36502349226e-19
0.504 	0.322175732218 	1.91556439637e-19 	0.0811396622657 	0.00049165007768 	153.083793517 	-86.5832584254 	37.1330974655 	2.17222167885 	-1.36502349226e-19
0.504 	0.323640167364 	4.43027044164e-19 	0.0811396622657 	0.00049165007768 	153.083793517 	-86.5832584254 	37.1330974655 	2.17222167885 	-1.36502349226e-19
0.504 	0.32510460251 	6.29200557146e-19 	0.0829322354442 	0.000431860879775 	157.428788524 	-86.1409454029 	36.9504767097 	2.22273550223 	2.18591786072e-19
0.504 	0.326569037657 	-2.2351636574e-19 	0.0829322354442 	0.000431860879775 	157.428788524 	-86.1409454029 	36.9504767097 	2.22273550223 	2.18591786072e-19
0.504 	0.328033472803 	2.65202455796e-19 	0.0829322354442 	0.000431860879775 	157.428788524 	-86.1409454029 	36.9504767097 	2.22273550223 	2.18591786072e-19
0.504 	0.32949790795 	1.46827729088e-19 	0.084315079833 	0.000341859632739 	162.582065755 	-85.9065660949 	36.7368815071 	2.31555522363 	-1.42201647441e-19
0.504 	0.330962343096 	-2.65083584572e-19 	0.084315079833 	0.000341859632739 	162.582065755 	-85.9065660949 	36.7368815071 	2.31555522363 	-1.42201647441e-19
0.504 	0.332426778243 	-1.18091618869e-19 	0.084315079833 	0.000341859632739 	162.582065755 	-85.9065660949 	36.7368815071 	2.31555522363 	-1.42201647441e-19
0.504 	0.333891213389 	-2.16767215121e-19 	0.077083579774 	0.000509771592345 	151.211995591 	-85.1360675632 	36.385698051 	2.37210226433 	7.70114293338e-20
0.504 	0.335355648536 	-1.30147501839e-18 	0.077083579774 	0.000509771592345 	151.211995591 	-85.1360675632 	36.385698051 	2.37210226433 	7.70114293338e-20
0.504 	0.336820083682 	4.72690262429e-19 	0.077083579774 	0.000509771592345 	151.211995591 	-85.1360675632 	36.385698051 	2.37210226433 	7.70114293338e-20
