0.546 	0 	0 	4.24877281988 	3.27606011377e-05 	129691.540214 	10.8687353879 	13.6196174367 	-0.00130468496332 	-5.27275417651e-22
0.546 	0.00146443514644 	-1.05393211912e-18 	7.55869191489 	0.00106547810278 	7094.17856191 	10.767822969 	22.8051559447 	-0.0437237760368 	1.26464020901e-22
0.546 	0.00292887029289 	8.99992409223e-19 	8.96463489938 	0.00228575985632 	3921.94957602 	10.5825507328 	24.7037150091 	-0.109037128978 	-3.71057647042e-23
0.546 	0.00439330543933 	1.11607798935e-18 	9.62768463083 	0.00297577572503 	3235.35290306 	10.421866152 	25.8728594326 	-0.169209018947 	3.03054033123e-22
0.546 	0.00585774058577 	3.4318495652e-19 	9.88468483195 	0.00333528262534 	2963.67233075 	10.2548092299 	26.960739243 	-0.231137699696 	4.46360855302e-22
0.546 	0.00732217573222 	1.43914023844e-18 	9.69097294774 	0.00341943431037 	2834.08659682 	10.0661508617 	28.0562797437 	-0.292233544525 	8.09874097431e-22
0.546 	0.00878661087866 	-6.84057175117e-19 	8.95550323078 	0.00328793226342 	2723.74930908 	9.83770255957 	29.1976126337 	-0.349803062588 	1.18832228767e-21
0.546 	0.0102510460251 	2.37809106178e-19 	7.92586334943 	0.00304972230015 	2598.88034692 	9.61491174899 	30.147270003 	-0.391530759934 	5.19919196157e-21
0.546 	0.0117154811715 	-3.6320365253e-18 	6.52857566893 	0.00269061771523 	2426.42261365 	9.34853007563 	31.1171153688 	-0.428210554198 	-1.85395305882e-21
0.546 	0.013179916318 	5.14857015649e-19 	4.89032848426 	0.00221337459407 	2209.44457272 	9.03109352723 	32.0819172162 	-0.459271724512 	-1.09124928801e-21
0.546 	0.0146443514644 	2.77235691674e-20 	3.25082813728 	0.00168156235484 	1933.21890676 	8.65335130112 	32.9883083248 	-0.485113393729 	-8.23628848262e-22
0.546 	0.0161087866109 	1.13528816548e-18 	2.16593173153 	0.00132557218562 	1633.95985148 	8.32536496201 	33.5700578942 	-0.502182860995 	-6.19022564905e-22
0.546 	0.0175732217573 	3.84559267975e-18 	1.1938192636 	0.00101833398518 	1172.32585868 	7.82635794232 	34.1323215839 	-0.523924370649 	4.24760867119e-21
0.546 	0.0190376569038 	3.83646728191e-18 	0.814243304442 	0.000901215984077 	903.49407781 	7.40908100717 	34.3989866422 	-0.539935960255 	3.57481062441e-21
0.546 	0.0205020920502 	1.48516947731e-18 	0.599658528784 	0.000814202091034 	736.498389512 	6.95814079306 	34.5786317174 	-0.555336457529 	6.95763763639e-21
0.546 	0.0219665271967 	3.01255505017e-18 	0.461187821711 	0.000728588762753 	632.987832489 	6.47424435318 	34.7004504849 	-0.569881700678 	2.10354704652e-21
0.546 	0.0234309623431 	-1.55426620255e-18 	0.361820235931 	0.000646219688788 	559.902835225 	5.95704793791 	34.7773605683 	-0.583594008802 	-6.36084643594e-21
0.546 	0.0248953974895 	3.69379244269e-18 	0.288861106992 	0.000574671154396 	502.654613482 	5.40603938501 	34.8200430308 	-0.596685901524 	-1.03500833738e-21
0.546 	0.026359832636 	6.3569088191e-19 	0.252114130446 	0.000535656341301 	470.66395188 	5.0195948703 	34.8362649614 	-0.605209894926 	-8.26543868506e-21
0.546 	0.0278242677824 	-3.18478366888e-19 	0.211787630177 	0.000491946510716 	430.509467115 	4.41057653436 	34.8524583472 	-0.617860751455 	-1.59028052813e-21
0.546 	0.0292887029289 	-1.04707826229e-19 	0.185751522688 	0.000465817768343 	398.764356604 	3.76524395189 	34.8668796486 	-0.630432485659 	7.50222891963e-21
0.546 	0.0307531380753 	-8.43420868605e-19 	0.174462456564 	0.000457135258502 	381.642967413 	3.31416195342 	34.8773141283 	-0.638760391884 	4.5382870345e-21
0.546 	0.0322175732218 	-3.2881592063e-19 	0.166853327529 	0.000454299832199 	367.275785072 	2.84589292781 	34.8885003348 	-0.647020174567 	-3.87085684099e-22
0.546 	0.0336820083682 	3.43680920603e-18 	0.160477509991 	0.000458616278811 	349.916733019 	2.11032966987 	34.9063124965 	-0.659230794455 	-3.32134715072e-22
0.546 	0.0351464435146 	-2.68322921992e-19 	0.158567397884 	0.000465704390911 	340.489376906 	1.5972287592 	34.9187246542 	-0.66722076551 	-1.12922927311e-21
0.546 	0.0366108786611 	1.74751867369e-18 	0.157893397949 	0.000475150521633 	332.301851225 	1.06545457359 	34.9315579892 	-0.675066774835 	4.08560642833e-22
0.546 	0.0380753138075 	2.11193615628e-18 	0.158053186522 	0.000486297286691 	325.013506857 	0.514587394161 	34.9448524097 	-0.6827480294 	7.11879904495e-22
0.546 	0.039539748954 	1.64648240944e-18 	0.158754578445 	0.000498668628974 	318.356859086 	-0.055787277189 	34.9586526412 	-0.690242423902 	-1.23157356813e-22
0.546 	0.0410041841004 	1.00112669423e-18 	0.159794859587 	0.000511940570125 	312.135565947 	-0.64607525638 	34.9729943258 	-0.697526320411 	-1.21178118064e-21
0.546 	0.0424686192469 	3.31462385139e-19 	0.16103892533 	0.000525903097648 	306.214065006 	-1.25666999499 	34.9879019427 	-0.704574540356 	7.2469176442e-22
0.546 	0.0439330543933 	8.42610196734e-19 	0.162399311054 	0.000540423429541 	300.503831212 	-1.8879490141 	35.003391156 	-0.711360410583 	1.20751220125e-21
0.546 	0.0453974895397 	4.6917234856e-20 	0.163819944843 	0.00055541607184 	294.949954005 	-2.54027054036 	35.0194715993 	-0.717855806708 	-2.84445205679e-21
0.546 	0.0468619246862 	5.95756045208e-19 	0.165264152937 	0.000570821163699 	289.520016857 	-3.21397030543 	35.036149102 	-0.724031191847 	-2.60037533235e-21
0.546 	0.0483263598326 	3.00702787032e-19 	0.166706523161 	0.000586590240777 	284.195868892 	-3.90935845569 	35.0534279357 	-0.729855663759 	5.23098558971e-21
0.546 	0.0497907949791 	8.82690117601e-20 	0.167420845713 	0.000594597025981 	281.570270953 	-4.26527485921 	35.0622944351 	-0.732626290878 	-8.383654149e-21
0.546 	0.0512552301255 	1.24964575723e-18 	0.168825313927 	0.000610825709592 	276.388683836 	-4.99371377661 	35.0804866532 	-0.737863600117 	-1.29847913416e-21
0.546 	0.052719665272 	3.04100125105e-19 	0.170184811478 	0.000627298773849 	271.297854504 	-5.74448501837 	35.0993016174 	-0.742667101453 	7.53392710864e-21
0.546 	0.0541841004184 	1.15835820595e-19 	0.170843075875 	0.000635609631654 	268.786165858 	-6.12830844219 	35.1089477894 	-0.744895174299 	-6.8927402266e-22
0.546 	0.0556485355649 	-9.43269508865e-19 	0.1721074455 	0.000652341584229 	263.830253445 	-6.9129364328 	35.1287302001 	-0.748981265362 	-4.00061975634e-21
0.546 	0.0571129707113 	-6.15803370838e-19 	0.173289824577 	0.000669163706678 	258.964768781 	-7.72031694629 	35.1491847312 	-0.752542725018 	-2.11142796053e-21
0.546 	0.0585774058577 	-2.62502304234e-19 	0.173845498697 	0.000677585332904 	256.566206875 	-8.13257089445 	35.1596711367 	-0.754114689819 	3.18561301757e-21
0.546 	0.0600418410042 	5.16568119806e-19 	0.174875980476 	0.000694398336473 	251.838132799 	-8.97424412151 	35.1811752841 	-0.756816260387 	1.84557444568e-20
0.546 	0.0615062761506 	-2.9876595498e-19 	0.175346738662 	0.000702767377967 	249.508933055 	-9.40366949045 	35.1921973752 	-0.757935660487 	-2.07582692428e-20
0.546 	0.0629707112971 	6.62653727046e-19 	0.176188867036 	0.000719370007027 	244.921063312 	-10.2796889225 	35.2147892493 	-0.759685480859 	1.96346119453e-20
0.546 	0.0644351464435 	-3.51274890612e-19 	0.176555950564 	0.000727577425458 	242.662766032 	-10.7262693652 	35.2263606394 	-0.76030514339 	-8.62558621994e-21
0.546 	0.06589958159 	-2.59496090345e-19 	0.176884124662 	0.000735703657479 	240.428497077 	-11.1785486689 	35.2381159878 	-0.76074732385 	8.52134741662e-22
0.546 	0.0673640167364 	2.16442598241e-19 	0.177414723392 	0.000751652347288 	236.032953309 	-12.1001368947 	35.2621777749 	-0.761076807161 	2.02201627213e-20
0.546 	0.0688284518828 	2.39544446841e-18 	0.177612503265 	0.000759442631718 	233.87217921 	-12.5694027491 	35.2744836972 	-0.760952715018 	-1.32011070554e-21
0.546 	0.0702928870293 	9.65520729235e-19 	0.177860835392 	0.000774567519563 	229.625992441 	-13.5247404841 	35.2996459633 	-0.760097895188 	8.31314547865e-21
0.546 	0.0717573221757 	1.74692195135e-18 	0.177906178917 	0.00078186377517 	227.541145359 	-14.0107450886 	35.3125037376 	-0.759355403031 	2.71398119291e-21
0.546 	0.0732217573222 	4.450337674e-19 	0.177895246232 	0.000788954851385 	225.482162787 	-14.5022549767 	35.3255477313 	-0.758394916508 	6.69186912125e-21
0.546 	0.0746861924686 	-8.61512486516e-19 	0.177825002559 	0.000795818124484 	223.449299642 	-14.9992258517 	35.3387798311 	-0.757210406426 	-6.94595584692e-21
0.546 	0.0761506276151 	1.3219745909e-19 	0.177493293444 	0.000808762391469 	219.462842629 	-16.0093512524 	35.365817179 	-0.754144887697 	6.50561322683e-21
0.546 	0.0776150627615 	-2.52529540268e-19 	0.177224547438 	0.000814789323332 	217.509658464 	-16.5223948046 	35.3796271107 	-0.752251508037 	-2.2787460793e-21
0.546 	0.0790794979079 	-1.98360330212e-20 	0.176881904837 	0.000820480058332 	215.583429531 	-17.0406772256 	35.3936343826 	-0.750109365687 	-6.61798058305e-21
0.546 	0.0805439330544 	1.27440586562e-18 	0.176461049524 	0.000825802377522 	213.684356363 	-17.5641313272 	35.4078414254 	-0.747712127242 	-1.99238497114e-20
0.546 	0.0820083682008 	-8.09087468025e-19 	0.175366188308 	0.000835202005108 	209.968591114 	-18.6262615956 	35.436865617 	-0.742126781047 	-3.43001567633e-20
0.546 	0.0834728033473 	-7.36169151245e-19 	0.174682428584 	0.00083920429659 	208.152447853 	-19.1647789488 	35.451689563 	-0.738925789766 	-5.4567038952e-22
0.546 	0.0849372384937 	-1.17406505221e-18 	0.173901091011 	0.000842688680184 	206.364574605 	-19.7081502416 	35.4667279565 	-0.735443971493 	1.73406042055e-20
0.546 	0.0864016736402 	-8.69357830792e-19 	0.173017161284 	0.000845614031972 	204.605357459 	-20.2562835239 	35.4819885009 	-0.731674885634 	-5.97244484494e-21
0.546 	0.0878661087866 	-2.15748879749e-18 	0.172025762036 	0.000847938880108 	202.875190738 	-20.8090818247 	35.4974823219 	-0.727612139877 	-8.11983380503e-22
0.546 	0.0893305439331 	-5.47608566077e-19 	0.170922261314 	0.00084962228724 	201.174408771 	-21.366443203 	35.5132244616 	-0.723249394015 	1.86017104944e-20
0.546 	0.0907949790795 	-4.09145568549e-19 	0.169702378523 	0.000850624927526 	199.503180581 	-21.9282608152 	35.5292329737 	-0.718580315716 	-5.09366760547e-20
0.546 	0.0922594142259 	-7.7072860894e-19 	0.168362316917 	0.000850910437796 	197.86138404 	-22.4944229258 	35.5455256763 	-0.713598468944 	5.814520394e-20
0.546 	0.0937238493724 	-6.78332364354e-19 	0.1668989843 	0.000850447188222 	196.248499155 	-23.0648127685 	35.5621141087 	-0.708297138202 	-4.27479698811e-20
0.546 	0.0951882845188 	-1.69327921289e-18 	0.165310379963 	0.000849210635404 	194.663577058 	-23.6393081408 	35.5789953668 	-0.702669129263 	4.79737132573e-20
0.546 	0.0966527196653 	4.44746666972e-19 	0.163596201164 	0.00084718632446 	193.105337563 	-24.2177806737 	35.5961439637 	-0.696706621701 	-7.89637353636e-20
0.546 	0.0981171548117 	1.34099541279e-18 	0.159803239809 	0.000840787801954 	190.063699114 	-25.3861066035 	35.6310059599 	-0.683743846 	4.47139178293e-20
0.546 	0.0995815899582 	3.85814585847e-19 	0.157739503638 	0.000836465140262 	188.578693893 	-25.9756628322 	35.6485466132 	-0.676725699038 	-3.39501454911e-20
0.546 	0.101046025105 	-1.06237857901e-19 	0.155581051282 	0.000831460872062 	187.117706328 	-26.5686004033 	35.6660357763 	-0.669338114796 	-3.63328710012e-20
0.546 	0.102510460251 	-8.63851885639e-19 	0.155581051282 	0.000831460872062 	187.117706328 	-26.5686004033 	35.6660357763 	-0.669338114796 	-3.63328710012e-20
0.546 	0.103974895397 	-8.91497988792e-19 	0.153345057919 	0.000825848569031 	185.681811012 	-27.1647466136 	35.6834001046 	-0.661573235141 	5.51343865029e-20
0.546 	0.105439330544 	1.58801330554e-19 	0.151051054666 	0.000819715445165 	184.27254916 	-27.7639200574 	35.7006007239 	-0.653424103679 	1.55877969279e-20
0.546 	0.10690376569 	3.61441710716e-19 	0.148719340238 	0.000813156228185 	182.89147286 	-28.3659319932 	35.7176383643 	-0.644884540968 	-4.83454316363e-20
0.546 	0.108368200837 	6.33076954101e-20 	0.146369408984 	0.000806266645691 	181.539704968 	-28.9705877468 	35.73454726 	-0.635948798108 	-2.2964601338e-20
0.546 	0.109832635983 	9.81716507793e-19 	0.144018767929 	0.000799137852382 	180.217677713 	-29.5776877284 	35.751380564 	-0.62661113676 	-8.20025118051e-21
0.546 	0.11129707113 	-1.7069074336e-19 	0.141682338878 	0.000791852655761 	178.925129375 	-30.1870278311 	35.7681931799 	-0.616865498832 	-3.25842935423e-21
0.546 	0.112761506276 	-3.939834553e-19 	0.13937241291 	0.000784483697467 	177.661324716 	-30.7983992167 	35.7850281928 	-0.606705364482 	-4.20770356677e-21
0.546 	0.114225941423 	3.24377019996e-19 	0.137098952866 	0.000777093148714 	176.425378467 	-31.4115877214 	35.8019105615 	-0.596123797643 	2.46440232957e-20
0.546 	0.115690376569 	5.59824308352e-19 	0.13486999138 	0.000769733216381 	175.216540627 	-32.0263731667 	35.8188480543 	-0.585113599519 	6.59583090053e-21
0.546 	0.117154811715 	3.33612227904e-19 	0.132691943652 	0.00076244686563 	174.034348666 	-32.6425288145 	35.8358366053 	-0.573667471823 	-2.6375574628e-20
0.546 	0.118619246862 	2.53488702799e-19 	0.130569781678 	0.000755268486773 	172.878630533 	-33.2598210496 	35.8528664997 	-0.561778123791 	6.64571782659e-22
0.546 	0.120083682008 	1.39727024219e-18 	0.130569781678 	0.000755268486773 	172.878630533 	-33.2598210496 	35.8528664997 	-0.561778123791 	6.64571782659e-22
0.546 	0.121548117155 	-7.55825616084e-19 	0.128507120944 	0.000748224535365 	171.749407926 	-33.8780092589 	35.8699268728 	-0.549438309788 	-9.24638016037e-21
0.546 	0.123012552301 	-1.51286217254e-18 	0.12650630499 	0.000741334297338 	170.646772237 	-34.4968458175 	35.8870077815 	-0.536640821175 	7.24144973022e-20
0.546 	0.124476987448 	5.26458419955e-19 	0.124568544475 	0.000734610871575 	169.570788147 	-35.1160760943 	35.9041004511 	-0.523378464366 	-6.27658191362e-20
0.546 	0.125941422594 	2.71752040249e-19 	0.122694115914 	0.000728062328824 	168.521445289 	-35.7354384368 	35.9211967376 	-0.509644045599 	8.25381570237e-20
0.546 	0.127405857741 	3.78922579151e-19 	0.12088258903 	0.00072169291183 	167.498650809 	-36.3546641291 	35.9382885762 	-0.495430366695 	-5.1168916942e-20
0.546 	0.128870292887 	-5.1434053379e-19 	0.12088258903 	0.00072169291183 	167.498650809 	-36.3546641291 	35.9382885762 	-0.495430366695 	-5.1168916942e-20
0.546 	0.130334728033 	-8.39845147025e-19 	0.11913304335 	0.000715504129962 	166.502244168 	-36.9734773326 	35.9553677065 	-0.480730227206 	4.87827352809e-20
0.546 	0.13179916318 	3.54380840602e-19 	0.117444246188 	0.00070949565063 	165.532017122 	-37.5915950279 	35.9724256266 	-0.465536427536 	-4.43188656958e-20
0.546 	0.133263598326 	4.47023023443e-19 	0.115814781956 	0.000703665956614 	164.58772926 	-38.208726954 	35.9894536308 	-0.449841770209 	5.29196659675e-20
0.546 	0.134728033473 	1.87646022149e-19 	0.115814781956 	0.000703665956614 	164.58772926 	-38.208726954 	35.9894536308 	-0.449841770209 	5.29196659675e-20
0.546 	0.136192468619 	-1.0109733443e-19 	0.114243137134 	0.000698012792006 	163.66911673 	-38.8245755531 	36.0064428327 	-0.433639059478 	-1.02108652824e-19
0.546 	0.137656903766 	1.60034624849e-19 	0.112727752663 	0.000692533447985 	162.775896226 	-39.4388359162 	36.0233841518 	-0.416921100277 	1.21051800559e-20
0.546 	0.139121338912 	5.06789658413e-19 	0.111267056959 	0.000687224945455 	161.907767893 	-40.0511957239 	36.0402682883 	-0.399680697242 	8.04785111535e-20
0.546 	0.140585774059 	-8.89810461564e-19 	0.111267056959 	0.000687224945455 	161.907767893 	-40.0511957239 	36.0402682883 	-0.399680697242 	8.04785111535e-20
0.546 	0.142050209205 	-8.84794338665e-20 	0.10985948926 	0.000682084159083 	161.064419686 	-40.6613351867 	36.0570857095 	-0.381910653797 	-5.1724089768e-20
0.546 	0.143514644351 	4.45142197278e-19 	0.108503516671 	0.000677107903729 	160.245532615 	-41.2689269818 	36.0738266481 	-0.363603770761 	1.44131702982e-20
0.546 	0.144979079498 	2.05266241269e-18 	0.107197643914 	0.000672292986498 	159.450784207 	-41.8736361878 	36.090481104 	-0.34475284476 	-5.40704163187e-20
0.546 	0.146443514644 	-4.87214471731e-19 	0.107197643914 	0.000672292986498 	159.450784207 	-41.8736361878 	36.090481104 	-0.34475284476 	-5.40704163187e-20
0.546 	0.147907949791 	1.18251281299e-18 	0.105940416257 	0.000667636229496 	158.67984926 	-42.4751202136 	36.107038841 	-0.325350666017 	6.9914673406e-20
0.546 	0.149372384937 	-2.45740057469e-19 	0.104730419505 	0.000663134478253 	157.932399747 	-43.0730287266 	36.1234893803 	-0.305390016164 	-4.63738694208e-20
0.546 	0.150836820084 	3.57611415761e-19 	0.104730419505 	0.000663134478253 	157.932399747 	-43.0730287266 	36.1234893803 	-0.305390016164 	-4.63738694208e-20
0.546 	0.15230125523 	-1.6767130586e-18 	0.103566280112 	0.000658784608121 	157.208105404 	-43.667003572 	36.1398219952 	-0.284863665462 	5.78267655326e-20
0.546 	0.153765690377 	9.31221644223e-19 	0.102446665959 	0.000654583531893 	156.506635086 	-44.2566786885 	36.1560257102 	-0.263764369599 	1.69376693386e-20
0.546 	0.155230125523 	1.10691304094e-18 	0.101370287193 	0.000650528206886 	155.827658386 	-44.8416800152 	36.1720893074 	-0.242084866201 	-1.07234325038e-19
0.546 	0.156694560669 	-1.4934021966e-18 	0.101370287193 	0.000650528206886 	155.827658386 	-44.8416800152 	36.1720893074 	-0.242084866201 	-1.07234325038e-19
0.546 	0.158158995816 	-3.64066655518e-20 	0.100335895804 	0.000646615636977 	155.170846584 	-45.4216253958 	36.1880013346 	-0.219817870559 	5.55077545123e-20
0.546 	0.159623430962 	3.78235510396e-19 	0.0993422827993 	0.000642842865832 	154.535871952 	-45.9961244699 	36.2037501023 	-0.196956070876 	2.25359542964e-20
0.546 	0.161087866109 	1.22950806271e-19 	0.0993422827993 	0.000642842865832 	154.535871952 	-45.9961244699 	36.2037501023 	-0.196956070876 	2.25359542964e-20
0.546 	0.162552301255 	-4.24579471774e-19 	0.0983882737535 	0.000639206964967 	153.922405646 	-46.5647785608 	36.2193236671 	-0.173492123225 	-1.46609431359e-19
0.546 	0.164016736402 	-5.80884403789e-19 	0.0983882737535 	0.000639206964967 	153.922405646 	-46.5647785608 	36.2193236671 	-0.173492123225 	-1.46609431359e-19
0.546 	0.165481171548 	5.04689895771e-19 	0.097472726231 	0.00063570503022 	153.330116323 	-47.1271805501 	36.2347098135 	-0.149418646221 	1.02837185968e-19
0.546 	0.166945606695 	4.09061012268e-19 	0.0965945319334 	0.000632334197333 	152.758671508 	-47.6829147413 	36.2498960472 	-0.124728215458 	2.69278610434e-20
0.546 	0.168410041841 	-2.14326132914e-19 	0.0965945319334 	0.000632334197333 	152.758671508 	-47.6829147413 	36.2498960472 	-0.124728215458 	2.69278610434e-20
0.546 	0.169874476987 	2.01947634614e-19 	0.0957526209202 	0.000629091665896 	152.20774032 	-48.23155671 	36.2648695962 	-0.0994133568209 	5.08897150727e-20
0.546 	0.171338912134 	2.87928011339e-19 	0.0949459620689 	0.000625974706378 	151.676994456 	-48.7726731497 	36.2796174101 	-0.0734665399468 	-2.26174486e-20
0.546 	0.17280334728 	-1.85445890299e-19 	0.0949459620689 	0.000625974706378 	151.676994456 	-48.7726731497 	36.2796174101 	-0.0734665399468 	-2.26174486e-20
0.546 	0.174267782427 	-3.50293874219e-19 	0.0941735617308 	0.000622980719709 	151.166093511 	-49.3058216871 	36.2941261525 	-0.0468801694595 	-7.00421165299e-20
0.546 	0.175732217573 	-6.47240813943e-19 	0.0941735617308 	0.000622980719709 	151.166093511 	-49.3058216871 	36.2941261525 	-0.0468801694595 	-7.00421165299e-20
0.546 	0.17719665272 	2.14353690319e-19 	0.0934344621983 	0.000620107122426 	150.67471219 	-49.8305507177 	36.3083821947 	-0.0196465791773 	6.20073969806e-21
0.546 	0.178661087866 	6.89766063559e-20 	0.0927277404695 	0.000617351390257 	150.202529601 	-50.3463991573 	36.3223716076 	0.00824198146869 	8.51277586123e-20
0.546 	0.180125523013 	-4.99689102397e-19 	0.0927277404695 	0.000617351390257 	150.202529601 	-50.3463991573 	36.3223716076 	0.00824198146869 	8.51277586123e-20
0.546 	0.181589958159 	1.84615402612e-19 	0.0920525080964 	0.00061471106565 	149.749228931 	-50.8528963059 	36.3360801529 	0.0367933477308 	-5.55203120799e-20
0.546 	0.183054393305 	-1.71540357486e-18 	0.0920525080964 	0.00061471106565 	149.749228931 	-50.8528963059 	36.3360801529 	0.0367933477308 	-5.55203120799e-20
0.546 	0.184518828452 	8.60536356133e-19 	0.0914079107343 	0.000612183759415 	149.314498022 	-51.3495614487 	36.3494932728 	0.0660154667379 	-3.00100587345e-20
0.546 	0.185983263598 	-1.00781564402e-18 	0.0907931280373 	0.00060976715235 	148.898030482 	-51.8359038852 	36.362596079 	0.0959163768096 	-5.00164596621e-20
0.546 	0.187447698745 	-5.39566648135e-19 	0.0907931280373 	0.00060976715235 	148.898030482 	-51.8359038852 	36.362596079 	0.0959163768096 	-5.00164596621e-20
0.546 	0.188912133891 	-8.55426978289e-19 	0.0902073735313 	0.000607458996261 	148.499526859 	-52.3114221244 	36.3753733408 	0.126504275982 	1.55916690946e-19
0.546 	0.190376569038 	4.13179534178e-19 	0.0902073735313 	0.000607458996261 	148.499526859 	-52.3114221244 	36.3753733408 	0.126504275982 	1.55916690946e-19
0.546 	0.191841004184 	5.83880722574e-19 	0.0896498955737 	0.000605257118866 	148.118696632 	-52.7756045164 	36.3878094813 	0.157787431768 	-1.32658629782e-19
0.546 	0.193305439331 	1.2886155189e-19 	0.0896498955737 	0.000605257118866 	148.118696632 	-52.7756045164 	36.3878094813 	0.157787431768 	-1.32658629782e-19
0.546 	0.194769874477 	3.98017697684e-19 	0.0891199767214 	0.000603159423026 	147.755258924 	-53.2279272606 	36.3998885689 	0.189774376378 	-2.72240611063e-20
0.546 	0.196234309623 	1.64099840825e-18 	0.0891199767214 	0.000603159423026 	147.755258924 	-53.2279272606 	36.3998885689 	0.189774376378 	-2.72240611063e-20
0.546 	0.19769874477 	1.34787134606e-19 	0.0886169338923 	0.000601163889161 	147.408943701 	-53.6678569634 	36.4115943127 	0.222473600272 	7.00758898692e-20
0.546 	0.199163179916 	6.64394111888e-19 	0.0881401131545 	0.000599268558187 	147.079488737 	-54.0948451925 	36.4229100278 	0.255894124631 	8.61443626964e-20
0.546 	0.200627615063 	1.95581601061e-19 	0.0881401131545 	0.000599268558187 	147.079488737 	-54.0948451925 	36.4229100278 	0.255894124631 	8.61443626964e-20
0.546 	0.202092050209 	-9.9942066148e-19 	0.0876888935301 	0.000597471548007 	146.766643236 	-54.5083367559 	36.4338186314 	0.29004455426 	2.62059877518e-20
0.546 	0.203556485356 	1.18851818393e-18 	0.0876888935301 	0.000597471548007 	146.766643236 	-54.5083367559 	36.4338186314 	0.29004455426 	2.62059877518e-20
0.546 	0.205020920502 	6.1690815662e-20 	0.087262682304 	0.000595771038639 	146.470164953 	-54.9077544648 	36.4443025935 	0.324934736161 	-3.38464293336e-20
0.546 	0.206485355649 	-2.35575376576e-19 	0.087262682304 	0.000595771038639 	146.470164953 	-54.9077544648 	36.4443025935 	0.324934736161 	-3.38464293336e-20
0.546 	0.207949790795 	-6.32124193757e-19 	0.0868609299757 	0.000594165330302 	146.189832267 	-55.2925235305 	36.4543439779 	0.360573000471 	-1.77448545616e-19
0.546 	0.209414225941 	2.94733654864e-19 	0.0868609299757 	0.000594165330302 	146.189832267 	-55.2925235305 	36.4543439779 	0.360573000471 	-1.77448545616e-19
0.546 	0.210878661088 	-3.48606881224e-19 	0.0864831069825 	0.000592652758662 	145.925427189 	-55.6620296076 	36.4639243384 	0.396970824106 	5.30461972117e-20
0.546 	0.212343096234 	-5.07924829659e-19 	0.0864831069825 	0.000592652758662 	145.925427189 	-55.6620296076 	36.4639243384 	0.396970824106 	5.30461972117e-20
0.546 	0.213807531381 	-7.61697351238e-19 	0.08612874096 	0.000591231834467 	145.676764915 	-56.0156865259 	36.4730248311 	0.434135151648 	4.32807916275e-20
0.546 	0.215271966527 	7.56439343313e-19 	0.08612874096 	0.000591231834467 	145.676764915 	-56.0156865259 	36.4730248311 	0.434135151648 	4.32807916275e-20
0.546 	0.216736401674 	-1.51746978315e-20 	0.0857973548014 	0.000589901012493 	145.443647298 	-56.3528242733 	36.4816259886 	0.47208104505 	-3.29035092648e-20
0.546 	0.21820083682 	7.39743285977e-19 	0.0857973548014 	0.000589901012493 	145.443647298 	-56.3528242733 	36.4816259886 	0.47208104505 	-3.29035092648e-20
0.546 	0.219665271967 	1.00631765107e-18 	0.0854885691217 	0.000588659073912 	145.225943013 	-56.6728682626 	36.4897080019 	0.510811182081 	1.38931090057e-19
0.546 	0.221129707113 	-1.00910644504e-18 	0.0854885691217 	0.000588659073912 	145.225943013 	-56.6728682626 	36.4897080019 	0.510811182081 	1.38931090057e-19
0.546 	0.222594142259 	-6.46185890536e-19 	0.0852019364248 	0.000587504503532 	145.023460948 	-56.9750510536 	36.4972502477 	0.550348898768 	-6.73685267808e-20
0.546 	0.224058577406 	-1.88059750122e-19 	0.0852019364248 	0.000587504503532 	145.023460948 	-56.9750510536 	36.4972502477 	0.550348898768 	-6.73685267808e-20
0.546 	0.225523012552 	-6.87855214785e-19 	0.0849372095673 	0.000586436493281 	144.836159653 	-57.258866611 	36.5042318996 	0.590685592148 	4.51589145791e-20
0.546 	0.226987447699 	6.1808246938e-19 	0.0849372095673 	0.000586436493281 	144.836159653 	-57.258866611 	36.5042318996 	0.590685592148 	4.51589145791e-20
0.546 	0.228451882845 	1.46250398354e-18 	0.0846939140599 	0.000585453331271 	144.663817825 	-57.5233569724 	36.5106310119 	0.63186377959 	-1.60780212202e-19
0.546 	0.229916317992 	6.02612053924e-19 	0.0846939140599 	0.000585453331271 	144.663817825 	-57.5233569724 	36.5106310119 	0.63186377959 	-1.60780212202e-19
0.546 	0.231380753138 	7.13539081545e-19 	0.0844720262188 	0.000584554943587 	144.506563746 	-57.76821578 	36.5164256706 	0.673847355941 	1.07686955216e-19
0.546 	0.232845188285 	-6.20507554095e-19 	0.0844720262188 	0.000584554943587 	144.506563746 	-57.76821578 	36.5164256706 	0.673847355941 	1.07686955216e-19
0.546 	0.234309623431 	1.24165648463e-18 	0.0842709111609 	0.000583738886781 	144.364052266 	-57.9920933246 	36.5215924476 	0.716722441512 	-1.68471567248e-21
0.546 	0.235774058577 	1.58986833731e-19 	0.0842709111609 	0.000583738886781 	144.364052266 	-57.9920933246 	36.5215924476 	0.716722441512 	-1.68471567248e-21
0.546 	0.237238493724 	-3.06706446398e-19 	0.0842709111609 	0.000583738886781 	144.364052266 	-57.9920933246 	36.5215924476 	0.716722441512 	-1.68471567248e-21
0.546 	0.23870292887 	7.43413049558e-19 	0.0840909737948 	0.000583006551223 	144.236756205 	-58.1951670386 	36.5261081366 	0.760389647477 	-1.04064395441e-20
0.546 	0.240167364017 	-5.13690414503e-19 	0.0840909737948 	0.000583006551223 	144.236756205 	-58.1951670386 	36.5261081366 	0.760389647477 	-1.04064395441e-20
0.546 	0.241631799163 	9.32037431609e-19 	0.0839311192675 	0.000582353564596 	144.123989909 	-58.3752782413 	36.5299478564 	0.805031120089 	7.54167802357e-20
0.546 	0.24309623431 	-1.04814129224e-18 	0.0839311192675 	0.000582353564596 	144.123989909 	-58.3752782413 	36.5299478564 	0.805031120089 	7.54167802357e-20
0.546 	0.244560669456 	-1.1308116039e-19 	0.0837926253215 	0.000581784368623 	144.026945103 	-58.5336699733 	36.5330866192 	0.850408864166 	-8.76067611235e-20
0.546 	0.246025104603 	9.34905831545e-20 	0.0837926253215 	0.000581784368623 	144.026945103 	-58.5336699733 	36.5330866192 	0.850408864166 	-8.76067611235e-20
0.546 	0.247489539749 	-5.31396726609e-19 	0.0836732906573 	0.000581290083072 	143.944122038 	-58.6665508908 	36.5354994531 	0.89690861641 	-5.62454205202e-20
0.546 	0.248953974895 	1.01162811677e-18 	0.0836732906573 	0.000581290083072 	143.944122038 	-58.6665508908 	36.5354994531 	0.89690861641 	-5.62454205202e-20
0.546 	0.250418410042 	-1.21857864597e-18 	0.0836732906573 	0.000581290083072 	143.944122038 	-58.6665508908 	36.5354994531 	0.89690861641 	-5.62454205202e-20
0.546 	0.251882845188 	1.50632341489e-18 	0.0835761802119 	0.000580881463492 	143.878201431 	-58.777353956 	36.5371575499 	0.944002630389 	7.96331779045e-20
0.546 	0.253347280335 	-3.52843280685e-19 	0.0835761802119 	0.000580881463492 	143.878201431 	-58.777353956 	36.5371575499 	0.944002630389 	7.96331779045e-20
0.546 	0.254811715481 	-6.04041092943e-19 	0.083496642965 	0.000580539758169 	143.825882362 	-58.8591185614 	36.5380356274 	0.992490477933 	4.39249015336e-20
0.546 	0.256276150628 	-1.14919666836e-19 	0.083496642965 	0.000580539758169 	143.825882362 	-58.8591185614 	36.5380356274 	0.992490477933 	4.39249015336e-20
0.546 	0.257740585774 	2.67457529833e-19 	0.0834413609242 	0.000580288528491 	143.792883759 	-58.9195055027 	36.5380856821 	1.04126632143 	-1.04262134192e-19
0.546 	0.259205020921 	5.23837606384e-19 	0.0834413609242 	0.000580288528491 	143.792883759 	-58.9195055027 	36.5380856821 	1.04126632143 	-1.04262134192e-19
0.546 	0.260669456067 	-1.37795442108e-18 	0.0834413609242 	0.000580288528491 	143.792883759 	-58.9195055027 	36.5380856821 	1.04126632143 	-1.04262134192e-19
0.546 	0.262133891213 	2.52491926524e-19 	0.0834006632902 	0.000580088811439 	143.772232192 	-58.9457042842 	36.5372862112 	1.09193336658 	1.81275350582e-20
0.546 	0.26359832636 	-3.96946037431e-19 	0.0834006632902 	0.000580088811439 	143.772232192 	-58.9457042842 	36.5372862112 	1.09193336658 	1.81275350582e-20
0.546 	0.265062761506 	1.25811589361e-18 	0.0833884328457 	0.000579989472258 	143.775769793 	-58.9530259945 	36.5355661865 	1.14228845916 	5.20496115038e-20
0.546 	0.266527196653 	6.42903486121e-20 	0.0833884328457 	0.000579989472258 	143.775769793 	-58.9530259945 	36.5355661865 	1.14228845916 	5.20496115038e-20
0.546 	0.267991631799 	5.31654933893e-19 	0.0833850251905 	0.000579911043528 	143.789338246 	-58.9185169228 	36.5329759199 	1.19542075151 	-7.12039592893e-20
0.546 	0.269456066946 	1.60931865552e-19 	0.0833850251905 	0.000579911043528 	143.789338246 	-58.9185169228 	36.5329759199 	1.19542075151 	-7.12039592893e-20
0.546 	0.270920502092 	-4.24823288254e-19 	0.0833850251905 	0.000579911043528 	143.789338246 	-58.9185169228 	36.5329759199 	1.19542075151 	-7.12039592893e-20
0.546 	0.272384937238 	-7.28696232048e-19 	0.0834173650462 	0.000579946918876 	143.836206955 	-58.8703376005 	36.529416486 	1.24715406015 	5.35626761728e-20
0.546 	0.273849372385 	8.82130683106e-19 	0.0834173650462 	0.000579946918876 	143.836206955 	-58.8703376005 	36.529416486 	1.24715406015 	5.35626761728e-20
0.546 	0.275313807531 	5.35479062942e-19 	0.083445888069 	0.000579935446815 	143.888235367 	-58.7692980773 	36.5250656925 	1.30317043509 	-6.43322053014e-20
0.546 	0.276778242678 	-8.43479919159e-19 	0.083445888069 	0.000579935446815 	143.888235367 	-58.7692980773 	36.5250656925 	1.30317043509 	-6.43322053014e-20
0.546 	0.278242677824 	-3.72569303334e-19 	0.083445888069 	0.000579935446815 	143.888235367 	-58.7692980773 	36.5250656925 	1.30317043509 	-6.43322053014e-20
0.546 	0.279707112971 	-1.98956737318e-20 	0.0835194069876 	0.000580040159031 	143.989007808 	-58.6631690747 	36.5195530098 	1.35595274858 	1.08292097507e-19
0.546 	0.281171548117 	5.3813479944e-20 	0.0835194069876 	0.000580040159031 	143.989007808 	-58.6631690747 	36.5195530098 	1.35595274858 	1.08292097507e-19
0.546 	0.282635983264 	-2.47306217803e-19 	0.0835608180533 	0.000579939664462 	144.085364692 	-58.4895347842 	36.5132681753 	1.41540844696 	-3.04995674009e-20
0.546 	0.28410041841 	-2.96909331154e-19 	0.0835608180533 	0.000579939664462 	144.085364692 	-58.4895347842 	36.5132681753 	1.41540844696 	-3.04995674009e-20
0.546 	0.285564853556 	-3.25427085999e-20 	0.0835608180533 	0.000579939664462 	144.085364692 	-58.4895347842 	36.5132681753 	1.41540844696 	-3.04995674009e-20
0.546 	0.287029288703 	8.00297186271e-19 	0.0836536317333 	0.00057989485504 	144.256551004 	-58.3221007818 	36.5053559908 	1.46878538919 	2.64189420099e-20
0.546 	0.288493723849 	1.17721182707e-20 	0.0836536317333 	0.00057989485504 	144.256551004 	-58.3221007818 	36.5053559908 	1.46878538919 	2.64189420099e-20
0.546 	0.289958158996 	-4.3150109291e-19 	0.0836536317333 	0.00057989485504 	144.256551004 	-58.3221007818 	36.5053559908 	1.46878538919 	2.64189420099e-20
0.546 	0.291422594142 	2.57247030767e-19 	0.0836516202563 	0.000579276811011 	144.406989312 	-58.0709784342 	36.4970521537 	1.53231908766 	-3.81042280792e-20
0.546 	0.292887029289 	7.68222833337e-19 	0.0836516202563 	0.000579276811011 	144.406989312 	-58.0709784342 	36.4970521537 	1.53231908766 	-3.81042280792e-20
0.546 	0.294351464435 	-1.62804611408e-19 	0.0836876510192 	0.000578445529446 	144.676804918 	-57.8357397252 	36.4864035369 	1.58585553361 	-8.17683376254e-20
0.546 	0.295815899582 	-6.70744727875e-19 	0.0836876510192 	0.000578445529446 	144.676804918 	-57.8357397252 	36.4864035369 	1.58585553361 	-8.17683376254e-20
0.546 	0.297280334728 	1.38484895931e-18 	0.0836876510192 	0.000578445529446 	144.676804918 	-57.8357397252 	36.4864035369 	1.58585553361 	-8.17683376254e-20
0.546 	0.298744769874 	5.61993074984e-20 	0.0835017427392 	0.000576232639054 	144.909776156 	-57.5066322932 	36.4763345516 	1.65396851708 	1.49039445696e-20
0.546 	0.300209205021 	-1.6952190067e-19 	0.0835017427392 	0.000576232639054 	144.909776156 	-57.5066322932 	36.4763345516 	1.65396851708 	1.49039445696e-20
0.546 	0.301673640167 	-2.33105641214e-19 	0.0835017427392 	0.000576232639054 	144.909776156 	-57.5066322932 	36.4763345516 	1.65396851708 	1.49039445696e-20
0.546 	0.303138075314 	-1.2068090449e-18 	0.0833051905932 	0.000573094614179 	145.360274782 	-57.18942323 	36.4614560028 	1.70756963433 	6.44363876429e-20
0.546 	0.30460251046 	1.10735724864e-18 	0.0833051905932 	0.000573094614179 	145.360274782 	-57.18942323 	36.4614560028 	1.70756963433 	6.44363876429e-20
0.546 	0.306066945607 	-4.59396151785e-19 	0.0826926787588 	0.000567142187898 	145.805902864 	-56.7922526754 	36.4469742085 	1.77992642082 	-2.08286497625e-21
0.546 	0.307531380753 	-2.00415131136e-19 	0.0826926787588 	0.000567142187898 	145.805902864 	-56.7922526754 	36.4469742085 	1.77992642082 	-2.08286497625e-21
0.546 	0.3089958159 	-8.69633326243e-19 	0.0826926787588 	0.000567142187898 	145.805902864 	-56.7922526754 	36.4469742085 	1.77992642082 	-2.08286497625e-21
0.546 	0.310460251046 	1.00393490729e-19 	0.0820422549959 	0.000559282275328 	146.692034801 	-56.3637069558 	36.4192611097 	1.83433373537 	-2.33405410738e-20
0.546 	0.311924686192 	-8.79714834169e-19 	0.0820422549959 	0.000559282275328 	146.692034801 	-56.3637069558 	36.4192611097 	1.83433373537 	-2.33405410738e-20
0.546 	0.313389121339 	1.22753350505e-19 	0.0820422549959 	0.000559282275328 	146.692034801 	-56.3637069558 	36.4192611097 	1.83433373537 	-2.33405410738e-20
0.546 	0.314853556485 	-7.35202797285e-20 	0.0809868667901 	0.00054839694596 	147.679281197 	-55.9281616938 	36.3883562478 	1.9083001322 	-7.99061523553e-21
0.546 	0.316317991632 	1.43577238112e-19 	0.0809868667901 	0.00054839694596 	147.679281197 	-55.9281616938 	36.3883562478 	1.9083001322 	-7.99061523553e-21
0.546 	0.317782426778 	3.37442430589e-19 	0.0809868667901 	0.00054839694596 	147.679281197 	-55.9281616938 	36.3883562478 	1.9083001322 	-7.99061523553e-21
0.546 	0.319246861925 	1.13312787022e-18 	0.0807424245401 	0.000538896337648 	149.829232265 	-55.3337124913 	36.3153709354 	1.96569731217 	5.75848179154e-20
0.546 	0.320711297071 	-5.4834537203e-19 	0.0807424245401 	0.000538896337648 	149.829232265 	-55.3337124913 	36.3153709354 	1.96569731217 	5.75848179154e-20
0.546 	0.322175732218 	-5.37887120164e-19 	0.0807424245401 	0.000538896337648 	149.829232265 	-55.3337124913 	36.3153709354 	1.96569731217 	5.75848179154e-20
0.546 	0.323640167364 	3.42033755144e-19 	0.0813250485998 	0.000507784386882 	152.752327481 	-54.921774642 	36.2083323452 	2.03279345243 	-1.42113735801e-19
0.546 	0.32510460251 	1.1778369685e-19 	0.0813250485998 	0.000507784386882 	152.752327481 	-54.921774642 	36.2083323452 	2.03279345243 	-1.42113735801e-19
0.546 	0.326569037657 	-3.69594925026e-19 	0.0813250485998 	0.000507784386882 	152.752327481 	-54.921774642 	36.2083323452 	2.03279345243 	-1.42113735801e-19
0.546 	0.328033472803 	6.58420889222e-19 	0.0831255112724 	0.000444824953867 	157.274377709 	-54.0767259733 	36.0164693413 	2.09726645739 	1.37225748985e-19
0.546 	0.32949790795 	-3.27916455679e-19 	0.0831255112724 	0.000444824953867 	157.274377709 	-54.0767259733 	36.0164693413 	2.09726645739 	1.37225748985e-19
0.546 	0.330962343096 	-4.41444566976e-19 	0.0831255112724 	0.000444824953867 	157.274377709 	-54.0767259733 	36.0164693413 	2.09726645739 	1.37225748985e-19
0.546 	0.332426778243 	-6.06464893287e-19 	0.0846214271468 	0.000349684399779 	163.006903195 	-53.7915298627 	35.799783024 	2.14323740622 	-1.35912381898e-19
0.546 	0.333891213389 	-1.11758158388e-19 	0.0846214271468 	0.000349684399779 	163.006903195 	-53.7915298627 	35.799783024 	2.14323740622 	-1.35912381898e-19
0.546 	0.335355648536 	-3.3716935565e-19 	0.0846214271468 	0.000349684399779 	163.006903195 	-53.7915298627 	35.799783024 	2.14323740622 	-1.35912381898e-19
0.546 	0.336820083682 	9.70987244069e-19 	0.076448937946 	0.000510301249492 	149.811386945 	-52.5724046611 	35.4526615287 	2.2283729815 	1.28607656439e-19
0.546 	0.338284518828 	4.01900823311e-19 	0.076448937946 	0.000510301249492 	149.811386945 	-52.5724046611 	35.4526615287 	2.2283729815 	1.28607656439e-19
0.546 	0.339748953975 	-5.77252032032e-19 	0.076448937946 	0.000510301249492 	149.811386945 	-52.5724046611 	35.4526615287 	2.2283729815 	1.28607656439e-19
