0.546 	0 	0 	3.91234431908 	3.78955659591e-05 	95488.6522373 	16.9783054895 	14.2253085993 	0.00253768100171 	-4.61241440506e-22
0.546 	0.00146443514644 	9.97339064472e-20 	4.13460595845 	0.000533381911577 	7751.68011645 	16.9829245499 	23.5236506925 	0.019230257337 	5.99648611653e-22
0.546 	0.00292887029289 	1.7929464369e-19 	3.85555156921 	0.000894432201389 	4310.61355262 	16.9579850724 	25.931157222 	0.0262404272572 	-1.05872571713e-22
0.546 	0.00439330543933 	4.59218193568e-18 	3.6248092154 	0.000953312563484 	3722.58582315 	16.9223643154 	27.4529535573 	0.0306521465096 	4.37613146342e-22
0.546 	0.00585774058577 	4.59581355331e-18 	2.85499497044 	0.000789049229296 	3231.18059033 	16.8571894454 	29.4013295605 	0.0395017389673 	1.02304298933e-21
0.546 	0.00732217573222 	1.10536557424e-18 	1.83398563175 	0.000669051463139 	2666.61310109 	16.7892767544 	30.8232420266 	0.0512014958051 	1.12210400075e-21
0.546 	0.00878661087866 	-1.3717152074e-18 	0.87428018396 	0.000435996201716 	2005.24724876 	16.7057299985 	31.8951280788 	0.0657763840741 	2.04603630158e-21
0.546 	0.0102510460251 	9.76815900456e-19 	0.352230440762 	0.000327734073388 	1074.74464623 	16.6061669054 	32.3590263069 	0.079965993246 	9.48235778968e-21
0.546 	0.0117154811715 	9.08976281888e-19 	0.27405718744 	0.000375631822695 	729.589909273 	16.5211267677 	32.3765012897 	0.0888528973169 	3.71491641154e-21
0.546 	0.013179916318 	1.93276685591e-18 	0.261412367949 	0.000433438922388 	603.112352044 	16.3909595171 	32.3472963068 	0.0996049593528 	-4.44679109634e-21
0.546 	0.0146443514644 	-3.90458763642e-19 	0.263674337607 	0.000459936841978 	573.283793646 	16.2791750822 	32.3394161664 	0.107089107486 	-1.10532459661e-21
0.546 	0.0161087866109 	-1.09557579136e-19 	0.267109120279 	0.00048093761165 	555.392453842 	16.1539459776 	32.3427169584 	0.114080264785 	-3.3931580393e-21
0.546 	0.0175732217573 	-3.46591996254e-19 	0.270476874255 	0.000499736301978 	541.239195921 	16.014043535 	32.3535194024 	0.120591169865 	1.23701523176e-20
0.546 	0.0190376569038 	-3.19634816706e-19 	0.273682851912 	0.00051790094963 	528.446321846 	15.8581998388 	32.3697510973 	0.126649035125 	-1.47642020118e-21
0.546 	0.0205020920502 	-1.16346234528e-18 	0.276800342909 	0.000536173347667 	516.251589367 	15.6850757843 	32.3905038149 	0.132283088393 	-7.61497724325e-21
0.546 	0.0219665271967 	9.33908297286e-19 	0.278860392423 	0.000548581848173 	508.329601776 	15.5593733633 	32.4066580957 	0.135815263657 	3.22204678028e-21
0.546 	0.0234309623431 	5.48157620246e-20 	0.281958235909 	0.000567650809755 	496.710708526 	15.3543345205 	32.4342340969 	0.140789722192 	1.04157617268e-21
0.546 	0.0248953974895 	2.2050016847e-19 	0.284048473516 	0.0005807103889 	489.139645073 	15.2060249085 	32.4548063185 	0.143894453164 	1.56341635528e-21
0.546 	0.026359832636 	-2.40634348208e-18 	0.287256630102 	0.000600887308702 	478.054080927 	14.9650260242 	32.4889177854 	0.148237227531 	1.90085183524e-21
0.546 	0.0278242677824 	-9.46345194992e-21 	0.289463913133 	0.000614773021176 	470.846805508 	14.7912983704 	32.5138358194 	0.150921233657 	-8.12336519777e-21
0.546 	0.0292887029289 	-3.45158022725e-19 	0.291739755062 	0.000629042441957 	463.783896926 	14.6065112988 	32.5405122537 	0.153433049473 	-9.82832671487e-21
0.546 	0.0307531380753 	2.39103614058e-18 	0.295299858719 	0.000651230473419 	453.449079508 	14.3074179756 	32.583890855 	0.15687018725 	8.63779185642e-21
0.546 	0.0322175732218 	1.11212605188e-18 	0.297776024156 	0.000666582500554 	446.720434318 	14.0926491608 	32.6151034968 	0.158938057356 	3.54962289139e-21
0.546 	0.0336820083682 	-1.05509032157e-18 	0.300331371603 	0.000682398756652 	440.111252659 	13.8649950392 	32.6482071048 	0.160827128854 	-8.79606709881e-21
0.546 	0.0351464435146 	1.24162732042e-18 	0.302957168983 	0.000698683441236 	433.611491418 	13.6239620409 	32.6832494173 	0.162541070187 	1.52831422723e-20
0.546 	0.0366108786611 	-6.36049446532e-19 	0.305638420921 	0.000715421971778 	427.21419383 	13.3690475232 	32.7202856027 	0.164087090663 	1.49203889604e-20
0.546 	0.0380753138075 	-1.32725366134e-18 	0.308356561299 	0.000732590296888 	420.912701968 	13.0997243586 	32.7593792945 	0.165477052209 	7.39043243963e-21
0.546 	0.039539748954 	-5.88574884539e-19 	0.311089168916 	0.000750145666146 	414.705013914 	12.8154314708 	32.8006070781 	0.166728299343 	-1.10991072987e-20
0.546 	0.0410041841004 	-6.48605124894e-19 	0.313810762856 	0.00076802935938 	408.592144328 	12.5155886835 	32.8440828531 	0.167864342662 	5.37464576814e-21
0.546 	0.0424686192469 	2.299684304e-19 	0.315157996322 	0.00077707016567 	405.572122371 	12.3596501253 	32.8667075759 	0.168398211426 	-2.37547877659e-21
0.546 	0.0439330543933 	2.03397488169e-18 	0.317801272597 	0.000795284680303 	399.606933803 	12.0353621641 	32.9138417009 	0.169418679425 	-5.9090109856e-21
0.546 	0.0453974895397 	-2.0539579438e-19 	0.320334118157 	0.000813562170527 	393.742641635 	11.6940232819 	32.9636595566 	0.170407845281 	-1.02096121964e-20
0.546 	0.0468619246862 	-1.70059156241e-19 	0.322691051739 	0.000831727260172 	387.977005433 	11.3350290057 	33.0163732051 	0.171406960217 	-1.07914021115e-20
0.546 	0.0483263598326 	1.28310888893e-18 	0.323778359163 	0.000840700511002 	385.129252244 	11.148722867 	33.0438770717 	0.171923757871 	-6.0686016683e-21
0.546 	0.0497907949791 	-1.24675634553e-18 	0.325712542595 	0.000858271708239 	379.498169948 	10.7621197936 	33.1012746473 	0.173019476388 	-7.76088215678e-21
0.546 	0.0512552301255 	-5.74508938438e-19 	0.326534565603 	0.000866800834246 	376.712334255 	10.5616758425 	33.1311939766 	0.173609567325 	1.54731556689e-21
0.546 	0.052719665272 	-6.34662437449e-19 	0.327825639518 	0.000883164013647 	371.194517046 	10.1461431897 	33.1935029696 	0.174902420155 	-1.20042857076e-21
0.546 	0.0541841004184 	1.37620133614e-18 	0.328270437442 	0.000890923107564 	368.461020546 	9.93091444021 	33.2258915994 	0.175616633569 	3.92774110828e-21
0.546 	0.0556485355649 	1.53058883495e-18 	0.328702781019 	0.000905408303444 	363.043700581 	9.48519428869 	33.2931124921 	0.177209869861 	5.04319606687e-23
0.546 	0.0571129707113 	1.61680590171e-18 	0.328670495236 	0.000912060060657 	360.360583051 	9.25457352994 	33.327931283 	0.178100858504 	-8.16624601613e-22
0.546 	0.0585774058577 	-9.42023886312e-19 	0.328065819098 	0.000923999502547 	355.049778917 	8.77750383857 	33.3999599962 	0.180102098039 	4.95864534164e-21
0.546 	0.0600418410042 	-9.82162488471e-19 	0.327478349614 	0.000929215578006 	352.424515221 	8.530939473 	33.4371684625 	0.181224766633 	-3.59265187069e-21
0.546 	0.0615062761506 	3.7855044833e-19 	0.325699197951 	0.0009379642262 	347.240533117 	8.02148297369 	33.5140010172 	0.183746007394 	-1.01286518898e-20
0.546 	0.0629707112971 	1.14576907589e-18 	0.32449485655 	0.000941427648969 	344.683796896 	7.75849181944 	33.5536477573 	0.185157950297 	1.65516270497e-20
0.546 	0.0644351464435 	-7.21825302503e-19 	0.323072591782 	0.000944239043718 	342.151274014 	7.48993106243 	33.5941336419 	0.186680417426 	4.2943711457e-21
0.546 	0.06589958159 	-1.93823588299e-18 	0.321426675562 	0.000946366628555 	339.642867641 	7.21575894095 	33.6354724007 	0.188321526849 	-1.89458715692e-22
0.546 	0.0673640167364 	2.2354624842e-18 	0.31744322673 	0.000948455708758 	334.694834771 	6.65043084463 	33.7207421713 	0.191997334895 	-3.28833440589e-21
0.546 	0.0688284518828 	-1.97899328493e-18 	0.315097028953 	0.000948368810187 	332.251572983 	6.35920932595 	33.7646697549 	0.194053882162 	1.85307176533e-21
0.546 	0.0702928870293 	-1.07535679029e-18 	0.312510258276 	0.000947503211099 	329.825012322 	6.06224590076 	33.8094367287 	0.196272664547 	-2.04852200745e-21
0.546 	0.0717573221757 	-5.13574058027e-19 	0.309681260171 	0.00094584799751 	327.411234137 	5.75951841778 	33.855006339 	0.198666972797 	-3.66665768177e-21
0.546 	0.0732217573222 	6.02944281245e-19 	0.303299308315 	0.000940162912248 	322.602928028 	5.13670723918 	33.9483077671 	0.204034278538 	-5.84384891876e-21
0.546 	0.0746861924686 	1.10839739648e-18 	0.299754659332 	0.000936153506725 	320.198190979 	4.81660489464 	33.995863452 	0.207029886784 	8.80097313696e-21
0.546 	0.0761506276151 	-1.75413405449e-18 	0.295986353284 	0.00093139873042 	317.786940884 	4.49070190146 	34.0438713772 	0.210244114755 	-1.19409274252e-21
0.546 	0.0776150627615 	-3.77546679981e-19 	0.292009860325 	0.000925939285559 	315.366098922 	4.1590038261 	34.0921988914 	0.213680215955 	-2.45928079267e-23
0.546 	0.0790794979079 	-1.06313997411e-18 	0.287846377817 	0.000919829536001 	312.934480304 	3.82152263979 	34.1407061685 	0.217336932023 	1.85280273866e-21
0.546 	0.0805439330544 	-1.01674041051e-18 	0.283522507997 	0.000913136459426 	310.493032088 	3.47827681961 	34.1892549833 	0.221208388976 	-2.24707195025e-21
0.546 	0.0820083682008 	-1.31396139896e-18 	0.279069060374 	0.00090593699619 	308.044667066 	3.12929136172 	34.2377172638 	0.225284458207 	-1.53466168499e-22
0.546 	0.0834728033473 	1.23279414631e-18 	0.269905899415 	0.00089035176815 	303.145238848 	2.41423387034 	34.3339567368 	0.23399337444 	-2.99103385897e-21
0.546 	0.0849372384937 	1.61660878438e-18 	0.265260497059 	0.000882131094147 	300.70416837 	2.04824414096 	34.3815708539 	0.238592411768 	3.54186294118e-21
0.546 	0.0864016736402 	2.641400586e-18 	0.260610583233 	0.000873726186734 	298.274891139 	1.67667955168 	34.4287688483 	0.243330371653 	9.33144389093e-22
0.546 	0.0878661087866 	4.88686937582e-19 	0.255979587936 	0.000865202344243 	295.860950492 	1.29959798287 	34.4755075473 	0.248189085985 	-1.34007471872e-21
0.546 	0.0893305439331 	5.44860162042e-19 	0.251386700884 	0.000856615327466 	293.465097837 	0.917064577211 	34.5217512653 	0.25315087706 	-4.05860820089e-24
0.546 	0.0907949790795 	1.36150060464e-18 	0.246847329788 	0.000848011780397 	291.08950547 	0.529152202347 	34.5674685008 	0.258198752579 	4.45190756827e-23
0.546 	0.0922594142259 	9.09054790263e-19 	0.242373754363 	0.000839430255426 	288.736023983 	0.135941949636 	34.6126302178 	0.263316461729 	-2.82328328476e-22
0.546 	0.0937238493724 	-2.91988677463e-19 	0.237975754697 	0.000830902406507 	286.406385195 	-0.262476363797 	34.6572094822 	0.268488494166 	-2.10189749963e-22
0.546 	0.0951882845188 	8.80942613426e-19 	0.23366110122 	0.000822454080562 	284.102306429 	-0.666003716537 	34.7011818668 	0.273700081117 	3.54474343973e-23
0.546 	0.0966527196653 	3.77338120259e-19 	0.229435892637 	0.00081410621445 	281.825502084 	-1.07453143483 	34.7445260089 	0.278937225374 	4.32141969688e-22
0.546 	0.0981171548117 	-1.38640110601e-18 	0.225304786393 	0.000805875563152 	279.577637907 	-1.48794077476 	34.787223904 	0.28418675916 	2.14320209575e-22
0.546 	0.0995815899582 	-1.46216875436e-18 	0.221271179575 	0.000797775326403 	277.360269555 	-1.90610252348 	34.8292607919 	0.289436413939 	-4.75957369379e-22
0.546 	0.101046025105 	1.16044878963e-18 	0.221271179575 	0.000797775326403 	277.360269555 	-1.90610252348 	34.8292607919 	0.289436413939 	-4.75957369379e-22
0.546 	0.102510460251 	1.71704427079e-18 	0.217337381368 	0.000789815727739 	275.174795506 	-2.32887661235 	34.8706247034 	0.294674883923 	2.58137757132e-22
0.546 	0.103974895397 	-8.46629581021e-19 	0.213504793653 	0.000782004567858 	273.022438012 	-2.75611173509 	34.9113058517 	0.299891870359 	-3.46230777778e-22
0.546 	0.105439330544 	8.59287451613e-19 	0.209774098246 	0.000774347747949 	270.904253033 	-3.18764496653 	34.9512960712 	0.305078103597 	-3.12396371931e-22
0.546 	0.10690376569 	8.14820836856e-19 	0.206145436909 	0.000766849740939 	268.821160006 	-3.62330138245 	34.9905884418 	0.310225348961 	-2.23306798437e-22
0.546 	0.108368200837 	-5.53180610991e-19 	0.202618563088 	0.00075951397858 	266.773974939 	-4.06289368438 	35.0291771172 	0.315326406015 	-1.43478878636e-22
0.546 	0.109832635983 	-9.64283504307e-19 	0.199192949649 	0.000752343130883 	264.763432365 	-4.5062218264 	35.067057287 	0.320375108047 	-5.29876524474e-22
0.546 	0.11129707113 	3.87758617608e-19 	0.195867852438 	0.000745339278797 	262.790192346 	-4.95307264759 	35.1042251651 	0.32536632653 	1.97391573949e-21
0.546 	0.112761506276 	-4.68334959652e-19 	0.195867852438 	0.000745339278797 	262.790192346 	-4.95307264759 	35.1042251651 	0.32536632653 	1.97391573949e-21
0.546 	0.114225941423 	-2.5936500635e-19 	0.192642339116 	0.000738503999941 	260.854835087 	-5.40321951158 	35.1406778959 	0.330295983185 	-1.32865813771e-21
0.546 	0.115690376569 	-4.99627587747e-19 	0.189515293912 	0.00073183839164 	258.957846537 	-5.85642195172 	35.1764132773 	0.33516107028 	3.00623700562e-21
0.546 	0.117154811715 	-1.69791897234e-19 	0.186485411723 	0.000725343061266 	257.099601115 	-6.31242531265 	35.2114292521 	0.33995967632 	-4.54999433704e-22
0.546 	0.118619246862 	6.24914368549e-21 	0.183551200519 	0.000719018124765 	255.280352743 	-6.77096037741 	35.2457232174 	0.344691013099 	-1.04584328085e-22
0.546 	0.120083682008 	6.38265595274e-19 	0.183551200519 	0.000719018124765 	255.280352743 	-6.77096037741 	35.2457232174 	0.344691013099 	-1.04584328085e-22
0.546 	0.121548117155 	7.94660881499e-19 	0.180711009696 	0.000712863254664 	253.500244982 	-7.23174297547 	35.2792913003 	0.349355438805 	-2.13162534364e-21
0.546 	0.123012552301 	8.6027557498e-19 	0.1779630893 	0.000706877796829 	251.759342418 	-7.69447356773 	35.312127839 	0.353954469165 	1.16268966494e-20
0.546 	0.124476987448 	2.32947843907e-19 	0.175305671492 	0.000701060945318 	250.0576771 	-8.15883681645 	35.3442254083 	0.358490765654 	-2.24083203913e-20
0.546 	0.125941422594 	-9.13414156035e-19 	0.172737061082 	0.000695411945239 	248.395303337 	-8.6245011624 	35.3755757917 	0.362968093125 	2.23261797997e-20
0.546 	0.127405857741 	-2.95306499549e-19 	0.172737061082 	0.000695411945239 	248.395303337 	-8.6245011624 	35.3755757917 	0.362968093125 	2.23261797997e-20
0.546 	0.128870292887 	3.51391599277e-19 	0.17025570843 	0.000689930261516 	246.772344869 	-9.09111843771 	35.4061721324 	0.367391249736 	-9.15780153694e-21
0.546 	0.130334728033 	-5.46278800149e-19 	0.167860224093 	0.000684615619577 	245.189007222 	-9.55832355186 	35.436012011 	0.371765984973 	-1.39715673277e-20
0.546 	0.13179916318 	7.76753350512e-21 	0.165549299485 	0.000679467832654 	243.645528941 	-10.0257342716 	35.4651004586 	0.376098929978 	4.66061277269e-21
0.546 	0.133263598326 	-4.19088525743e-20 	0.165549299485 	0.000679467832654 	243.645528941 	-10.0257342716 	35.4651004586 	0.376098929978 	4.66061277269e-21
0.546 	0.134728033473 	3.62934562724e-19 	0.163321533257 	0.000674486408261 	242.142067292 	-10.4929510758 	35.4934512919 	0.380397560229 	4.23099076121e-21
0.546 	0.136192468619 	-8.72300870415e-19 	0.161175220846 	0.000669670058798 	240.678553159 	-10.9595570148 	35.5210852117 	0.384670192847 	-6.85598805535e-21
0.546 	0.137656903766 	-1.26798167598e-18 	0.161175220846 	0.000669670058798 	240.678553159 	-10.9595570148 	35.5210852117 	0.384670192847 	-6.85598805535e-21
0.546 	0.139121338912 	-2.16481454691e-19 	0.159108215771 	0.000665016363325 	239.254587625 	-11.4251174647 	35.5480242461 	0.388925998192 	2.2684236874e-20
0.546 	0.140585774059 	-3.92133339677e-19 	0.157117969697 	0.000660521835431 	237.869456041 	-11.8891796689 	35.5742841272 	0.393174996325 	-2.70618857403e-20
0.546 	0.142050209205 	-1.39491292908e-18 	0.155201782159 	0.000656182485321 	236.522287064 	-12.3512720339 	35.5998680319 	0.397428022031 	-3.5218696356e-22
0.546 	0.143514644351 	-1.01862776518e-18 	0.155201782159 	0.000656182485321 	236.522287064 	-12.3512720339 	35.5998680319 	0.397428022031 	-3.5218696356e-22
0.546 	0.144979079498 	4.49257474113e-19 	0.153357165785 	0.000651994673766 	235.212298436 	-12.8109032738 	35.624765395 	0.401696669969 	1.66260133461e-21
0.546 	0.146443514644 	1.13756287924e-18 	0.151582142513 	0.000647955829299 	233.939005807 	-13.2675615926 	35.6489574378 	0.405993248202 	-2.50307181328e-21
0.546 	0.147907949791 	-7.07833517416e-19 	0.151582142513 	0.000647955829299 	233.939005807 	-13.2675615926 	35.6489574378 	0.405993248202 	-2.50307181328e-21
0.546 	0.149372384937 	-6.63386521427e-19 	0.149875301058 	0.000644064615533 	232.702274653 	-13.7207141053 	35.6724273936 	0.410330750538 	1.40633679997e-20
0.546 	0.150836820084 	-2.50436818378e-19 	0.148235571781 	0.000640320422648 	231.502176938 	-14.1698065727 	35.6951703596 	0.414722818548 	-4.87782016648e-21
0.546 	0.15230125523 	9.84198652746e-19 	0.148235571781 	0.000640320422648 	231.502176938 	-14.1698065727 	35.6951703596 	0.414722818548 	-4.87782016648e-21
0.546 	0.153765690377 	8.67526458019e-19 	0.14666184268 	0.000636722457556 	230.338730697 	-14.6142633432 	35.717197451 	0.419183640507 	7.46794234357e-21
0.546 	0.155230125523 	-1.9236502823e-19 	0.14666184268 	0.000636722457556 	230.338730697 	-14.6142633432 	35.717197451 	0.419183640507 	7.46794234357e-21
0.546 	0.156694560669 	1.15991850278e-18 	0.145152630032 	0.000633268939359 	229.211668235 	-15.0534872601 	35.7385319147 	0.423727763667 	1.65873645846e-20
0.546 	0.158158995816 	-9.76941848955e-19 	0.143705968546 	0.000629956809314 	228.120351144 	-15.4868592981 	35.7591991774 	0.428369870916 	-2.53986395052e-21
0.546 	0.159623430962 	6.14498618379e-19 	0.143705968546 	0.000629956809314 	228.120351144 	-15.4868592981 	35.7591991774 	0.428369870916 	-2.53986395052e-21
0.546 	0.161087866109 	-7.02911440246e-19 	0.142319542961 	0.000626782028048 	227.063854087 	-15.913737823 	35.7792156254 	0.433124637339 	-6.65630915369e-21
0.546 	0.162552301255 	-4.24497476447e-19 	0.140990949641 	0.000623740204868 	226.041144279 	-16.3334575295 	35.7985806564 	0.438006781102 	-1.72654538686e-20
0.546 	0.164016736402 	9.62384185727e-19 	0.140990949641 	0.000623740204868 	226.041144279 	-16.3334575295 	35.7985806564 	0.438006781102 	-1.72654538686e-20
0.546 	0.165481171548 	-9.97687722676e-20 	0.139717941298 	0.000620827202968 	225.051255212 	-16.7453281791 	35.8172740343 	0.443031360528 	3.00595432511e-20
0.546 	0.166945606695 	-7.09062990334e-19 	0.139717941298 	0.000620827202968 	225.051255212 	-16.7453281791 	35.8172740343 	0.443031360528 	3.00595432511e-20
0.546 	0.168410041841 	-1.98681245545e-18 	0.138498566077 	0.000618039495427 	224.093390635 	-17.1486333787 	35.8352579947 	0.448214253853 	-7.12109432336e-21
0.546 	0.169874476987 	5.46579663629e-19 	0.137331197447 	0.000615374253921 	223.166953397 	-17.5426292271 	35.8524825028 	0.453572761116 	-1.09380120606e-21
0.546 	0.171338912134 	-8.27797516148e-19 	0.137331197447 	0.000615374253921 	223.166953397 	-17.5426292271 	35.8524825028 	0.453572761116 	-1.09380120606e-21
0.546 	0.17280334728 	6.22839718364e-19 	0.136214496613 	0.000612829268055 	222.27152604 	-17.926543498 	35.868892449 	0.459126101656 	-1.79849488252e-20
0.546 	0.174267782427 	-3.08329663897e-19 	0.136214496613 	0.000612829268055 	222.27152604 	-17.926543498 	35.868892449 	0.459126101656 	-1.79849488252e-20
0.546 	0.175732217573 	-1.26484294204e-18 	0.135147340836 	0.000610402773938 	221.406826125 	-18.2995741272 	35.8844361071 	0.46489587509 	-4.05948535277e-21
0.546 	0.17719665272 	-8.39170929754e-19 	0.135147340836 	0.000610402773938 	221.406826125 	-18.2995741272 	35.8844361071 	0.46489587509 	-4.05948535277e-21
0.546 	0.178661087866 	8.251962196e-19 	0.134128725466 	0.000608093263687 	220.572621793 	-18.66088942 	35.8990738925 	0.470906001976 	3.03414779119e-20
0.546 	0.180125523013 	-1.12456010548e-18 	0.134128725466 	0.000608093263687 	220.572621793 	-18.66088942 	35.8990738925 	0.470906001976 	3.03414779119e-20
0.546 	0.181589958159 	3.72833480624e-19 	0.13315763235 	0.000605899086159 	219.768663448 	-19.0096256785 	35.9127852956 	0.477182679769 	-3.41726829395e-20
0.546 	0.183054393305 	3.11250168489e-19 	0.132232891751 	0.000603818124783 	218.994571915 	-19.3448895786 	35.9255710531 	0.483753293847 	2.05990659313e-20
0.546 	0.184518828452 	1.47650753234e-19 	0.132232891751 	0.000603818124783 	218.994571915 	-19.3448895786 	35.9255710531 	0.483753293847 	2.05990659313e-20
0.546 	0.185983263598 	1.09183202525e-18 	0.13135308878 	0.000601847564879 	218.249763636 	-19.665752339 	35.9374482107 	0.490646234524 	-2.10594947754e-20
0.546 	0.187447698745 	3.39849016251e-19 	0.13135308878 	0.000601847564879 	218.249763636 	-19.665752339 	35.9374482107 	0.490646234524 	-2.10594947754e-20
0.546 	0.188912133891 	-1.26191615868e-18 	0.130516578596 	0.00059998393722 	217.533454646 	-19.9712570002 	35.9484389233 	0.497888922656 	1.50896601974e-20
0.546 	0.190376569038 	-3.72767347162e-20 	0.130516578596 	0.00059998393722 	217.533454646 	-19.9712570002 	35.9484389233 	0.497888922656 	1.50896601974e-20
0.546 	0.191841004184 	2.23673700399e-19 	0.129721621295 	0.000598223471108 	216.844753776 	-20.2604031549 	35.9585573088 	0.505509216888 	-1.24546168411e-20
0.546 	0.193305439331 	-3.24611034317e-19 	0.129721621295 	0.000598223471108 	216.844753776 	-20.2604031549 	35.9585573088 	0.505509216888 	-1.24546168411e-20
0.546 	0.194769874477 	4.09327285771e-20 	0.1289665901 	0.000596562638426 	216.182814332 	-20.5321664384 	35.9678010957 	0.513532581313 	-4.27574154826e-22
0.546 	0.196234309623 	7.09421874683e-19 	0.1289665901 	0.000596562638426 	216.182814332 	-20.5321664384 	35.9678010957 	0.513532581313 	-4.27574154826e-22
0.546 	0.19769874477 	-3.18200243784e-19 	0.128250125501 	0.000594998560848 	215.546950765 	-20.7854626728 	35.9761514441 	0.521987077486 	9.1441285902e-23
0.546 	0.199163179916 	-5.43479230758e-19 	0.128250125501 	0.000594998560848 	215.546950765 	-20.7854626728 	35.9761514441 	0.521987077486 	9.1441285902e-23
0.546 	0.200627615063 	-1.4241344508e-19 	0.127571181097 	0.000593529133619 	214.936679383 	-21.0191977013 	35.9835804923 	0.530897038578 	-5.1118121543e-21
0.546 	0.202092050209 	-3.71081013712e-19 	0.127571181097 	0.000593529133619 	214.936679383 	-21.0191977013 	35.9835804923 	0.530897038578 	-5.1118121543e-21
0.546 	0.203556485356 	1.3255290327e-20 	0.126928914196 	0.000592152745772 	214.351643393 	-21.2321844721 	35.9900597195 	0.540294109368 	1.41411663587e-20
0.546 	0.205020920502 	6.36737107761e-19 	0.126928914196 	0.000592152745772 	214.351643393 	-21.2321844721 	35.9900597195 	0.540294109368 	1.41411663587e-20
0.546 	0.206485355649 	-1.63372028452e-19 	0.126322580444 	0.00059086800159 	213.791540758 	-21.4232660232 	35.9955659598 	0.550200885755 	-2.12548752139e-21
0.546 	0.207949790795 	-2.26265485054e-19 	0.126322580444 	0.00059086800159 	213.791540758 	-21.4232660232 	35.9955659598 	0.550200885755 	-2.12548752139e-21
0.546 	0.209414225941 	-2.2119648083e-19 	0.125751398112 	0.000589673368231 	213.256024244 	-21.59111997 	36.0000801291 	0.560655881562 	4.10212617556e-21
0.546 	0.210878661088 	-4.27463098913e-19 	0.125751398112 	0.000589673368231 	213.256024244 	-21.59111997 	36.0000801291 	0.560655881562 	4.10212617556e-21
0.546 	0.212343096234 	-1.25454173349e-19 	0.125214607866 	0.000588567325893 	212.744748744 	-21.7345530947 	36.0035857085 	0.571674668598 	9.37259832687e-21
0.546 	0.213807531381 	6.05533821786e-19 	0.125214607866 	0.000588567325893 	212.744748744 	-21.7345530947 	36.0035857085 	0.571674668598 	9.37259832687e-21
0.546 	0.215271966527 	7.74444252457e-19 	0.124711395993 	0.000587548179223 	212.25730996 	-21.852043257 	36.0060623324 	0.583308617428 	-2.05364106621e-20
0.546 	0.216736401674 	-3.71275448987e-19 	0.124711395993 	0.000587548179223 	212.25730996 	-21.852043257 	36.0060623324 	0.583308617428 	-2.05364106621e-20
0.546 	0.21820083682 	7.95883735338e-19 	0.124241121194 	0.000586614645635 	211.79341859 	-21.9424301363 	36.0074871496 	0.59555519287 	2.55656888744e-20
0.546 	0.219665271967 	-5.3309173507e-20 	0.124241121194 	0.000586614645635 	211.79341859 	-21.9424301363 	36.0074871496 	0.59555519287 	2.55656888744e-20
0.546 	0.221129707113 	2.33832655265e-19 	0.123803061532 	0.000585765217062 	211.352702287 	-22.0038576452 	36.0078274202 	0.608494184387 	-2.26597617703e-20
0.546 	0.222594142259 	1.08231852651e-18 	0.123803061532 	0.000585765217062 	211.352702287 	-22.0038576452 	36.0078274202 	0.608494184387 	-2.26597617703e-20
0.546 	0.224058577406 	-7.39837633145e-19 	0.123396881092 	0.00058499935892 	210.935070629 	-22.0353633838 	36.0070482494 	0.622082516764 	1.66172184789e-20
0.546 	0.225523012552 	1.88388566113e-19 	0.123396881092 	0.00058499935892 	210.935070629 	-22.0353633838 	36.0070482494 	0.622082516764 	1.66172184789e-20
0.546 	0.226987447699 	2.96123080962e-19 	0.123396881092 	0.00058499935892 	210.935070629 	-22.0353633838 	36.0070482494 	0.622082516764 	1.66172184789e-20
0.546 	0.228451882845 	-9.31905961734e-20 	0.123021942853 	0.000584315740496 	210.540182862 	-22.034484458 	36.0051014952 	0.63646341724 	-2.25542441272e-20
0.546 	0.229916317992 	3.87967576111e-19 	0.123021942853 	0.000584315740496 	210.540182862 	-22.034484458 	36.0051014952 	0.63646341724 	-2.25542441272e-20
0.546 	0.231380753138 	8.54730334624e-19 	0.122678388665 	0.000583715016629 	210.168293037 	-22.0008098772 	36.0019449005 	0.651506392047 	2.58070043739e-20
0.546 	0.232845188285 	-5.76231829607e-19 	0.122678388665 	0.000583715016629 	210.168293037 	-22.0008098772 	36.0019449005 	0.651506392047 	2.58070043739e-20
0.546 	0.234309623431 	6.12272229854e-19 	0.122365438728 	0.000583195435991 	209.818923771 	-21.9307332494 	35.9975237228 	0.667488668256 	-1.40701151553e-21
0.546 	0.235774058577 	1.21336049291e-21 	0.122365438728 	0.000583195435991 	209.818923771 	-21.9307332494 	35.9975237228 	0.667488668256 	-1.40701151553e-21
0.546 	0.237238493724 	4.17607794195e-19 	0.122365438728 	0.000583195435991 	209.818923771 	-21.9307332494 	35.9975237228 	0.667488668256 	-1.40701151553e-21
0.546 	0.23870292887 	6.30313632053e-19 	0.122083932099 	0.000582759419934 	209.492850605 	-21.8250952662 	35.9918003366 	0.684096439593 	-5.25463441897e-21
0.546 	0.240167364017 	-4.88576659923e-19 	0.122083932099 	0.000582759419934 	209.492850605 	-21.8250952662 	35.9918003366 	0.684096439593 	-5.25463441897e-21
0.546 	0.241631799163 	-2.67845828562e-19 	0.121832449797 	0.000582403516706 	209.189069609 	-21.6781621686 	35.9847185549 	0.701873600348 	-8.3368527919e-21
0.546 	0.24309623431 	-4.04237501003e-20 	0.121832449797 	0.000582403516706 	209.189069609 	-21.6781621686 	35.9847185549 	0.701873600348 	-8.3368527919e-21
0.546 	0.244560669456 	2.89257507549e-19 	0.121613182278 	0.00058213365141 	208.909383581 	-21.4932957735 	35.9762392232 	0.720141076876 	-3.56146012514e-20
0.546 	0.246025104603 	3.38061414579e-19 	0.121613182278 	0.00058213365141 	208.909383581 	-21.4932957735 	35.9762392232 	0.720141076876 	-3.56146012514e-20
0.546 	0.247489539749 	-4.39395332938e-19 	0.121613182278 	0.00058213365141 	208.909383581 	-21.4932957735 	35.9762392232 	0.720141076876 	-3.56146012514e-20
0.546 	0.248953974895 	-6.83180324757e-19 	0.121423294025 	0.000581942639699 	208.651653516 	-21.2609112365 	35.9663009882 	0.739953342138 	4.9372189698e-20
0.546 	0.250418410042 	-4.73179978079e-19 	0.121423294025 	0.000581942639699 	208.651653516 	-21.2609112365 	35.9663009882 	0.739953342138 	4.9372189698e-20
0.546 	0.251882845188 	7.79884200378e-19 	0.12126769689 	0.000581843458446 	208.419799398 	-20.9890537911 	35.9548472837 	0.759942618228 	-2.55529084915e-20
0.546 	0.253347280335 	6.40004810863e-20 	0.12126769689 	0.000581843458446 	208.419799398 	-20.9890537911 	35.9548472837 	0.759942618228 	-2.55529084915e-20
0.546 	0.254811715481 	3.06567408099e-19 	0.12126769689 	0.000581843458446 	208.419799398 	-20.9890537911 	35.9548472837 	0.759942618228 	-2.55529084915e-20
0.546 	0.256276150628 	-6.9382856453e-19 	0.121140420282 	0.000581820610792 	208.209228129 	-20.6615448296 	35.9418274764 	0.78209761563 	4.0643390504e-20
0.546 	0.257740585774 	8.40374941224e-19 	0.121140420282 	0.000581820610792 	208.209228129 	-20.6615448296 	35.9418274764 	0.78209761563 	4.0643390504e-20
0.546 	0.259205020921 	-7.8783964181e-19 	0.121051457692 	0.000581900248571 	208.027850115 	-20.2944430599 	35.9271297446 	0.80381327831 	-4.98155428908e-20
0.546 	0.260669456067 	-1.57542860438e-19 	0.121051457692 	0.000581900248571 	208.027850115 	-20.2944430599 	35.9271297446 	0.80381327831 	-4.98155428908e-20
0.546 	0.262133891213 	-5.96957382819e-19 	0.121051457692 	0.000581900248571 	208.027850115 	-20.2944430599 	35.9271297446 	0.80381327831 	-4.98155428908e-20
0.546 	0.26359832636 	-1.77765764095e-19 	0.12098843394 	0.000582049837071 	207.866107391 	-19.8609351221 	35.9107630305 	0.828713021701 	1.66610257475e-20
0.546 	0.265062761506 	4.30201470386e-19 	0.12098843394 	0.000582049837071 	207.866107391 	-19.8609351221 	35.9107630305 	0.828713021701 	1.66610257475e-20
0.546 	0.266527196653 	6.39051385659e-19 	0.120971016892 	0.000582320504338 	207.73957982 	-19.3896670679 	35.8924588399 	0.852079589343 	6.0353967772e-22
0.546 	0.267991631799 	9.78568954253e-20 	0.120971016892 	0.000582320504338 	207.73957982 	-19.3896670679 	35.8924588399 	0.852079589343 	6.0353967772e-22
0.546 	0.269456066946 	-7.13098999745e-19 	0.120971016892 	0.000582320504338 	207.73957982 	-19.3896670679 	35.8924588399 	0.852079589343 	6.0353967772e-22
0.546 	0.270920502092 	3.79856592263e-19 	0.120974708091 	0.000582647264778 	207.629410458 	-18.8381941824 	35.8724139978 	0.880256567575 	-1.23479941174e-21
0.546 	0.272384937238 	1.86578623661e-19 	0.120974708091 	0.000582647264778 	207.629410458 	-18.8381941824 	35.8724139978 	0.880256567575 	-1.23479941174e-21
0.546 	0.273849372385 	4.88258062621e-19 	0.121036564038 	0.000583125922466 	207.565054776 	-18.2527499211 	35.8499869474 	0.905128152528 	1.02672848185e-20
0.546 	0.275313807531 	-4.42314216059e-19 	0.121036564038 	0.000583125922466 	207.565054776 	-18.2527499211 	35.8499869474 	0.905128152528 	1.02672848185e-20
0.546 	0.276778242678 	-8.33092700657e-20 	0.121036564038 	0.000583125922466 	207.565054776 	-18.2527499211 	35.8499869474 	0.905128152528 	1.02672848185e-20
0.546 	0.278242677824 	-1.56656536641e-19 	0.121109096205 	0.000583629529563 	207.510227071 	-17.5708645873 	35.8259176077 	0.937278570294 	1.71957409235e-20
0.546 	0.279707112971 	-1.13570505371e-18 	0.121109096205 	0.000583629529563 	207.510227071 	-17.5708645873 	35.8259176077 	0.937278570294 	1.71957409235e-20
0.546 	0.281171548117 	-1.24256101263e-19 	0.121109096205 	0.000583629529563 	207.510227071 	-17.5708645873 	35.8259176077 	0.937278570294 	1.71957409235e-20
0.546 	0.282635983264 	-2.30007704487e-19 	0.121257745607 	0.000584325240312 	207.517555707 	-16.8589309025 	35.7987807449 	0.963494222799 	-3.49965266904e-20
0.546 	0.28410041841 	4.7800324652e-19 	0.121257745607 	0.000584325240312 	207.517555707 	-16.8589309025 	35.7987807449 	0.963494222799 	-3.49965266904e-20
0.546 	0.285564853556 	-8.81705535237e-19 	0.121391767861 	0.000584967305149 	207.518893437 	-16.0356387416 	35.7706316866 	1.00037549508 	3.26632214892e-20
0.546 	0.287029288703 	-1.76539338331e-19 	0.121391767861 	0.000584967305149 	207.518893437 	-16.0356387416 	35.7706316866 	1.00037549508 	3.26632214892e-20
0.546 	0.288493723849 	-1.38473456954e-19 	0.121391767861 	0.000584967305149 	207.518893437 	-16.0356387416 	35.7706316866 	1.00037549508 	3.26632214892e-20
0.546 	0.289958158996 	9.0342067434e-19 	0.121617674363 	0.00058582036437 	207.602333002 	-15.1794524707 	35.7382985601 	1.02790994829 	-1.30146201998e-20
0.546 	0.291422594142 	-1.02832960296e-18 	0.121617674363 	0.00058582036437 	207.602333002 	-15.1794524707 	35.7382985601 	1.02790994829 	-1.30146201998e-20
0.546 	0.292887029289 	5.92649875262e-19 	0.121617674363 	0.00058582036437 	207.602333002 	-15.1794524707 	35.7382985601 	1.02790994829 	-1.30146201998e-20
0.546 	0.294351464435 	8.53958241517e-19 	0.121766399656 	0.000586417774631 	207.644455751 	-14.2095403435 	35.7065482857 	1.06993240924 	1.2134161605e-20
0.546 	0.295815899582 	-4.14946660431e-19 	0.121766399656 	0.000586417774631 	207.644455751 	-14.2095403435 	35.7065482857 	1.06993240924 	1.2134161605e-20
0.546 	0.297280334728 	5.11561977137e-19 	0.121766399656 	0.000586417774631 	207.644455751 	-14.2095403435 	35.7065482857 	1.06993240924 	1.2134161605e-20
0.546 	0.298744769874 	8.7299784467e-19 	0.121992502596 	0.000587119973005 	207.781217136 	-13.1801753407 	35.6681836346 	1.09932955761 	-9.33160661484e-21
0.546 	0.300209205021 	-6.52257041887e-19 	0.121992502596 	0.000587119973005 	207.781217136 	-13.1801753407 	35.6681836346 	1.09932955761 	-9.33160661484e-21
0.546 	0.301673640167 	-3.99163360901e-19 	0.121992502596 	0.000587119973005 	207.781217136 	-13.1801753407 	35.6681836346 	1.09932955761 	-9.33160661484e-21
0.546 	0.303138075314 	-7.67601006864e-19 	0.121976978792 	0.000587022378767 	207.789316393 	-12.0725978838 	35.6329279984 	1.14572861674 	5.98512043301e-21
0.546 	0.30460251046 	1.19289730478e-18 	0.121976978792 	0.000587022378767 	207.789316393 	-12.0725978838 	35.6329279984 	1.14572861674 	5.98512043301e-21
0.546 	0.306066945607 	2.43528317242e-19 	0.121976978792 	0.000587022378767 	207.789316393 	-12.0725978838 	35.6329279984 	1.14572861674 	5.98512043301e-21
0.546 	0.307531380753 	3.55782808821e-19 	0.121854500294 	0.000586346500637 	207.819949742 	-10.8180676471 	35.5852801777 	1.17937535636 	-2.01938608012e-20
0.546 	0.3089958159 	5.81969992182e-19 	0.121854500294 	0.000586346500637 	207.819949742 	-10.8180676471 	35.5852801777 	1.17937535636 	-2.01938608012e-20
0.546 	0.310460251046 	4.38492867185e-19 	0.121854500294 	0.000586346500637 	207.819949742 	-10.8180676471 	35.5852801777 	1.17937535636 	-2.01938608012e-20
0.546 	0.311924686192 	-6.84845420754e-21 	0.121129419818 	0.000583615108762 	207.55017819 	-9.61223615753 	35.5462677234 	1.22697881601 	1.1684456173e-20
0.546 	0.313389121339 	4.33558660995e-19 	0.121129419818 	0.000583615108762 	207.55017819 	-9.61223615753 	35.5462677234 	1.22697881601 	1.1684456173e-20
0.546 	0.314853556485 	1.52522477441e-19 	0.121129419818 	0.000583615108762 	207.55017819 	-9.61223615753 	35.5462677234 	1.22697881601 	1.1684456173e-20
0.546 	0.316317991632 	-4.763163241e-19 	0.120510584656 	0.000580300237948 	207.669369708 	-8.04001969098 	35.4867765082 	1.27160411159 	-1.6119031171e-21
0.546 	0.317782426778 	-5.70799678408e-19 	0.120510584656 	0.000580300237948 	207.669369708 	-8.04001969098 	35.4867765082 	1.27160411159 	-1.6119031171e-21
0.546 	0.319246861925 	1.05319307065e-18 	0.120510584656 	0.000580300237948 	207.669369708 	-8.04001969098 	35.4867765082 	1.27160411159 	-1.6119031171e-21
0.546 	0.320711297071 	-7.24301650787e-20 	0.119666395019 	0.000575007145181 	208.112883503 	-6.82410244388 	35.4550405534 	1.31211980219 	8.16473053369e-21
0.546 	0.322175732218 	-4.18897507432e-19 	0.119666395019 	0.000575007145181 	208.112883503 	-6.82410244388 	35.4550405534 	1.31211980219 	8.16473053369e-21
0.546 	0.323640167364 	5.13084709364e-20 	0.119666395019 	0.000575007145181 	208.112883503 	-6.82410244388 	35.4550405534 	1.31211980219 	8.16473053369e-21
0.546 	0.32510460251 	-3.13002558042e-19 	0.119014487728 	0.000568182407684 	209.465281075 	-4.78516879756 	35.4064068046 	1.38107448494 	-9.94700965601e-21
0.546 	0.326569037657 	2.18331317233e-20 	0.119014487728 	0.000568182407684 	209.465281075 	-4.78516879756 	35.4064068046 	1.38107448494 	-9.94700965601e-21
0.546 	0.328033472803 	2.50063621267e-19 	0.119014487728 	0.000568182407684 	209.465281075 	-4.78516879756 	35.4064068046 	1.38107448494 	-9.94700965601e-21
0.546 	0.32949790795 	-4.26012482448e-19 	0.118455350492 	0.000560338579036 	211.399598249 	-3.70257333095 	35.4157833368 	1.39677926399 	3.26876274454e-21
0.546 	0.330962343096 	6.50492517431e-19 	0.118455350492 	0.000560338579036 	211.399598249 	-3.70257333095 	35.4157833368 	1.39677926399 	3.26876274454e-21
0.546 	0.332426778243 	9.37059905916e-19 	0.118455350492 	0.000560338579036 	211.399598249 	-3.70257333095 	35.4157833368 	1.39677926399 	3.26876274454e-21
0.546 	0.333891213389 	-2.10794447791e-20 	0.117502762377 	0.000554045424678 	212.081459648 	-1.07266146726 	35.2886168232 	1.51206819394 	-1.10132646188e-22
0.546 	0.335355648536 	2.69296642855e-19 	0.117502762377 	0.000554045424678 	212.081459648 	-1.07266146726 	35.2886168232 	1.51206819394 	-1.10132646188e-22
0.546 	0.336820083682 	-2.64341244025e-19 	0.117502762377 	0.000554045424678 	212.081459648 	-1.07266146726 	35.2886168232 	1.51206819394 	-1.10132646188e-22
0.546 	0.338284518828 	-5.72103900419e-19 	0.115638667447 	0.000548401836611 	210.86484349 	-0.105320114625 	35.2631783727 	1.48001020936 	1.23200212586e-21
0.546 	0.339748953975 	1.01791525663e-18 	0.115638667447 	0.000548401836611 	210.86484349 	-0.105320114625 	35.2631783727 	1.48001020936 	1.23200212586e-21
0.546 	0.341213389121 	2.71366164057e-19 	0.115638667447 	0.000548401836611 	210.86484349 	-0.105320114625 	35.2631783727 	1.48001020936 	1.23200212586e-21
0.546 	0.342677824268 	-5.37630836328e-19 	0.115056885493 	0.000546356804923 	210.589278757 	4.05971506068 	34.5011721709 	1.63331658725 	-2.63235468613e-21
0.546 	0.344142259414 	-1.26646205848e-19 	0.115056885493 	0.000546356804923 	210.589278757 	4.05971506068 	34.5011721709 	1.63331658725 	-2.63235468613e-21
0.546 	0.345606694561 	2.19587911358e-19 	0.115056885493 	0.000546356804923 	210.589278757 	4.05971506068 	34.5011721709 	1.63331658725 	-2.63235468613e-21
0.546 	0.347071129707 	5.03288669269e-19 	0.115056885493 	0.000546356804923 	210.589278757 	4.05971506068 	34.5011721709 	1.63331658725 	-2.63235468613e-21
