-0.89 	0 	0 	4.3895149969 	4.3261691285e-05 	97237.9688804 	9.49947516823 	15.3339399037 	7.07556690343e-05 	2.30837674436e-23
-0.89 	0.00146443514644 	1.13385510285e-18 	5.46936933725 	0.000626299711672 	8732.83068044 	9.50222053633 	24.9254363819 	0.00181577110913 	-1.15563498241e-23
-0.89 	0.00292887029289 	1.27699035254e-18 	4.93711726441 	0.00102948593906 	4777.55210052 	9.50665373627 	27.7641442435 	0.00477443889521 	1.69778460247e-24
-0.89 	0.00439330543933 	-2.67179794604e-18 	4.32073538574 	0.00109565588351 	3795.98105105 	9.50955430356 	29.4532683909 	0.00734573712825 	-7.22710480669e-24
-0.89 	0.00585774058577 	-5.01567793036e-18 	3.22450160868 	0.000904203027666 	3199.97213319 	9.51990317766 	31.3702137909 	0.0132564591991 	-5.72500600288e-24
-0.89 	0.00732217573222 	-3.12047196919e-18 	2.00525304639 	0.000650802472785 	2767.1823145 	9.53209991511 	32.8942482961 	0.0234688253131 	4.33568235049e-25
-0.89 	0.00878661087866 	-3.10199375501e-19 	0.796732230027 	0.000349480135151 	2279.7639977 	9.54523500869 	34.1450600375 	0.034728610933 	2.32379589545e-23
-0.89 	0.0102510460251 	1.39662681574e-18 	0.111354277396 	9.89647914754e-05 	1125.19084551 	9.55789215779 	34.7976840804 	0.0417404046217 	-3.62713036148e-23
-0.89 	0.0117154811715 	1.2448117632e-18 	0.0372606233681 	0.000201520823966 	184.897136856 	9.57545160836 	34.8677131536 	0.0419750934515 	1.86685640776e-23
-0.89 	0.013179916318 	1.27906503978e-18 	0.0364100531466 	0.000220638462744 	165.021332608 	9.58871443152 	34.8609992365 	0.0415396039625 	-1.51465981449e-23
-0.89 	0.0146443514644 	7.48064195847e-19 	0.0363318665254 	0.000221739610791 	163.849239186 	9.6070348455 	34.8499137341 	0.0409078205997 	-9.27424206312e-24
-0.89 	0.0161087866109 	6.78695820314e-19 	0.0363209371239 	0.000222239003646 	163.431875269 	9.62127657434 	34.8420504688 	0.0404297132235 	-3.79784227391e-23
-0.89 	0.0175732217573 	-6.74367928269e-19 	0.0363138883958 	0.000222634611 	163.109806839 	9.63594622616 	34.8347253828 	0.0399505706452 	-2.47372053371e-23
-0.89 	0.0190376569038 	-4.83527784105e-19 	0.0363081253489 	0.000222924837172 	162.871601969 	9.6510410647 	34.8278804713 	0.0394703160339 	7.19299882231e-25
-0.89 	0.0205020920502 	-4.06846164715e-19 	0.0363047188151 	0.000223069735234 	162.750535285 	9.66133906818 	34.8235542391 	0.0391493722718 	3.44846552801e-23
-0.89 	0.0219665271967 	-9.88307365957e-19 	0.0363001835529 	0.000223231693787 	162.612140495 	9.67713358913 	34.8173775755 	0.038666698795 	-7.70474667465e-24
-0.89 	0.0234309623431 	-2.10247148649e-19 	0.0362962708028 	0.000223344918679 	162.512185267 	9.6933425342 	34.8115261202 	0.0381821879604 	-4.58793457042e-23
-0.89 	0.0248953974895 	1.051784306e-18 	0.0362939557474 	0.000223400916463 	162.461087099 	9.70437484001 	34.8077806722 	0.0378581115274 	3.68741953567e-24
-0.89 	0.026359832636 	2.53832505417e-19 	0.0362908453235 	0.000223463845544 	162.401417711 	9.72125887047 	34.8023642372 	0.0373702013597 	-4.12354244655e-24
-0.89 	0.0278242677824 	-1.37245018792e-18 	0.0362889759401 	0.000223495219731 	162.370255541 	9.73273553168 	34.7988726033 	0.0370436765948 	-8.4595876314e-23
-0.89 	0.0292887029289 	-3.40950982921e-19 	0.0362872461588 	0.000223520213203 	162.344360892 	9.74438603301 	34.7954662561 	0.0367161218696 	-7.0152345563e-23
-0.89 	0.0307531380753 	3.00345696988e-19 	0.0362856396204 	0.000223540165172 	162.322684125 	9.75620804712 	34.7921378576 	0.0363875100967 	1.31073276898e-22
-0.89 	0.0322175732218 	-1.66755688497e-19 	0.0362834315804 	0.000223562858652 	162.296330433 	9.77425761888 	34.7872777889 	0.0358925258526 	-5.40359005738e-23
-0.89 	0.0336820083682 	-6.27320394251e-21 	0.036282077815 	0.000223574287846 	162.281978686 	9.78649806919 	34.7841183365 	0.0355611360155 	9.78747158734e-24
-0.89 	0.0351464435146 	-3.66103022619e-20 	0.0362808077037 	0.000223583441964 	162.269653714 	9.79890139769 	34.7810180219 	0.0352285879584 	-4.2108559116e-23
-0.89 	0.0366108786611 	6.91994119568e-19 	0.0362796132415 	0.000223590769864 	162.258993354 	9.81146469356 	34.7779728888 	0.0348948540303 	-9.56353933867e-24
-0.89 	0.0380753138075 	1.58587212011e-19 	0.0362784874135 	0.000223596627582 	162.249707457 	9.82418464055 	34.7749794398 	0.0345599194958 	3.15067650971e-24
-0.89 	0.039539748954 	-1.96204881484e-19 	0.0362779482758 	0.000223599096108 	162.245505046 	9.83060234865 	34.7735011108 	0.0343919873168 	-1.58583045659e-24
-0.89 	0.0410041841004 	1.16507723476e-18 	0.0362769140233 	0.000223603261903 	162.237856973 	9.84355127664 	34.7705794601 	0.0340551574319 	-1.54535425377e-23
-0.89 	0.0424686192469 	-1.36202560222e-18 	0.0362759342175 	0.000223606563573 	162.231079616 	9.85664846021 	34.7677023337 	0.0337170177517 	1.25254248617e-23
-0.89 	0.0439330543933 	-1.43293932627e-18 	0.0362750042377 	0.00022360916417 	162.225033899 	9.86989005925 	34.7648673829 	0.0333775216969 	4.79564395075e-23
-0.89 	0.0453974895397 	-4.05931341542e-19 	0.036274556622 	0.000223610243692 	162.222248959 	9.8765637837 	34.7634650553 	0.0332072483842 	8.61994603195e-23
-0.89 	0.0468619246862 	-4.40171557504e-19 	0.0362736937556 	0.00022361203107 	162.217093517 	9.89001449014 	34.7606894786 	0.0328656174474 	-7.92987098287e-23
-0.89 	0.0483263598326 	1.89779143352e-18 	0.0362728711449 	0.000223613400442 	162.212421408 	9.90359927127 	34.7579511925 	0.0325224918161 	-8.54411049218e-23
-0.89 	0.0497907949791 	7.66971617894e-21 	0.0362724739309 	0.000223613953251 	162.210244055 	9.91044054462 	34.7565955199 	0.0323503491176 	-7.43641054484e-23
-0.89 	0.0512552301255 	3.04185370576e-19 	0.036271705849 	0.000223614836623 	162.206168413 	9.92421796374 	34.7539101777 	0.0320048626038 	4.51272172192e-23
-0.89 	0.052719665272 	1.67689623634e-19 	0.0362713343011 	0.000223615181419 	162.204256754 	9.93115291664 	34.7525801613 	0.0318315012241 	-1.8245510526e-22
-0.89 	0.0541841004184 	3.2110642394e-19 	0.0362706146144 	0.000223615707815 	162.200656514 	9.94511224094 	34.7499446359 	0.0314834957017 	-1.13583496886e-23
-0.89 	0.0556485355649 	-1.00833369228e-20 	0.0362702658906 	0.000223615899924 	162.19895769 	9.95213535127 	34.7486388305 	0.0313088319796 	-7.87302639918e-23
-0.89 	0.0571129707113 	8.64960187666e-20 	0.0362695893231 	0.000223616164599 	162.195740135 	9.9662652294 	34.7460504501 	0.0309581314126 	5.38699089933e-23
-0.89 	0.0585774058577 	-7.66559368846e-19 	0.0362692609749 	0.000223616244956 	162.194213493 	9.97337066682 	34.7447676229 	0.0307820731103 	1.59092093062e-22
-0.89 	0.0600418410042 	4.58135441095e-19 	0.036268622977 	0.000223616318521 	162.191307043 	9.98765913382 	34.7422241136 	0.0304284842335 	-8.2440453808e-23
-0.89 	0.0615062761506 	7.70045839777e-19 	0.0362683128913 	0.000223616317526 	162.189921078 	9.99484076993 	34.7409632181 	0.0302509300212 	6.58084589837e-24
-0.89 	0.0629707112971 	-1.26471549894e-18 	0.0362680084737 	0.000223616294764 	162.188576249 	10.0020463935 	34.7397094298 	0.0300728527772 	5.31515866213e-23
-0.89 	0.0644351464435 	-1.44566188893e-18 	0.0362674158791 	0.000223616192794 	162.186000154 	10.0165266975 	34.7372228118 	0.0297150772155 	1.10199492404e-22
-0.89 	0.06589958159 	1.11593416674e-18 	0.0362671273417 	0.000223616117509 	162.184764434 	10.0237998972 	34.7359898141 	0.0295353520389 	1.2252627031e-22
-0.89 	0.0673640167364 	1.28075014401e-18 	0.036266843751 	0.000223616028336 	162.183560905 	10.031094123 	34.7347635875 	0.0293550499411 	-3.28463185071e-23
-0.89 	0.0688284518828 	2.32744755185e-19 	0.0362662907761 	0.00022361581433 	162.18124324 	10.0457425715 	34.7323311671 	0.0289926559606 	-5.58990194692e-23
-0.89 	0.0702928870293 	-2.78978105041e-19 	0.0362660210929 	0.000223615692154 	162.180125838 	10.0530952264 	34.7311248453 	0.0288105333941 	2.04512313463e-22
-0.89 	0.0717573221757 	3.56539010289e-19 	0.0362657557573 	0.000223615561429 	162.179034077 	10.0604657717 	34.729925038 	0.0286277726183 	-2.1723355331e-23
-0.89 	0.0732217573222 	-1.79884473775e-19 	0.036265494636 	0.000223615423197 	162.177966607 	10.0678533961 	34.7287316925 	0.0284443573215 	-1.36133246255e-22
-0.89 	0.0746861924686 	-2.816341986e-19 	0.0362652376014 	0.000223615278399 	162.176922172 	10.075257278 	34.7275447602 	0.0282602708426 	-1.64213721511e-22
-0.89 	0.0761506276151 	-4.6537863871e-19 	0.0362647353094 	0.000223614972446 	162.174897829 	10.0901104692 	34.7251899627 	0.0278900153901 	1.23656778992e-22
-0.89 	0.0776150627615 	-1.75772706472e-18 	0.0362644898239 	0.000223614812767 	162.17391583 	10.0975580759 	34.7240220211 	0.0277038104791 	-9.13796268807e-23
-0.89 	0.0790794979079 	4.45392313096e-19 	0.0362642479681 	0.000223614649489 	162.172952671 	10.1050185343 	34.7228603401 	0.0275168624952 	-5.73047985816e-23
-0.89 	0.0805439330544 	-2.70903125098e-19 	0.03626400964 	0.000223614483189 	162.172007479 	10.1124909623 	34.7217048912 	0.027329152169 	-3.38275701533e-23
-0.89 	0.0820083682008 	-7.36223046143e-19 	0.0362637747421 	0.000223614314387 	162.171079439 	10.119974465 	34.72055565 	0.0271406597674 	-9.73432587076e-23
-0.89 	0.0834728033473 	-7.17791775372e-19 	0.0362635431814 	0.000223614143556 	162.170167793 	10.127468135 	34.7194125955 	0.0269513650566 	1.98318592471e-22
-0.89 	0.0849372384937 	-3.00527307578e-19 	0.0362633148685 	0.000223613971122 	162.169271833 	10.1349710545 	34.7182757104 	0.0267612475181 	-3.89418136106e-24
-0.89 	0.0864016736402 	2.25356781237e-19 	0.0362630897189 	0.000223613797471 	162.1683909 	10.1424822943 	34.7171449809 	0.0265702862339 	-8.61621444481e-23
-0.89 	0.0878661087866 	1.29904022032e-18 	0.036262867651 	0.000223613622952 	162.167524377 	10.1500009129 	34.7160203969 	0.026378459658 	-1.5498558084e-22
-0.89 	0.0893305439331 	-6.74652325129e-21 	0.036262648588 	0.000223613447883 	162.166671689 	10.1575259532 	34.7149019514 	0.0261857452668 	7.49995113067e-23
-0.89 	0.0907949790795 	9.91824778297e-19 	0.0362624324555 	0.000223613272546 	162.165832299 	10.1650564446 	34.7137896411 	0.0259921198512 	-5.21205443556e-23
-0.89 	0.0922594142259 	3.91699682436e-19 	0.0362622191838 	0.000223613097202 	162.165005706 	10.1725914078 	34.712683466 	0.0257975602776 	-1.03165957427e-22
-0.89 	0.0937238493724 	-4.53965559828e-19 	0.0362620087053 	0.000223612922082 	162.164191441 	10.1801298549 	34.7115834292 	0.0256020436034 	-1.59292860594e-22
-0.89 	0.0951882845188 	6.05956687906e-19 	0.0362618009569 	0.000223612747398 	162.163389068 	10.1876707814 	34.7104895372 	0.0254055460356 	7.04221290914e-24
-0.89 	0.0966527196653 	9.04398218617e-19 	0.0362615958772 	0.000223612573338 	162.162598175 	10.1952131645 	34.7094017997 	0.0252080427792 	-9.92249053814e-24
-0.89 	0.0981171548117 	6.55014633005e-19 	0.0362613934091 	0.000223612400075 	162.161818383 	10.202755968 	34.7083202298 	0.0250095086599 	1.28229802097e-22
-0.89 	0.0995815899582 	2.80832461348e-19 	0.0362611934967 	0.00022361222776 	162.161049331 	10.2102981438 	34.7072448434 	0.0248099182808 	1.46491409555e-22
-0.89 	0.101046025105 	-1.46702350463e-19 	0.0362609960888 	0.000223612056536 	162.160290687 	10.217838629 	34.70617566 	0.0246092456283 	-1.34143161342e-22
-0.89 	0.102510460251 	7.23277040507e-19 	0.0362608011344 	0.000223611886521 	162.159542135 	10.2253763427 	34.7051127019 	0.0244074639441 	5.48859762252e-23
-0.89 	0.103974895397 	1.09626314571e-18 	0.0362606085873 	0.000223611717834 	162.158803387 	10.2329101807 	34.7040559948 	0.0242045451064 	1.3743074596e-22
-0.89 	0.105439330544 	5.6719304302e-19 	0.0362604184011 	0.000223611550567 	162.158074165 	10.2404390367 	34.7030055675 	0.0240004614182 	2.02898779591e-23
-0.89 	0.10690376569 	7.66706799873e-19 	0.0362602305344 	0.000223611384815 	162.157354217 	10.2479618001 	34.7019614513 	0.0237951856866 	-2.92211331754e-23
-0.89 	0.108368200837 	-5.25869552214e-19 	0.0362602305344 	0.000223611384815 	162.157354217 	10.2479618001 	34.7019614513 	0.0237951856866 	-2.92211331754e-23
-0.89 	0.109832635983 	-5.64364822306e-19 	0.0362600449445 	0.000223611220652 	162.156643297 	10.2554773364 	34.700923681 	0.0235886897204 	-3.60577799532e-23
-0.89 	0.11129707113 	3.16225099129e-19 	0.0362598615946 	0.000223611058153 	162.155941187 	10.2629844788 	34.6998922945 	0.0233809436587 	-9.3795804714e-23
-0.89 	0.112761506276 	7.43330478286e-19 	0.0362596804455 	0.000223610897373 	162.155247671 	10.2704820518 	34.698867333 	0.0231719170802 	-9.24713878158e-23
-0.89 	0.114225941423 	1.11375430127e-18 	0.0362595014641 	0.000223610738374 	162.154562557 	10.2779688725 	34.6978488402 	0.0229615807878 	-2.16526441811e-22
-0.89 	0.115690376569 	-4.56149889316e-19 	0.0362593246145 	0.000223610581193 	162.153885657 	10.2854437216 	34.6968368635 	0.0227499051808 	-2.34273372034e-24
-0.89 	0.117154811715 	8.2217775523e-20 	0.0362593246145 	0.000223610581193 	162.153885657 	10.2854437216 	34.6968368635 	0.0227499051808 	-2.34273372034e-24
-0.89 	0.118619246862 	5.6142506974e-19 	0.0362591498671 	0.000223610425881 	162.153216802 	10.2929053589 	34.6958314534 	0.0225368608534 	-3.99931346937e-23
-0.89 	0.120083682008 	-1.18859502508e-19 	0.036258977189 	0.000223610272463 	162.152555827 	10.3003525397 	34.694832663 	0.022322416805 	1.75336086021e-22
-0.89 	0.121548117155 	2.4148997079e-18 	0.0362588065538 	0.000223610120977 	162.151902586 	10.3077840489 	34.6938405479 	0.0221065391434 	9.41681689411e-23
-0.89 	0.123012552301 	-1.65300628976e-18 	0.0362586379313 	0.000223609971439 	162.151256932 	10.3151986243 	34.6928551673 	0.0218891944393 	7.89537598448e-23
-0.89 	0.124476987448 	8.83266495894e-19 	0.0362586379313 	0.000223609971439 	162.151256932 	10.3151986243 	34.6928551673 	0.0218891944393 	7.89537598448e-23
-0.89 	0.125941422594 	5.91891294341e-19 	0.0362584712982 	0.000223609823879 	162.15061874 	10.3225949338 	34.6918765846 	0.0216703519338 	-2.25592927265e-22
-0.89 	0.127405857741 	-1.17589564682e-18 	0.0362583066266 	0.000223609678303 	162.14998788 	10.3299716314 	34.6909048659 	0.0214499803474 	5.00628004342e-23
-0.89 	0.128870292887 	2.72619007811e-19 	0.0362581438962 	0.000223609534734 	162.149364245 	10.3373273961 	34.6899400801 	0.0212280447654 	-1.14569819179e-22
-0.89 	0.130334728033 	3.81199886242e-19 	0.0362581438962 	0.000223609534734 	162.149364245 	10.3373273961 	34.6899400801 	0.0212280447654 	-1.14569819179e-22
-0.89 	0.13179916318 	4.55736859248e-19 	0.0362579830815 	0.000223609393173 	162.148747721 	10.3446608775 	34.6889822992 	0.0210045108617 	-4.77948682537e-23
-0.89 	0.133263598326 	4.28805804886e-19 	0.0362578241648 	0.000223609253635 	162.148138216 	10.3519706876 	34.6880315988 	0.0207793451534 	2.30300763493e-22
-0.89 	0.134728033473 	1.10536851133e-18 	0.036257667123 	0.000223609116115 	162.147535632 	10.3592554195 	34.6870880578 	0.0205525131935 	-1.44980467049e-22
-0.89 	0.136192468619 	2.62245339713e-21 	0.036257667123 	0.000223609116115 	162.147535632 	10.3592554195 	34.6870880578 	0.0205525131935 	-1.44980467049e-22
-0.89 	0.137656903766 	4.52058663719e-19 	0.0362575119408 	0.000223608980627 	162.146939891 	10.3665136478 	34.6861517584 	0.0203239798775 	3.21839661476e-22
-0.89 	0.139121338912 	9.92673166719e-19 	0.0362573585972 	0.00022360884716 	162.146350906 	10.3737439218 	34.6852227859 	0.0200937098928 	-9.08577500301e-24
-0.89 	0.140585774059 	4.47995549783e-19 	0.0362573585972 	0.00022360884716 	162.146350906 	10.3737439218 	34.6852227859 	0.0200937098928 	-9.08577500301e-24
-0.89 	0.142050209205 	-2.92163388594e-19 	0.0362572070795 	0.000223608715723 	162.145768613 	10.3809447666 	34.6843012291 	0.0198616676017 	-1.16606572586e-22
-0.89 	0.143514644351 	-2.22517720194e-18 	0.0362570573685 	0.000223608586303 	162.145192937 	10.3881146841 	34.6833871803 	0.019627817076 	-1.9954725232e-22
-0.89 	0.144979079498 	7.4920037821e-20 	0.0362570573685 	0.000223608586303 	162.145192937 	10.3881146841 	34.6833871803 	0.019627817076 	-1.9954725232e-22
-0.89 	0.146443514644 	3.1994283317e-19 	0.0362569094539 	0.000223608458908 	162.144623826 	10.3952521493 	34.682480735 	0.0193921221216 	-7.93109885251e-23
-0.89 	0.147907949791 	1.4278202e-19 	0.0362567633184 	0.00022360833352 	162.144061215 	10.4023556115 	34.6815819925 	0.0191545459328 	-1.26071981277e-22
-0.89 	0.149372384937 	-3.1800860974e-20 	0.0362567633184 	0.00022360833352 	162.144061215 	10.4023556115 	34.6815819925 	0.0191545459328 	-1.26071981277e-22
-0.89 	0.150836820084 	2.29601724558e-19 	0.0362566189537 	0.000223608210145 	162.143505063 	10.4094234918 	34.6806910555 	0.0189150513734 	1.96613953028e-22
-0.89 	0.15230125523 	3.00866691386e-20 	0.0362564763444 	0.000223608088764 	162.142955315 	10.4164541802 	34.6798080307 	0.0186736011909 	-6.89925355677e-23
-0.89 	0.153765690377 	-7.97562207228e-20 	0.0362564763444 	0.000223608088764 	162.142955315 	10.4164541802 	34.6798080307 	0.0186736011909 	-6.89925355677e-23
-0.89 	0.155230125523 	-1.84575004082e-19 	0.0362563354842 	0.000223607969381 	162.142411939 	10.4234460395 	34.6789330282 	0.0184301575208 	6.7124629261e-23
-0.89 	0.156694560669 	1.43527435753e-18 	0.0362561963595 	0.000223607851976 	162.14187489 	10.4303974045 	34.6780661621 	0.0181846818918 	3.24703672588e-23
-0.89 	0.158158995816 	1.26765592873e-19 	0.0362561963595 	0.000223607851976 	162.14187489 	10.4303974045 	34.6780661621 	0.0181846818918 	3.24703672588e-23
-0.89 	0.159623430962 	-1.77977349158e-19 	0.0362560589661 	0.000223607736553 	162.141344146 	10.4373065728 	34.6772075507 	0.0179371361082 	-2.17135286555e-22
-0.89 	0.161087866109 	-3.31896218003e-19 	0.0362560589661 	0.000223607736553 	162.141344146 	10.4373065728 	34.6772075507 	0.0179371361082 	-2.17135286555e-22
-0.89 	0.162552301255 	-8.72231972614e-19 	0.0362559232917 	0.000223607623088 	162.140819669 	10.4441718055 	34.6763573162 	0.017687482046 	4.59182280502e-24
-0.89 	0.164016736402 	7.84855849381e-19 	0.0362557893341 	0.000223607511586 	162.140301446 	10.450991339 	34.6755155847 	0.0174356806171 	2.55661864504e-22
-0.89 	0.165481171548 	-3.71001691068e-19 	0.0362557893341 	0.000223607511586 	162.140301446 	10.450991339 	34.6755155847 	0.0174356806171 	2.55661864504e-22
-0.89 	0.166945606695 	-4.81451163924e-19 	0.0362556570827 	0.000223607402022 	162.139789447 	10.4577633816 	34.6746824866 	0.0171816918646 	-1.92786393397e-22
-0.89 	0.168410041841 	-6.96618890402e-19 	0.0362556570827 	0.000223607402022 	162.139789447 	10.4577633816 	34.6746824866 	0.0171816918646 	-1.92786393397e-22
-0.89 	0.169874476987 	-7.0599830607e-19 	0.0362555265365 	0.000223607294388 	162.139283675 	10.4644860943 	34.6738581567 	0.01692547605 	1.59865615003e-22
-0.89 	0.171338912134 	3.03539272413e-20 	0.0362553976834 	0.000223607188531 	162.138784185 	10.4711575907 	34.6730427346 	0.0166669935374 	-1.57638032544e-22
-0.89 	0.17280334728 	5.72485823894e-19 	0.0362553976834 	0.000223607188531 	162.138784185 	10.4711575907 	34.6730427346 	0.0166669935374 	-1.57638032544e-22
-0.89 	0.174267782427 	2.47235484009e-19 	0.0362552705019 	0.000223607083351 	162.138291679 	10.4777759544 	34.6722363642 	0.0164062038586 	2.65223812867e-22
-0.89 	0.175732217573 	-7.55622311296e-19 	0.0362552705019 	0.000223607083351 	162.138291679 	10.4777759544 	34.6722363642 	0.0164062038586 	2.65223812867e-22
-0.89 	0.17719665272 	3.91097884699e-20 	0.0362551448914 	0.000223606970899 	162.137811472 	10.484339237 	34.6714391939 	0.0161430656489 	-1.87118114644e-22
-0.89 	0.178661087866 	-1.22643276206e-19 	0.0362551448914 	0.000223606970899 	162.137811472 	10.484339237 	34.6714391939 	0.0161430656489 	-1.87118114644e-22
-0.89 	0.180125523013 	-2.84571307747e-19 	0.0362550209298 	0.000223606858018 	162.137338949 	10.4908454408 	34.6706513773 	0.0158775376715 	-2.80261199198e-22
-0.89 	0.181589958159 	1.95296561919e-19 	0.0362548986436 	0.000223606746418 	162.13687299 	10.4972925162 	34.6698730732 	0.0156095789583 	5.18247848106e-22
-0.89 	0.183054393305 	-4.73227417891e-19 	0.0362548986436 	0.000223606746418 	162.13687299 	10.4972925162 	34.6698730732 	0.0156095789583 	5.18247848106e-22
-0.89 	0.184518828452 	4.03504498596e-19 	0.0362547780411 	0.000223606636229 	162.136413536 	10.5036783697 	34.6691044453 	0.0153391478789 	4.4370664563e-23
-0.89 	0.185983263598 	4.68749658175e-19 	0.0362547780411 	0.000223606636229 	162.136413536 	10.5036783697 	34.6691044453 	0.0153391478789 	4.4370664563e-23
-0.89 	0.187447698745 	-7.41371876694e-19 	0.0362546591167 	0.000223606527317 	162.135960661 	10.5100008668 	34.6683456629 	0.0150662018123 	7.28952172277e-23
-0.89 	0.188912133891 	-6.57635041805e-19 	0.0362546591167 	0.000223606527317 	162.135960661 	10.5100008668 	34.6683456629 	0.0150662018123 	7.28952172277e-23
-0.89 	0.190376569038 	1.95419918481e-19 	0.0362545418739 	0.000223606419552 	162.135514475 	10.5162578253 	34.6675969007 	0.0147906978219 	7.56170974931e-23
-0.89 	0.191841004184 	-1.86828184942e-19 	0.0362545418739 	0.000223606419552 	162.135514475 	10.5162578253 	34.6675969007 	0.0147906978219 	7.56170974931e-23
-0.89 	0.193305439331 	4.46995939894e-19 	0.036254426308 	0.000223606312757 	162.135075084 	10.5224470034 	34.6668583393 	0.0145125927645 	-9.41663704541e-23
-0.89 	0.194769874477 	-8.03235747476e-19 	0.036254426308 	0.000223606312757 	162.135075084 	10.5224470034 	34.6668583393 	0.0145125927645 	-9.41663704541e-23
-0.89 	0.196234309623 	3.86321734915e-19 	0.0362543124231 	0.000223606206763 	162.134642629 	10.5285661024 	34.6661301655 	0.0142318432086 	-1.93428199908e-22
-0.89 	0.19769874477 	3.12144992047e-19 	0.0362543124231 	0.000223606206763 	162.134642629 	10.5285661024 	34.6661301655 	0.0142318432086 	-1.93428199908e-22
-0.89 	0.199163179916 	5.85856050562e-19 	0.0362542002156 	0.000223606101349 	162.134217255 	10.5346127695 	34.6654125723 	0.0139484050072 	-4.36266976702e-22
-0.89 	0.200627615063 	2.19287722374e-21 	0.0362542002156 	0.000223606101349 	162.134217255 	10.5346127695 	34.6654125723 	0.0139484050072 	-4.36266976702e-22
-0.89 	0.202092050209 	2.64973322662e-19 	0.0362540896904 	0.000223605996288 	162.133799147 	10.540584594 	34.6647057592 	0.0136622335387 	1.63509903092e-22
-0.89 	0.203556485356 	-6.22794974712e-19 	0.0362540896904 	0.000223605996288 	162.133799147 	10.540584594 	34.6647057592 	0.0136622335387 	1.63509903092e-22
-0.89 	0.205020920502 	-1.02735455255e-18 	0.0362539808447 	0.000223605891293 	162.133388504 	10.546479097 	34.6640099326 	0.0133732837858 	-2.13393291557e-22
-0.89 	0.206485355649 	4.84227779399e-19 	0.0362539808447 	0.000223605891293 	162.133388504 	10.546479097 	34.6640099326 	0.0133732837858 	-2.13393291557e-22
-0.89 	0.207949790795 	-1.33930848832e-19 	0.0362538736834 	0.000223605786052 	162.132985571 	10.552293736 	34.6633253061 	0.0130815100966 	-2.07458730362e-22
-0.89 	0.209414225941 	8.94719488475e-19 	0.0362538736834 	0.000223605786052 	162.132985571 	10.552293736 	34.6633253061 	0.0130815100966 	-2.07458730362e-22
-0.89 	0.210878661088 	2.21728576547e-19 	0.0362537682045 	0.000223605680174 	162.132590622 	10.5580259071 	34.6626521005 	0.0127868658861 	4.02486428738e-22
-0.89 	0.212343096234 	3.57215062815e-19 	0.0362537682045 	0.000223605680174 	162.132590622 	10.5580259071 	34.6626521005 	0.0127868658861 	4.02486428738e-22
-0.89 	0.213807531381 	5.51367148984e-19 	0.0362536644124 	0.000223605573223 	162.132203996 	10.5636729296 	34.6619905444 	0.0124893042292 	2.75825830837e-23
-0.89 	0.215271966527 	-7.87093568539e-20 	0.0362536644124 	0.000223605573223 	162.132203996 	10.5636729296 	34.6619905444 	0.0124893042292 	2.75825830837e-23
-0.89 	0.216736401674 	1.36439826173e-20 	0.0362535623048 	0.000223605464653 	162.131826077 	10.569232045 	34.661340875 	0.0121887774596 	-1.21954243423e-22
-0.89 	0.21820083682 	1.50798444336e-19 	0.0362535623048 	0.000223605464653 	162.131826077 	10.569232045 	34.661340875 	0.0121887774596 	-1.21954243423e-22
-0.89 	0.219665271967 	6.64206396463e-19 	0.036253461885 	0.000223605353829 	162.131457338 	10.5747004192 	34.6607033375 	0.0118852371205 	-2.63337756177e-22
-0.89 	0.221129707113 	-4.00314925876e-19 	0.036253461885 	0.000223605353829 	162.131457338 	10.5747004192 	34.6607033375 	0.0118852371205 	-2.63337756177e-22
-0.89 	0.222594142259 	-7.40878509608e-19 	0.0362533631493 	0.000223605239964 	162.131098337 	10.5800751345 	34.6600781864 	0.0115786338817 	1.83249133227e-22
-0.89 	0.224058577406 	-1.34455531297e-18 	0.0362533631493 	0.000223605239964 	162.131098337 	10.5800751345 	34.6600781864 	0.0115786338817 	1.83249133227e-22
-0.89 	0.225523012552 	-3.26211595692e-19 	0.0362533631493 	0.000223605239964 	162.131098337 	10.5800751345 	34.6600781864 	0.0115786338817 	1.83249133227e-22
-0.89 	0.226987447699 	4.78880996306e-19 	0.036253266098 	0.000223605122116 	162.130749756 	10.5853531867 	34.6594656855 	0.0112689177033 	-2.70360983638e-22
-0.89 	0.228451882845 	-6.07932616263e-19 	0.036253266098 	0.000223605122116 	162.130749756 	10.5853531867 	34.6594656855 	0.0112689177033 	-2.70360983638e-22
-0.89 	0.229916317992 	2.04648581054e-19 	0.0362531707242 	0.000223604999107 	162.130412419 	10.5905314798 	34.6588661086 	0.0109560374231 	-1.53354346277e-23
-0.89 	0.231380753138 	-4.14769464139e-19 	0.0362531707242 	0.000223604999107 	162.130412419 	10.5905314798 	34.6588661086 	0.0109560374231 	-1.53354346277e-23
-0.89 	0.232845188285 	-1.07900568431e-18 	0.0362530770225 	0.000223604869495 	162.130087347 	10.5956068223 	34.6582797399 	0.0106399409573 	-3.09059709105e-22
-0.89 	0.234309623431 	7.38518790347e-19 	0.0362530770225 	0.000223604869495 	162.130087347 	10.5956068223 	34.6582797399 	0.0106399409573 	-3.09059709105e-22
-0.89 	0.235774058577 	3.8687675885e-19 	0.0362529849789 	0.000223604731458 	162.129775799 	10.6005759212 	34.6577068747 	0.0103205750262 	2.94895661812e-22
-0.89 	0.237238493724 	7.69455378157e-19 	0.0362529849789 	0.000223604731458 	162.129775799 	10.6005759212 	34.6577068747 	0.0103205750262 	2.94895661812e-22
-0.89 	0.23870292887 	-1.61889838614e-19 	0.0362529849789 	0.000223604731458 	162.129775799 	10.6005759212 	34.6577068747 	0.0103205750262 	2.94895661812e-22
-0.89 	0.240167364017 	-7.66652667967e-19 	0.0362528945776 	0.000223604582712 	162.12947936 	10.6054353762 	34.6571478196 	0.0099978852276 	7.86112113936e-23
-0.89 	0.241631799163 	-9.12789467077e-19 	0.0362528945776 	0.000223604582712 	162.12947936 	10.6054353762 	34.6571478196 	0.0099978852276 	7.86112113936e-23
-0.89 	0.24309623431 	1.17627872919e-18 	0.0362528057908 	0.000223604420335 	162.129200024 	10.6101816761 	34.656602894 	0.00967181598094 	-2.42523816005e-22
-0.89 	0.244560669456 	-1.43869493319e-19 	0.0362528057908 	0.000223604420335 	162.129200024 	10.6101816761 	34.656602894 	0.00967181598094 	-2.42523816005e-22
-0.89 	0.246025104603 	-1.17423047763e-18 	0.0362527185828 	0.000223604240578 	162.128940351 	10.6148111904 	34.6560724297 	0.00934231012208 	7.54154407378e-22
-0.89 	0.247489539749 	1.13369938285e-18 	0.0362527185828 	0.000223604240578 	162.128940351 	10.6148111904 	34.6560724297 	0.00934231012208 	7.54154407378e-22
-0.89 	0.248953974895 	1.20522854198e-19 	0.0362527185828 	0.000223604240578 	162.128940351 	10.6148111904 	34.6560724297 	0.00934231012208 	7.54154407378e-22
-0.89 	0.250418410042 	3.263670108e-19 	0.0362526328996 	0.000223604038552 	162.128703642 	10.6193201664 	34.6555567725 	0.00900930949297 	4.49073790187e-22
-0.89 	0.251882845188 	8.33092607943e-19 	0.0362526328996 	0.000223604038552 	162.128703642 	10.6193201664 	34.6555567725 	0.00900930949297 	4.49073790187e-22
-0.89 	0.253347280335 	-1.85335313438e-19 	0.0362525486678 	0.000223603807836 	162.128494227 	10.6237047165 	34.6550562828 	0.00867275343831 	6.40401091911e-22
-0.89 	0.254811715481 	-3.70607761411e-19 	0.0362525486678 	0.000223603807836 	162.128494227 	10.6237047165 	34.6550562828 	0.00867275343831 	6.40401091911e-22
-0.89 	0.256276150628 	-9.82028956782e-20 	0.0362525486678 	0.000223603807836 	162.128494227 	10.6237047165 	34.6550562828 	0.00867275343831 	6.40401091911e-22
-0.89 	0.257740585774 	-1.85273633816e-19 	0.0362524657812 	0.000223603539864 	162.12831784 	10.627960823 	34.654571336 	0.00833258126026 	7.74670952191e-23
-0.89 	0.259205020921 	-1.7511746725e-19 	0.0362524657812 	0.000223603539864 	162.12831784 	10.627960823 	34.654571336 	0.00833258126026 	7.74670952191e-23
-0.89 	0.260669456067 	7.25497290205e-19 	0.0362523840918 	0.000223603223073 	162.128182204 	10.6320843075 	34.6541023244 	0.00798872742736 	3.15899282161e-23
-0.89 	0.262133891213 	2.34612803865e-19 	0.0362523840918 	0.000223603223073 	162.128182204 	10.6320843075 	34.6541023244 	0.00798872742736 	3.15899282161e-23
-0.89 	0.26359832636 	-2.41305731854e-19 	0.0362523840918 	0.000223603223073 	162.128182204 	10.6320843075 	34.6541023244 	0.00798872742736 	3.15899282161e-23
-0.89 	0.265062761506 	6.4749641124e-19 	0.0362523033868 	0.000223602841608 	162.128097864 	10.6360708585 	34.6536496569 	0.00764112973974 	-5.06340514285e-22
-0.89 	0.266527196653 	2.19619986522e-19 	0.0362523033868 	0.000223602841608 	162.128097864 	10.6360708585 	34.6536496569 	0.00764112973974 	-5.06340514285e-22
-0.89 	0.267991631799 	1.0378502904e-18 	0.0362522233619 	0.000223602373383 	162.128079472 	10.6399159646 	34.6532137618 	0.00728971517148 	-4.24702694189e-22
-0.89 	0.269456066946 	-1.18355204377e-19 	0.0362522233619 	0.000223602373383 	162.128079472 	10.6399159646 	34.6532137618 	0.00728971517148 	-4.24702694189e-22
-0.89 	0.270920502092 	-9.32711764625e-19 	0.0362522233619 	0.000223602373383 	162.128079472 	10.6399159646 	34.6532137618 	0.00728971517148 	-4.24702694189e-22
-0.89 	0.272384937238 	-7.14158745126e-19 	0.0362521435732 	0.000223601787064 	162.128147763 	10.6436150026 	34.6527950856 	0.00693442281512 	-2.48105370351e-22
-0.89 	0.273849372385 	1.75121214671e-19 	0.0362521435732 	0.000223601787064 	162.128147763 	10.6436150026 	34.6527950856 	0.00693442281512 	-2.48105370351e-22
-0.89 	0.275313807531 	-4.01572266669e-19 	0.0362521435732 	0.000223601787064 	162.128147763 	10.6436150026 	34.6527950856 	0.00693442281512 	-2.48105370351e-22
-0.89 	0.276778242678 	-4.01846845393e-19 	0.0362520633659 	0.000223601037316 	162.128332681 	10.6471630699 	34.6523940978 	0.00657516580912 	-2.06368526501e-22
-0.89 	0.278242677824 	1.48323614021e-19 	0.0362520633659 	0.000223601037316 	162.128332681 	10.6471630699 	34.6523940978 	0.00657516580912 	-2.06368526501e-22
-0.89 	0.279707112971 	5.69639394922e-19 	0.0362519817554 	0.000223600057059 	162.128678463 	10.6505552213 	34.6520112867 	0.00621189253428 	5.03140482599e-22
-0.89 	0.281171548117 	2.12064258696e-19 	0.0362519817554 	0.000223600057059 	162.128678463 	10.6505552213 	34.6520112867 	0.00621189253428 	5.03140482599e-22
-0.89 	0.282635983264 	5.47878831854e-19 	0.0362519817554 	0.000223600057059 	162.128678463 	10.6505552213 	34.6520112867 	0.00621189253428 	5.03140482599e-22
-0.89 	0.28410041841 	2.05409136691e-19 	0.0362518972284 	0.000223598744532 	162.129252131 	10.6537860654 	34.6516471699 	0.0058444889355 	5.49807515056e-23
-0.89 	0.285564853556 	-4.21360833083e-19 	0.0362518972284 	0.000223598744532 	162.129252131 	10.6537860654 	34.6516471699 	0.0058444889355 	5.49807515056e-23
-0.89 	0.287029288703 	-3.78595570185e-19 	0.0362518972284 	0.000223598744532 	162.129252131 	10.6537860654 	34.6516471699 	0.0058444889355 	5.49807515056e-23
-0.89 	0.288493723849 	4.93456943627e-20 	0.0362518074013 	0.000223596940925 	162.130158183 	10.6568503592 	34.6513022816 	0.0054729311108 	3.15950150855e-22
-0.89 	0.289958158996 	2.8064431499e-20 	0.0362518074013 	0.000223596940925 	162.130158183 	10.6568503592 	34.6513022816 	0.0054729311108 	3.15950150855e-22
-0.89 	0.291422594142 	-3.32684102358e-20 	0.0362518074013 	0.000223596940925 	162.130158183 	10.6568503592 	34.6513022816 	0.0054729311108 	3.15950150855e-22
-0.89 	0.292887029289 	5.61150789051e-19 	0.0362517083991 	0.000223594390209 	162.131564952 	10.6597420699 	34.6509771963 	0.00509704860972 	-4.2658117668e-22
-0.89 	0.294351464435 	3.48134191298e-19 	0.0362517083991 	0.000223594390209 	162.131564952 	10.6597420699 	34.6509771963 	0.00509704860972 	-4.2658117668e-22
-0.89 	0.295815899582 	3.18330591564e-19 	0.0362515937009 	0.000223590663888 	162.133754024 	10.6624557563 	34.6506724977 	0.00471688565538 	2.27617168154e-22
-0.89 	0.297280334728 	1.43724781241e-18 	0.0362515937009 	0.000223590663888 	162.133754024 	10.6624557563 	34.6506724977 	0.00471688565538 	2.27617168154e-22
-0.89 	0.298744769874 	8.10742057679e-20 	0.0362515937009 	0.000223590663888 	162.133754024 	10.6624557563 	34.6506724977 	0.00471688565538 	2.27617168154e-22
-0.89 	0.300209205021 	2.22982467196e-19 	0.0362514518372 	0.000223585012606 	162.137217583 	10.6649844798 	34.6503888294 	0.00433215610175 	1.80651078324e-22
-0.89 	0.301673640167 	1.62088372894e-18 	0.0362514518372 	0.000223585012606 	162.137217583 	10.6649844798 	34.6503888294 	0.00433215610175 	1.80651078324e-22
-0.89 	0.303138075314 	-4.15282994022e-20 	0.0362514518372 	0.000223585012606 	162.137217583 	10.6649844798 	34.6503888294 	0.00433215610175 	1.80651078324e-22
-0.89 	0.30460251046 	6.3937776691e-19 	0.0362512615911 	0.00022357605603 	162.142861963 	10.6673228196 	34.6501268266 	0.00394305431566 	-2.36397879744e-22
-0.89 	0.306066945607 	-8.17260828661e-19 	0.0362512615911 	0.00022357605603 	162.142861963 	10.6673228196 	34.6501268266 	0.00394305431566 	-2.36397879744e-22
-0.89 	0.307531380753 	7.69702553504e-19 	0.0362512615911 	0.00022357605603 	162.142861963 	10.6673228196 	34.6501268266 	0.00394305431566 	-2.36397879744e-22
-0.89 	0.3089958159 	-7.30992114934e-19 	0.036250981121 	0.000223561086785 	162.152464198 	10.6694624683 	34.6498872194 	0.00354906215626 	-5.32855711326e-23
-0.89 	0.310460251046 	1.11440532922e-19 	0.036250981121 	0.000223561086785 	162.152464198 	10.6694624683 	34.6498872194 	0.00354906215626 	-5.32855711326e-23
-0.89 	0.311924686192 	5.54604436303e-19 	0.036250981121 	0.000223561086785 	162.152464198 	10.6694624683 	34.6498872194 	0.00354906215626 	-5.32855711326e-23
-0.89 	0.313389121339 	2.05820224954e-19 	0.0362505212534 	0.000223534369038 	162.169788071 	10.6713984676 	34.6496706933 	0.00315068106976 	8.50487399743e-22
-0.89 	0.314853556485 	-7.81929893097e-19 	0.0362505212534 	0.000223534369038 	162.169788071 	10.6713984676 	34.6496706933 	0.00315068106976 	8.50487399743e-22
-0.89 	0.316317991632 	2.58675372651e-19 	0.0362505212534 	0.000223534369038 	162.169788071 	10.6713984676 	34.6496706933 	0.00315068106976 	8.50487399743e-22
-0.89 	0.317782426778 	-2.10451747801e-19 	0.0362496719993 	0.00022348251544 	162.203615473 	10.6731204014 	34.6494780904 	0.00274694665508 	3.53009768408e-22
-0.89 	0.319246861925 	9.57463367507e-20 	0.0362496719993 	0.00022348251544 	162.203615473 	10.6731204014 	34.6494780904 	0.00274694665508 	3.53009768408e-22
-0.89 	0.320711297071 	-1.52706822513e-19 	0.0362496719993 	0.00022348251544 	162.203615473 	10.6731204014 	34.6494780904 	0.00274694665508 	3.53009768408e-22
-0.89 	0.322175732218 	-1.21652970375e-18 	0.0362478730982 	0.000223370239133 	162.27709313 	10.6746245699 	34.6493101423 	0.00233895066773 	-4.00556573495e-22
-0.89 	0.323640167364 	-8.83200224465e-19 	0.0362478730982 	0.000223370239133 	162.27709313 	10.6746245699 	34.6493101423 	0.00233895066773 	-4.00556573495e-22
-0.89 	0.32510460251 	-1.24359772036e-19 	0.0362478730982 	0.000223370239133 	162.27709313 	10.6746245699 	34.6493101423 	0.00233895066773 	-4.00556573495e-22
-0.89 	0.326569037657 	-2.53696515854e-19 	0.0362434108795 	0.000223090835194 	162.46033078 	10.675897279 	34.6491678438 	0.00192490772251 	7.73569557115e-23
-0.89 	0.328033472803 	-4.44495519825e-19 	0.0362434108795 	0.000223090835194 	162.46033078 	10.675897279 	34.6491678438 	0.00192490772251 	7.73569557115e-23
-0.89 	0.32949790795 	-1.02905300886e-19 	0.0362434108795 	0.000223090835194 	162.46033078 	10.675897279 	34.6491678438 	0.00192490772251 	7.73569557115e-23
-0.89 	0.330962343096 	-6.95989344945e-19 	0.0362307910513 	0.000222297894758 	162.983059695 	10.6769373745 	34.6490519714 	0.00150698009501 	-5.24045102476e-22
-0.89 	0.332426778243 	5.18337666562e-19 	0.0362307910513 	0.000222297894758 	162.983059695 	10.6769373745 	34.6490519714 	0.00150698009501 	-5.24045102476e-22
-0.89 	0.333891213389 	1.82775233732e-19 	0.0362307910513 	0.000222297894758 	162.983059695 	10.6769373745 	34.6490519714 	0.00150698009501 	-5.24045102476e-22
-0.89 	0.335355648536 	2.24226357938e-19 	0.0362307910513 	0.000222297894758 	162.983059695 	10.6769373745 	34.6490519714 	0.00150698009501 	-5.24045102476e-22
-0.89 	0.336820083682 	-4.01004119911e-19 	0.036199225037 	0.000220291964355 	164.323856038 	10.6777262611 	34.6489636585 	0.0010819536666 	-2.44093306237e-22
-0.89 	0.338284518828 	5.2041793831e-19 	0.036199225037 	0.000220291964355 	164.323856038 	10.6777262611 	34.6489636585 	0.0010819536666 	-2.44093306237e-22
-0.89 	0.339748953975 	1.05474684924e-19 	0.036199225037 	0.000220291964355 	164.323856038 	10.6777262611 	34.6489636585 	0.0010819536666 	-2.44093306237e-22
-0.89 	0.341213389121 	1.02153078473e-18 	0.0361843288086 	0.000219466920252 	164.873725694 	10.6782665443 	34.6489029243 	0.000653801650682 	2.68530355296e-22
-0.89 	0.342677824268 	1.5109351659e-19 	0.0361843288086 	0.000219466920252 	164.873725694 	10.6782665443 	34.6489029243 	0.000653801650682 	2.68530355296e-22
-0.89 	0.344142259414 	1.6652471933e-19 	0.0361843288086 	0.000219466920252 	164.873725694 	10.6782665443 	34.6489029243 	0.000653801650682 	2.68530355296e-22
-0.89 	0.345606694561 	2.41264389218e-20 	0.0361833191948 	0.000219431059984 	164.89606894 	10.6785322983 	34.6488491278 	0.000217057765791 	5.3769866143e-22
-0.89 	0.347071129707 	-5.05836838842e-19 	0.0361833191948 	0.000219431059984 	164.89606894 	10.6785322983 	34.6488491278 	0.000217057765791 	5.3769866143e-22
-0.89 	0.348535564854 	-2.60428093345e-19 	0.0361833191948 	0.000219431059984 	164.89606894 	10.6785322983 	34.6488491278 	0.000217057765791 	5.3769866143e-22
-0.89 	0.35 	-4.05827254959e-19 	0.0361833191948 	0.000219431059984 	164.89606894 	10.6785322983 	34.6488491278 	0.000217057765791 	5.3769866143e-22
