0.336 	0.0190376569038 	-1.23652245127e-18 	7.50990049214 	0.000541908104463 	13858.2546197 	-139.383243024 	-2.83983493381 	1.18380079769 	5.81969035723e-18
0.336 	0.0205020920502 	-5.01719884637e-18 	16.5159440542 	0.00183565669723 	8997.29458081 	-140.309180122 	0.768589445104 	0.0731197912046 	3.21400323306e-19
0.336 	0.0219665271967 	4.91290409403e-19 	22.85470605 	0.00198865714492 	10501.317117 	-141.172947046 	4.78953998408 	-1.12261686518 	7.65986678275e-19
0.336 	0.0234309623431 	-5.0095706462e-20 	28.2594154339 	0.00184189713564 	12877.8119771 	-141.824283195 	10.7330615647 	-2.84340531563 	-2.11685566714e-18
0.336 	0.0248953974895 	3.97421750984e-18 	28.4620840609 	0.00167086713033 	13494.5809308 	-142.224916867 	17.393103904 	-4.67590008321 	-5.46915473021e-18
0.336 	0.026359832636 	2.70995106333e-18 	21.6864444771 	0.00171777516374 	11952.4207238 	-142.592971155 	24.5274379223 	-6.51826354525 	-2.34281577701e-18
0.336 	0.0278242677824 	9.10536847425e-19 	12.3944671972 	0.0013315396647 	9308.37249977 	-143.284786498 	30.3032275802 	-7.88865382347 	5.21523977828e-18
0.336 	0.0292887029289 	2.87354677403e-18 	6.16678837453 	0.000915319362092 	6737.30790578 	-144.100952265 	33.8918574604 	-8.68995114502 	-5.64978629555e-19
0.336 	0.0307531380753 	1.80278045912e-18 	2.58872161923 	0.000611316272577 	4234.66826478 	-145.119656228 	36.1184819052 	-9.14911102368 	4.26816709708e-20
0.336 	0.0322175732218 	-4.70038554396e-19 	1.10978187844 	0.000447015021761 	2482.65007755 	-146.332179292 	37.222687083 	-9.32803021468 	-1.64695032983e-18
0.336 	0.0336820083682 	-7.37967714536e-19 	0.566730476747 	0.000373720074958 	1516.45714192 	-147.740596848 	37.7548917048 	-9.35471561538 	1.33136459936e-18
0.336 	0.0351464435146 	-1.95677022545e-18 	0.356085175945 	0.000346258121316 	1028.38071954 	-149.344236735 	37.9939284794 	-9.29654628913 	2.36818339772e-18
0.336 	0.0366108786611 	-1.71060821635e-18 	0.283305621718 	0.00034247512295 	827.229783225 	-150.670271883 	38.0747960941 	-9.22231558273 	4.70326815098e-18
0.336 	0.0380753138075 	-3.68049696753e-19 	0.236162519319 	0.000349752776123 	675.22700445 	-152.594204573 	38.1580189539 	-9.11070321494 	3.73299852676e-19
0.336 	0.039539748954 	4.03523966495e-20 	0.219585404195 	0.000359035551101 	611.597942102 	-154.148062399 	38.2262372321 	-9.02346515891 	2.13486112447e-18
0.336 	0.0410041841004 	-1.3238562634e-19 	0.210637043355 	0.000368989673853 	570.848070505 	-155.791243648 	38.2977491587 	-8.93253737301 	-1.68104739405e-18
0.336 	0.0424686192469 	-7.47485363337e-19 	0.205293300296 	0.00037901532573 	541.649074218 	-157.5179852 	38.3705372608 	-8.83724064338 	7.63118556612e-19
0.336 	0.0439330543933 	-7.03396912976e-19 	0.201560059546 	0.000389249408078 	517.817253831 	-159.322191009 	38.4442680005 	-8.73731937736 	-9.10524142307e-20
0.336 	0.0453974895397 	5.52649517244e-19 	0.199529461883 	0.000396329091429 	503.443895989 	-160.564918593 	38.4940259479 	-8.66806527154 	8.15448781926e-18
0.336 	0.0468619246862 	7.05671980454e-19 	0.196925590022 	0.000407516540245 	483.233367419 	-162.484081808 	38.5697804882 	-8.56012958269 	-1.45245987185e-18
0.336 	0.0483263598326 	4.43707375872e-19 	0.194755637669 	0.000419544350362 	464.207508697 	-164.463356134 	38.647139826 	-8.44720802191 	1.84350944852e-18
0.336 	0.0497907949791 	-2.37443460085e-20 	0.19353074874 	0.000428096423621 	452.072799634 	-165.812837573 	38.6997288821 	-8.36908316686 	-3.69332550532e-18
0.336 	0.0512552301255 	-1.58446710119e-18 	0.192013537816 	0.000441806821597 	434.609717256 	-167.876656332 	38.7802444893 	-8.24750575542 	-3.76070870271e-19
0.336 	0.052719665272 	-2.38114989495e-18 	0.191208652214 	0.000451575408643 	423.425741425 	-169.275695682 	38.8350168936 	-8.16344922052 	2.30065752949e-19
0.336 	0.0541841004184 	-1.3843580698e-18 	0.190561707844 	0.000461872015247 	412.585524894 	-170.690583377 	38.8906323037 	-8.07692527554 	6.71325173224e-18
0.336 	0.0556485355649 	7.77346283844e-19 	0.190064523405 	0.000472712943903 	402.071755927 	-172.118940109 	38.947028007 	-7.98788086094 	-3.07449937432e-19
0.336 	0.0571129707113 	1.757788196e-18 	0.18957759402 	0.000490015921787 	386.880477941 	-174.281350547 	39.0328705164 	-7.84947962772 	2.83751773356e-18
0.336 	0.0585774058577 	-1.84368178559e-19 	0.189408475599 	0.000502250155759 	377.119794643 	-175.732498475 	39.0907488643 	-7.75392614548 	-1.22620728135e-18
0.336 	0.0600418410042 	-5.0456164027e-19 	0.189348477028 	0.000515039835603 	367.638508595 	-177.188213352 	39.1489775008 	-7.65570379845 	-6.72250571514e-19
0.336 	0.0615062761506 	1.413034795e-18 	0.189383780819 	0.000528376783378 	358.425628788 	-178.645788503 	39.2073957602 	-7.55478824617 	8.40222243982e-20
0.336 	0.0629707112971 	9.36709590505e-19 	0.189500235879 	0.000542248694445 	349.471078161 	-180.102449223 	39.2658341712 	-7.45116468673 	-1.02753807233e-18
0.336 	0.0644351464435 	-3.6361236985e-19 	0.189682658117 	0.000556636683503 	340.76564434 	-181.555357248 	39.3241225962 	-7.34482893214 	4.38980015348e-19
0.336 	0.06589958159 	-1.42641611798e-18 	0.18979338033 	0.00056401578818 	336.503665868 	-182.279500858 	39.3531598133 	-7.29064581494 	-1.86605430701e-18
0.336 	0.0673640167364 	-1.10998695198e-18 	0.190042248553 	0.00057912147905 	328.156104424 	-183.721332512 	39.4109259645 	-7.18025887101 	-1.28093175416e-20
0.336 	0.0688284518828 	-7.75228805126e-19 	0.19031092246 	0.00059465236869 	320.037273003 	-185.152080502 	39.468159941 	-7.06719739052 	1.35312665934e-19
0.336 	0.0702928870293 	-1.24540426536e-18 	0.190578327435 	0.000610553890409 	312.140059099 	-186.568745453 	39.5247270201 	-6.95149386625 	3.72390493568e-21
0.336 	0.0717573221757 	-9.4979438844e-19 	0.190822847417 	0.00062676154238 	304.458449529 	-187.968303727 	39.5805226086 	-6.8331928186 	7.90793648559e-19
0.336 	0.0732217573222 	5.78295684774e-19 	0.190929806932 	0.000634957490285 	300.6969913 	-188.660719229 	39.6081045633 	-6.77308478327 	-1.63412425905e-18
0.336 	0.0746861924686 	-3.55901885439e-19 	0.191100292749 	0.000651484146903 	293.330687565 	-190.028925305 	39.6625875189 	-6.65099061394 	5.94315673921e-19
0.336 	0.0761506276151 	-3.20182553485e-19 	0.191158999837 	0.000659793794727 	289.725367781 	-190.70395888 	39.6894712779 	-6.58902062545 	-2.70214701935e-18
0.336 	0.0776150627615 	-1.98418910885e-18 	0.19121192544 	0.000676449189851 	282.670048702 	-192.034005171 	39.7424879698 	-6.46327853828 	-1.2351480115e-18
0.336 	0.0790794979079 	-6.68612292684e-19 	0.191164173038 	0.000693070037864 	275.822301635 	-193.334872985 	39.7944590894 	-6.33519534773 	-1.02004218891e-18
0.336 	0.0805439330544 	-9.19065843043e-19 	0.19109713018 	0.000701334177842 	272.476568543 	-193.973444549 	39.8200326316 	-6.27029942038 	3.50482078449e-18
0.336 	0.0820083682008 	-2.16135639967e-19 	0.190865895816 	0.000717697908074 	265.941831052 	-195.225055364 	39.8703058926 	-6.13884690305 	-1.70688436877e-18
0.336 	0.0834728033473 	2.77542562178e-19 	0.190697145977 	0.000725766224929 	262.752852677 	-195.837385547 	39.894984346 	-6.07231015064 	-6.17743446699e-19
0.336 	0.0849372384937 	4.20251204813e-20 	0.190489617913 	0.00073373588783 	259.616056775 	-196.440268621 	39.9193437836 	-6.00524689137 	5.47536949779e-19
0.336 	0.0864016736402 	-1.04477792482e-19 	0.189946561961 	0.000749300901224 	253.498376488 	-197.616340092 	39.9670720818 	-5.86958533264 	1.26640459054e-18
0.336 	0.0878661087866 	1.39841827629e-18 	0.189604564123 	0.000756852760494 	250.517107184 	-198.188869425 	39.990427693 	-5.80101055464 	-2.27644732563e-18
0.336 	0.0893305439331 	2.47630688012e-18 	0.188762042743 	0.000771374062539 	244.708827934 	-199.301326252 	40.0360955159 	-5.66243521158 	1.88929427356e-18
0.336 	0.0907949790795 	-6.34853706114e-19 	0.188254045761 	0.00077829010697 	241.88158641 	-199.840643906 	40.058400732 	-5.59246098836 	-2.04336870092e-18
0.336 	0.0922594142259 	-5.69481651412e-19 	0.187682954274 	0.000784937778396 	239.10551822 	-200.36829677 	40.0803511947 	-5.52204729411 	8.78901101496e-19
0.336 	0.0937238493724 	-1.27626849976e-18 	0.18704450048 	0.000791285475216 	236.380555865 	-200.884004212 	40.1019451786 	-5.45120797934 	3.14517386733e-20
0.336 	0.0951882845188 	-8.68803453766e-19 	0.185546542553 	0.000802941397214 	231.083542581 	-201.878514814 	40.1440494506 	-5.30830811418 	-9.08747981076e-20
0.336 	0.0966527196653 	-5.30112077395e-19 	0.184676288383 	0.000808171663476 	228.511214547 	-202.356813027 	40.1645518668 	-5.23627603752 	-1.35999561771e-18
0.336 	0.0981171548117 	-3.16310630072e-19 	0.183716912585 	0.000812944828301 	225.989398283 	-202.822157042 	40.1846855763 	-5.1638756824 	8.21442706038e-19
0.336 	0.0995815899582 	3.5086283874e-19 	0.182661135895 	0.000817210788414 	223.517773486 	-203.274325952 	40.2044523136 	-5.09112258899 	7.65282305768e-19
0.336 	0.101046025105 	-1.31694911039e-18 	0.180225479239 	0.000823988620632 	218.723262344 	-204.138323569 	40.2428980401 	-4.94462176496 	-2.80401376789e-19
0.336 	0.102510460251 	1.30060766246e-18 	0.178824811524 	0.000826365178585 	216.399258049 	-204.549780893 	40.2615818456 	-4.87090597249 	-1.26973021157e-18
0.336 	0.103974895397 	9.23195740964e-19 	0.17728655897 	0.00082796387167 	214.12354456 	-204.947321323 	40.2799106103 	-4.79690189423 	-1.37149400095e-20
0.336 	0.105439330544 	6.80942491025e-19 	0.175598905505 	0.000828701885567 	211.896350863 	-205.330797074 	40.2978994041 	-4.72262812258 	-2.2037390595e-19
0.336 	0.10690376569 	1.11455393155e-18 	0.173752026102 	0.000828499824928 	209.71884468 	-205.7000752 	40.3155854343 	-4.64810623589 	4.85659353014e-19
0.336 	0.108368200837 	5.28469336789e-19 	0.171740161953 	0.000827291743586 	207.593226072 	-206.05503645 	40.3330264184 	-4.57335961486 	1.82197409573e-18
0.336 	0.109832635983 	-4.61943237719e-19 	0.169563290532 	0.00082503636997 	205.522200844 	-206.395573926 	40.3502719053 	-4.49840879983 	-1.46956398254e-18
0.336 	0.11129707113 	-7.40940603557e-19 	0.167227860636 	0.000821726063094 	203.508040144 	-206.721592497 	40.3673109618 	-4.42326511373 	-3.13991078295e-19
0.336 	0.112761506276 	-1.20709716209e-18 	0.162137678019 	0.000812106222466 	199.650825882 	-207.329757547 	40.4002121352 	-4.27238529327 	2.32349900495e-19
0.336 	0.114225941423 	7.36517270666e-19 	0.159424054205 	0.00080597503641 	197.802719691 	-207.611784952 	40.4156262334 	-4.19663028288 	3.65271623706e-19
0.336 	0.115690376569 	-1.47468640313e-19 	0.156632363161 	0.000799134277151 	196.002558819 	-207.879058355 	40.4301104286 	-4.1206648362 	-5.8447390171e-19
0.336 	0.117154811715 	-1.64093875236e-19 	0.153791820335 	0.000791737237866 	194.246036411 	-208.131562031 	40.4436425464 	-4.04450664944 	3.97124948354e-19
0.336 	0.118619246862 	-1.28678452333e-19 	0.15093251595 	0.000783942576474 	192.530065951 	-208.369298162 	40.4563247694 	-3.96818434532 	1.33365086994e-18
0.336 	0.120083682008 	-2.49389173401e-19 	0.148083328238 	0.000775901949972 	190.853146127 	-208.592287825 	40.4683123482 	-3.89172936467 	-1.12554311956e-18
0.336 	0.121548117155 	1.72891449491e-18 	0.145269861937 	0.000767749706198 	189.215131916 	-208.800572764 	40.4797385085 	-3.81516944734 	-1.27527551766e-18
0.336 	0.123012552301 	-9.59188989167e-19 	0.142512944703 	0.000759596313881 	187.6166881 	-208.994217061 	40.4906779367 	-3.73852643133 	-1.76992563031e-19
0.336 	0.124476987448 	-7.84999726317e-19 	0.139828004769 	0.000751526159875 	186.05873253 	-209.173307958 	40.5011532074 	-3.66181750494 	1.25989829897e-18
0.336 	0.125941422594 	-3.67950151498e-19 	0.137225305387 	0.000743599116298 	184.542050118 	-209.337955744 	40.5111609848 	-3.58505752591 	6.20565913285e-19
0.336 	0.127405857741 	1.10738373873e-18 	0.137225305387 	0.000743599116298 	184.542050118 	-209.337955744 	40.5111609848 	-3.58505752591 	6.20565913285e-19
0.336 	0.128870292887 	1.29559578036e-18 	0.13471075811 	0.000735854501131 	183.067111641 	-209.488293146 	40.5206940798 	-3.508260693 	-1.57196226764e-19
0.336 	0.130334728033 	-5.17323174717e-19 	0.132286970452 	0.000728315940507 	181.634045192 	-209.624474661 	40.5297504595 	-3.43144119536 	-1.38810363957e-18
0.336 	0.13179916318 	-3.5925630135e-19 	0.129954257037 	0.000720996000768 	180.242687753 	-209.746676083 	40.5383329977 	-3.35461322874 	1.5548638367e-18
0.336 	0.133263598326 	1.99901832147e-19 	0.127711466952 	0.000713899978335 	178.892661195 	-209.855094178 	40.5464466993 	-3.27779083384 	4.82968643435e-19
0.336 	0.134728033473 	-1.50649946233e-18 	0.125556586754 	0.000707028678626 	177.583442581 	-209.949946497 	40.5540970079 	-3.20098777087 	-4.72149654271e-19
0.336 	0.136192468619 	-8.19862284026e-19 	0.123487142506 	0.000700380285708 	176.314418075 	-210.031471233 	40.5612894961 	-3.12421746076 	-7.92379971396e-19
0.336 	0.137656903766 	-4.30190337874e-19 	0.121500448839 	0.000693951533845 	175.084920074 	-210.099927119 	40.5680300878 	-3.04749295845 	7.92009966313e-19
0.336 	0.139121338912 	5.48551951508e-20 	0.119593753541 	0.000687738397952 	173.89425092 	-210.155593349 	40.5743252466 	-2.97082693192 	-3.01728894608e-19
0.336 	0.140585774059 	1.05633454914e-18 	0.119593753541 	0.000687738397952 	173.89425092 	-210.155593349 	40.5743252466 	-2.97082693192 	-3.01728894608e-19
0.336 	0.142050209205 	-6.7095004761e-19 	0.117764316389 	0.000681736479041 	172.741697136 	-210.198769521 	40.5801820252 	-2.89423163746 	-1.14475836667e-18
0.336 	0.143514644351 	7.77920959021e-19 	0.116009449346 	0.000675941209416 	171.62653753 	-210.229775573 	40.5856080557 	-2.8177188927 	6.25539853335e-19
0.336 	0.144979079498 	-4.01360543211e-19 	0.114326535475 	0.000670347957899 	170.548047663 	-210.248951705 	40.590611537 	-2.7413000475 	-8.03062024927e-19
0.336 	0.146443514644 	-2.56942806436e-19 	0.112713036813 	0.000664952082809 	169.505502317 	-210.256658296 	40.5952012322 	-2.66498595621 	1.61567640718e-18
0.336 	0.147907949791 	-1.2071925018e-18 	0.111166496848 	0.000659748959013 	168.498176965 	-210.253275803 	40.5993864693 	-2.58878694888 	-8.23426509587e-19
0.336 	0.149372384937 	-1.33758077276e-18 	0.111166496848 	0.000659748959013 	168.498176965 	-210.253275803 	40.5993864693 	-2.58878694888 	-8.23426509587e-19
0.336 	0.150836820084 	-3.91631257699e-19 	0.109684540486 	0.000654733992691 	167.525348784 	-210.239204638 	40.6031771396 	-2.51271280366 	-2.67024330147e-19
0.336 	0.15230125523 	-8.6658714396e-20 	0.108264872898 	0.000649902630342 	166.58629746 	-210.214865046 	40.6065836953 	-2.4367727181 	4.56718113526e-19
0.336 	0.153765690377 	-2.36679777707e-19 	0.106905277883 	0.000645250365092 	165.680305919 	-210.180696954 	40.6096171438 	-2.36097528129 	-1.35648918771e-20
0.336 	0.155230125523 	3.74980542066e-19 	0.105603616025 	0.00064077274163 	164.806661027 	-210.137159824 	40.6122890413 	-2.28532844541 	8.49849994651e-19
0.336 	0.156694560669 	2.75352040126e-19 	0.105603616025 	0.00064077274163 	164.806661027 	-210.137159824 	40.6122890413 	-2.28532844541 	8.49849994651e-19
0.336 	0.158158995816 	1.31771582695e-18 	0.104357822795 	0.000636465360417 	163.9646543 	-210.084732482 	40.6146114856 	-2.20983949785 	-1.40561687182e-19
0.336 	0.159623430962 	6.56868168269e-19 	0.103165906621 	0.00063232388144 	163.153582601 	-210.023912942 	40.6165971095 	-2.13451503301 	-1.74632048014e-20
0.336 	0.161087866109 	-5.58389012813e-20 	0.102025947012 	0.00062834402777 	162.372748849 	-209.955218225 	40.6182590735 	-2.05936092452 	-7.26577259848e-19
0.336 	0.162552301255 	-3.11406587724e-20 	0.102025947012 	0.00062834402777 	162.372748849 	-209.955218225 	40.6182590735 	-2.05936092452 	-7.26577259848e-19
0.336 	0.164016736402 	-1.74568400559e-18 	0.100936092697 	0.000624521588977 	161.621462697 	-209.879184166 	40.6196110593 	-1.98438229697 	2.961571663e-19
0.336 	0.165481171548 	7.85859272389e-19 	0.0998945598359 	0.000620852424592 	160.899041188 	-209.796365226 	40.6206672613 	-1.90958349839 	-8.92094829705e-19
0.336 	0.166945606695 	-2.20482910964e-19 	0.0998945598359 	0.000620852424592 	160.899041188 	-209.796365226 	40.6206672613 	-1.90958349839 	-8.92094829705e-19
0.336 	0.168410041841 	-7.57744222216e-19 	0.0988996302614 	0.00061733246756 	160.204809334 	-209.707334273 	40.6214423784 	-1.83496807116 	6.15526376478e-20
0.336 	0.169874476987 	-1.29029972567e-18 	0.0979496497872 	0.000613957727782 	159.538100678 	-209.612682412 	40.6219516041 	-1.76053872589 	1.22883082263e-18
0.336 	0.171338912134 	2.88347818493e-19 	0.0979496497872 	0.000613957727782 	159.538100678 	-209.612682412 	40.6219516041 	-1.76053872589 	1.22883082263e-18
0.336 	0.17280334728 	2.30911051342e-19 	0.0970430266781 	0.000610724295187 	158.898258089 	-209.513018739 	40.6222106172 	-1.6862973096 	-7.35571655211e-19
0.336 	0.174267782427 	9.2862530494e-19 	0.0961782295895 	0.00060762828892 	158.28464761 	-209.408970216 	40.6222355714 	-1.61224478319 	-9.31005095673e-20
0.336 	0.175732217573 	-4.86944046132e-20 	0.0953537862254 	0.000604665969334 	157.696630969 	-209.301181343 	40.622043087 	-1.53838118266 	1.40030885319e-19
0.336 	0.17719665272 	-6.17582937612e-20 	0.0953537862254 	0.000604665969334 	157.696630969 	-209.301181343 	40.622043087 	-1.53838118266 	1.40030885319e-19
0.336 	0.178661087866 	1.12445162931e-18 	0.0945682821969 	0.000601833685827 	157.133580961 	-209.190314178 	40.6216502385 	-1.46470560674 	3.25439693094e-20
0.336 	0.180125523013 	-2.19761271591e-18 	0.0938203593408 	0.000599127882169 	156.594880881 	-209.077047805 	40.6210745489 	-1.39121615969 	3.34509674489e-19
0.336 	0.181589958159 	1.04385920455e-18 	0.0938203593408 	0.000599127882169 	156.594880881 	-209.077047805 	40.6210745489 	-1.39121615969 	3.34509674489e-19
0.336 	0.183054393305 	8.5895775305e-19 	0.0931087146032 	0.000596545102696 	156.079924523 	-208.962078736 	40.6203339714 	-1.31790996682 	-5.58229673244e-20
0.336 	0.184518828452 	-4.46811426245e-20 	0.0931087146032 	0.000596545102696 	156.079924523 	-208.962078736 	40.6203339714 	-1.31790996682 	-5.58229673244e-20
0.336 	0.185983263598 	-4.5129058776e-19 	0.0924320984225 	0.000594081994074 	155.588116362 	-208.846119776 	40.619446889 	-1.24478306904 	-2.1541003736e-19
0.336 	0.187447698745 	-1.09900210224e-18 	0.0917893139002 	0.000591735306086 	155.118873179 	-208.729901475 	40.618432084 	-1.1718305151 	-3.55695360629e-19
0.336 	0.188912133891 	5.08612192129e-19 	0.0917893139002 	0.000591735306086 	155.118873179 	-208.729901475 	40.618432084 	-1.1718305151 	-3.55695360629e-19
0.336 	0.190376569038 	-4.89536325368e-19 	0.0911792146111 	0.000589501884932 	154.671625217 	-208.614169337 	40.6173087583 	-1.09904612739 	8.41529817213e-20
0.336 	0.191841004184 	8.88912404103e-19 	0.0906007046326 	0.000587378674124 	154.245818965 	-208.499688036 	40.616096472 	-1.02642279973 	4.45068648951e-19
0.336 	0.193305439331 	-6.87997257379e-20 	0.0906007046326 	0.000587378674124 	154.245818965 	-208.499688036 	40.616096472 	-1.02642279973 	4.45068648951e-19
0.336 	0.194769874477 	1.02359777969e-18 	0.0900527352489 	0.000585362705092 	153.840916863 	-208.387234247 	40.6148152129 	-0.953951926362 	-3.83948487449e-19
0.336 	0.196234309623 	2.85250025083e-19 	0.0900527352489 	0.000585362705092 	153.840916863 	-208.387234247 	40.6148152129 	-0.953951926362 	-3.83948487449e-19
0.336 	0.19769874477 	1.11026470333e-18 	0.0895343073402 	0.000583451110109 	153.456400697 	-208.277607955 	40.6134852572 	-0.881624234294 	-1.80388786591e-19
0.336 	0.199163179916 	-9.92978662386e-19 	0.0890444651945 	0.000581641105773 	153.091767949 	-208.17161411 	40.6121273611 	-0.809428356441 	2.64474029031e-19
0.336 	0.200627615063 	-2.25615501964e-19 	0.0890444651945 	0.000581641105773 	153.091767949 	-208.17161411 	40.6121273611 	-0.809428356441 	2.64474029031e-19
0.336 	0.202092050209 	-1.14522149187e-18 	0.0885823041724 	0.000579930026518 	152.746538586 	-208.07009172 	40.6107624329 	-0.737353011414 	4.2939226086e-19
0.336 	0.203556485356 	-4.0001785145e-19 	0.0885823041724 	0.000579930026518 	152.746538586 	-208.07009172 	40.6107624329 	-0.737353011414 	4.2939226086e-19
0.336 	0.205020920502 	1.12448777166e-18 	0.0880999950622 	0.000578035085171 	152.412885173 	-209.38620112 	40.6444746301 	-0.661074056389 	3.25981213932e-19
0.336 	0.206485355649 	-1.43811821531e-18 	0.0876941502806 	0.000576526989885 	152.10762344 	-209.277950415 	40.6426942397 	-0.589400238303 	-1.92225807742e-19
0.336 	0.207949790795 	7.26935898129e-19 	0.0876941502806 	0.000576526989885 	152.10762344 	-209.277950415 	40.6426942397 	-0.589400238303 	-1.92225807742e-19
0.336 	0.209414225941 	5.80441833446e-19 	0.0873133332375 	0.000575109723756 	151.82030425 	-209.177314379 	40.6409874812 	-0.517806609135 	-5.60173011568e-20
0.336 	0.210878661088 	-8.01040646845e-19 	0.0873133332375 	0.000575109723756 	151.82030425 	-209.177314379 	40.6409874812 	-0.517806609135 	-5.60173011568e-20
0.336 	0.212343096234 	-1.2227973538e-18 	0.0869568397139 	0.000573781118567 	151.550542358 	-209.085257635 	40.6393761729 	-0.446280384798 	-9.85648894416e-21
0.336 	0.213807531381 	-3.16737319891e-19 	0.0869568397139 	0.000573781118567 	151.550542358 	-209.085257635 	40.6393761729 	-0.446280384798 	-9.85648894416e-21
0.336 	0.215271966527 	-4.85814412264e-19 	0.086623963727 	0.000572538951791 	151.297939566 	-209.002594045 	40.6378840651 	-0.374794589435 	1.62557467508e-19
0.336 	0.216736401674 	-8.96151770576e-19 	0.086623963727 	0.000572538951791 	151.297939566 	-209.002594045 	40.6378840651 	-0.374794589435 	1.62557467508e-19
0.336 	0.21820083682 	2.70941778143e-19 	0.0863141099682 	0.000571381357606 	151.062173834 	-208.930410196 	40.6365327377 	-0.303340233312 	2.42017564446e-19
0.336 	0.219665271967 	7.83526333246e-19 	0.086026622526 	0.000570306202366 	150.842866813 	-208.869417999 	40.6353476748 	-0.231876907179 	-3.94858580407e-19
0.336 	0.221129707113 	-1.12114807738e-19 	0.086026622526 	0.000570306202366 	150.842866813 	-208.869417999 	40.6353476748 	-0.231876907179 	-3.94858580407e-19
0.336 	0.222594142259 	1.7233988819e-18 	0.08576104335 	0.000569312028812 	150.639788042 	-208.820940705 	40.6343492973 	-0.160407937403 	2.39340976813e-19
0.336 	0.224058577406 	6.49746785936e-19 	0.08576104335 	0.000569312028812 	150.639788042 	-208.820940705 	40.6343492973 	-0.160407937403 	2.39340976813e-19
0.336 	0.225523012552 	1.31309937659e-18 	0.0855167230388 	0.00056839662942 	150.452551286 	-208.785419717 	40.6335660147 	-0.0888662657808 	-7.00846558358e-20
0.336 	0.226987447699 	-9.47614849948e-19 	0.0855167230388 	0.00056839662942 	150.452551286 	-208.785419717 	40.6335660147 	-0.0888662657808 	-7.00846558358e-20
0.336 	0.228451882845 	5.7604429721e-19 	0.0852934042618 	0.000567559181427 	150.281075618 	-208.764666232 	40.6330153656 	-0.0172865277549 	-7.76382045333e-20
0.336 	0.229916317992 	-7.06168891072e-19 	0.0852934042618 	0.000567559181427 	150.281075618 	-208.764666232 	40.6330153656 	-0.0172865277549 	-7.76382045333e-20
0.336 	0.231380753138 	-9.56210764435e-19 	0.0850903511277 	0.000566797045395 	150.124902413 	-208.758484417 	40.6327309224 	0.0544535448771 	-2.56869779403e-20
0.336 	0.232845188285 	-7.76972434753e-19 	0.0850903511277 	0.000566797045395 	150.124902413 	-208.758484417 	40.6327309224 	0.0544535448771 	-2.56869779403e-20
0.336 	0.234309623431 	4.69354757348e-20 	0.0849076437097 	0.000566110512683 	149.984220055 	-208.769713292 	40.6327243012 	0.126246772305 	1.62339575896e-19
0.336 	0.235774058577 	5.42809651605e-20 	0.0849076437097 	0.000566110512683 	149.984220055 	-208.769713292 	40.6327243012 	0.126246772305 	1.62339575896e-19
0.336 	0.237238493724 	-7.34044968649e-19 	0.0847442620009 	0.000565495744115 	149.85835505 	-208.796736822 	40.633038055 	0.198331468627 	-6.93687410401e-20
0.336 	0.23870292887 	-1.71655009989e-18 	0.0847442620009 	0.000565495744115 	149.85835505 	-208.796736822 	40.633038055 	0.198331468627 	-6.93687410401e-20
0.336 	0.240167364017 	-1.42020664583e-19 	0.0846009113476 	0.000564955151701 	149.748012905 	-208.844561522 	40.6336730409 	0.270440244003 	2.29828833186e-19
0.336 	0.241631799163 	6.41261470407e-19 	0.0846009113476 	0.000564955151701 	149.748012905 	-208.844561522 	40.6336730409 	0.270440244003 	2.29828833186e-19
0.336 	0.24309623431 	-1.37293215934e-19 	0.0844758736779 	0.000564482083232 	149.652001697 	-208.908511448 	40.6346864746 	0.343054854662 	-1.24081993615e-19
0.336 	0.244560669456 	5.01072011278e-19 	0.0844758736779 	0.000564482083232 	149.652001697 	-208.908511448 	40.6346864746 	0.343054854662 	-1.24081993615e-19
0.336 	0.246025104603 	-8.2400891008e-19 	0.0843710731108 	0.000564083141813 	149.572052162 	-208.998110097 	40.63606185 	0.415565663678 	3.42693126165e-20
0.336 	0.247489539749 	2.91494402814e-19 	0.0843710731108 	0.000564083141813 	149.572052162 	-208.998110097 	40.63606185 	0.415565663678 	3.42693126165e-20
0.336 	0.248953974895 	-6.23631085487e-19 	0.0842832455465 	0.000563745547481 	149.505829222 	-209.102291711 	40.6378779879 	0.488958391393 	1.79053690612e-19
0.336 	0.250418410042 	-3.34416036181e-19 	0.0842832455465 	0.000563745547481 	149.505829222 	-209.102291711 	40.6378779879 	0.488958391393 	1.79053690612e-19
0.336 	0.251882845188 	-1.95414446465e-19 	0.0842167358225 	0.000563484264874 	149.457120762 	-209.239807832 	40.640095116 	0.561912097747 	-2.17850437862e-20
0.336 	0.253347280335 	8.43786757695e-19 	0.0842167358225 	0.000563484264874 	149.457120762 	-209.239807832 	40.640095116 	0.561912097747 	-2.17850437862e-20
0.336 	0.254811715481 	1.03305160919e-18 	0.0841649998487 	0.0005632735742 	149.421175968 	-209.386586385 	40.6428134736 	0.6364390037 	8.94957022918e-20
0.336 	0.256276150628 	2.65679849366e-19 	0.0841649998487 	0.0005632735742 	149.421175968 	-209.386586385 	40.6428134736 	0.6364390037 	8.94957022918e-20
0.336 	0.257740585774 	1.22264264514e-18 	0.0841649998487 	0.0005632735742 	149.421175968 	-209.386586385 	40.6428134736 	0.6364390037 	8.94957022918e-20
0.336 	0.259205020921 	-4.76393677421e-19 	0.08413721401 	0.000563145058999 	149.405934875 	-209.579821947 	40.6459814602 	0.709773976618 	-9.45842176324e-20
0.336 	0.260669456067 	-3.22000945941e-19 	0.08413721401 	0.000563145058999 	149.405934875 	-209.579821947 	40.6459814602 	0.709773976618 	-9.45842176324e-20
0.336 	0.262133891213 	5.50296405992e-20 	0.0841199610238 	0.000563045834006 	149.401622289 	-209.769755703 	40.6496484225 	0.785977764564 	-7.31538728964e-20
0.336 	0.26359832636 	-7.39741014504e-19 	0.0841199610238 	0.000563045834006 	149.401622289 	-209.769755703 	40.6496484225 	0.785977764564 	-7.31538728964e-20
0.336 	0.265062761506 	7.53330043226e-19 	0.0841318654639 	0.000563039426763 	149.424465614 	-210.02932654 	40.6537616584 	0.859428378368 	4.42148310814e-20
0.336 	0.266527196653 	3.69076454885e-19 	0.0841318654639 	0.000563039426763 	149.424465614 	-210.02932654 	40.6537616584 	0.859428378368 	4.42148310814e-20
0.336 	0.267991631799 	2.91397193554e-19 	0.0841464617625 	0.000563020312164 	149.455463585 	-210.259722107 	40.6585738149 	0.938164971447 	1.47481961894e-20
0.336 	0.269456066946 	1.21768629715e-18 	0.0841464617625 	0.000563020312164 	149.455463585 	-210.259722107 	40.6585738149 	0.938164971447 	1.47481961894e-20
0.336 	0.270920502092 	1.46622802723e-20 	0.0841464617625 	0.000563020312164 	149.455463585 	-210.259722107 	40.6585738149 	0.938164971447 	1.47481961894e-20
0.336 	0.272384937238 	4.35292621687e-19 	0.0841981331587 	0.000563102324928 	149.525458218 	-210.600840123 	40.6640829124 	1.01111545908 	-6.91369416998e-20
0.336 	0.273849372385 	2.76285824044e-19 	0.0841981331587 	0.000563102324928 	149.525458218 	-210.600840123 	40.6640829124 	1.01111545908 	-6.91369416998e-20
0.336 	0.275313807531 	2.90608640063e-19 	0.0842323587057 	0.000563064434377 	149.596304726 	-210.863694804 	40.6701140875 	1.09378860603 	-4.03708215784e-20
0.336 	0.276778242678 	-3.4827330382e-20 	0.0842323587057 	0.000563064434377 	149.596304726 	-210.863694804 	40.6701140875 	1.09378860603 	-4.03708215784e-20
0.336 	0.278242677824 	2.17172791869e-19 	0.0843102748937 	0.000563096450735 	149.726169973 	-211.308472914 	40.6768897481 	1.16497338226 	1.01023847103e-19
0.336 	0.279707112971 	1.83727234651e-18 	0.0843102748937 	0.000563096450735 	149.726169973 	-211.308472914 	40.6768897481 	1.16497338226 	1.01023847103e-19
0.336 	0.281171548117 	4.0121377571e-19 	0.0843102748937 	0.000563096450735 	149.726169973 	-211.308472914 	40.6768897481 	1.16497338226 	1.01023847103e-19
0.336 	0.282635983264 	-1.23320918599e-19 	0.0843181801684 	0.000562726377482 	149.838684559 	-211.58810503 	40.6839747108 	1.25380683773 	2.05455989862e-20
0.336 	0.28410041841 	7.42290108091e-19 	0.0843181801684 	0.000562726377482 	149.838684559 	-211.58810503 	40.6839747108 	1.25380683773 	2.05455989862e-20
0.336 	0.285564853556 	1.287892551e-19 	0.0843552086391 	0.000562219921589 	150.039522614 	-212.16791903 	40.6922530997 	1.32100359091 	1.3292147969e-20
0.336 	0.287029288703 	1.85779067539e-19 	0.0843552086391 	0.000562219921589 	150.039522614 	-212.16791903 	40.6922530997 	1.32100359091 	1.3292147969e-20
0.336 	0.288493723849 	8.94358272207e-19 	0.0841991543161 	0.000560621163751 	150.189039873 	-212.43903052 	40.7004608946 	1.41946536309 	4.9186320457e-20
0.336 	0.289958158996 	5.9511302517e-20 	0.0841991543161 	0.000560621163751 	150.189039873 	-212.43903052 	40.7004608946 	1.41946536309 	4.9186320457e-20
0.336 	0.291422594142 	-5.47971795243e-19 	0.0841991543161 	0.000560621163751 	150.189039873 	-212.43903052 	40.7004608946 	1.41946536309 	4.9186320457e-20
0.336 	0.292887029289 	-3.99569897301e-19 	0.0840190123163 	0.000558284570305 	150.494956847 	-213.195544031 	40.710447728 	1.47906046431 	5.41382712929e-20
0.336 	0.294351464435 	-1.10141744457e-18 	0.0840190123163 	0.000558284570305 	150.494956847 	-213.195544031 	40.710447728 	1.47906046431 	5.41382712929e-20
0.336 	0.295815899582 	-1.15628299302e-18 	0.0834268210193 	0.000553492243884 	150.728076032 	-213.423831672 	40.7180211616 	1.59221553153 	8.5456875218e-20
0.336 	0.297280334728 	8.1253953191e-19 	0.0834268210193 	0.000553492243884 	150.728076032 	-213.423831672 	40.7180211616 	1.59221553153 	8.5456875218e-20
0.336 	0.298744769874 	1.49414669603e-19 	0.0834268210193 	0.000553492243884 	150.728076032 	-213.423831672 	40.7180211616 	1.59221553153 	8.5456875218e-20
0.336 	0.300209205021 	-4.66391946088e-19 	0.0828157811793 	0.000547145375525 	151.359738899 	-214.405668286 	40.7238729731 	1.63872347346 	4.77107594905e-20
0.336 	0.301673640167 	4.73684783936e-19 	0.0828157811793 	0.000547145375525 	151.359738899 	-214.405668286 	40.7238729731 	1.63872347346 	4.77107594905e-20
0.336 	0.303138075314 	-2.47611442493e-19 	0.0816622899091 	0.000537336441052 	151.976087364 	-214.555849575 	40.7199612099 	1.77340372652 	4.65235610023e-21
0.336 	0.30460251046 	1.53317341227e-19 	0.0816622899091 	0.000537336441052 	151.976087364 	-214.555849575 	40.7199612099 	1.77340372652 	4.65235610023e-21
0.336 	0.306066945607 	7.08022703147e-19 	0.0816622899091 	0.000537336441052 	151.976087364 	-214.555849575 	40.7199612099 	1.77340372652 	4.65235610023e-21
0.336 	0.307531380753 	-4.0178035239e-19 	0.0809687434617 	0.000527946747955 	153.365360759 	-215.79503744 	40.7027500483 	1.79960105677 	-3.77084445927e-20
0.336 	0.3089958159 	1.0590189739e-19 	0.0809687434617 	0.000527946747955 	153.365360759 	-215.79503744 	40.7027500483 	1.79960105677 	-3.77084445927e-20
0.336 	0.310460251046 	-5.73590661058e-19 	0.0809687434617 	0.000527946747955 	153.365360759 	-215.79503744 	40.7027500483 	1.79960105677 	-3.77084445927e-20
0.336 	0.311924686192 	-1.05563579432e-18 	0.0809966831062 	0.000520977823415 	155.470500789 	-215.857257562 	40.6258714572 	1.96167492133 	-3.6149160162e-20
0.336 	0.313389121339 	-1.04360382604e-19 	0.0809966831062 	0.000520977823415 	155.470500789 	-215.857257562 	40.6258714572 	1.96167492133 	-3.6149160162e-20
0.336 	0.314853556485 	1.92834517742e-20 	0.082102545018 	0.000518468344558 	158.3559457 	-217.368698049 	40.5005738825 	1.95491756343 	-1.66121917063e-19
0.336 	0.316317991632 	-1.96982764284e-19 	0.082102545018 	0.000518468344558 	158.3559457 	-217.368698049 	40.5005738825 	1.95491756343 	-1.66121917063e-19
0.336 	0.317782426778 	-6.39484388796e-19 	0.082102545018 	0.000518468344558 	158.3559457 	-217.368698049 	40.5005738825 	1.95491756343 	-1.66121917063e-19
0.336 	0.319246861925 	-1.14945925515e-18 	0.0828381216358 	0.000387353086407 	160.738470914 	-217.355908164 	40.34206953 	2.1511083438 	6.07988696154e-20
0.336 	0.320711297071 	-5.41523870904e-19 	0.0828381216358 	0.000387353086407 	160.738470914 	-217.355908164 	40.34206953 	2.1511083438 	6.07988696154e-20
0.336 	0.322175732218 	-1.5168054214e-19 	0.0828381216358 	0.000387353086407 	160.738470914 	-217.355908164 	40.34206953 	2.1511083438 	6.07988696154e-20
0.336 	0.323640167364 	3.04383140734e-19 	0.0797292838916 	0.000508526362072 	156.784957159 	-219.086945881 	40.0216140057 	2.10081464519 	-2.28693144789e-20
0.336 	0.32510460251 	3.7578873639e-19 	0.0797292838916 	0.000508526362072 	156.784957159 	-219.086945881 	40.0216140057 	2.10081464519 	-2.28693144789e-20
