0.462 	0 	0 	3.03278235947 	2.29649365578e-05 	125712.270639 	16.174770961 	10.8384598551 	-0.00505325185591 	3.54585477898e-22
0.462 	0.00146443514644 	1.55190197905e-18 	1.9120955787 	0.000306214964988 	6244.29174705 	16.1042976179 	20.8068013974 	-0.110331677207 	-2.34757028972e-21
0.462 	0.00292887029289 	2.27894282525e-19 	0.510156410048 	0.000195398659194 	2610.84908235 	16.0351794409 	22.0821160324 	-0.250856171593 	-3.25023156419e-21
0.462 	0.00439330543933 	4.06206515118e-18 	0.346586417762 	0.000232715053572 	1469.84614802 	15.9006578711 	22.6369252671 	-0.392198087563 	-3.91865403237e-21
0.462 	0.00585774058577 	2.90849898855e-18 	0.449689053348 	0.000215423172283 	1444.23319403 	15.6545567539 	23.4889249492 	-0.585917527931 	6.91141653495e-23
0.462 	0.00732217573222 	4.03663395467e-18 	0.498509673481 	0.000227997948443 	1409.5533334 	15.3624254634 	24.4665525944 	-0.750994844155 	3.16941749882e-23
0.462 	0.00878661087866 	-5.78355133948e-19 	0.504494539401 	0.000244008398309 	1313.96000575 	15.0581417046 	25.3011593661 	-0.876201067973 	-1.68765215339e-21
0.462 	0.0102510460251 	-4.79338217431e-18 	0.492829151835 	0.000272908939141 	1173.44096732 	14.5750543249 	26.3376394387 	-1.02550778463 	-1.48917750933e-20
0.462 	0.0117154811715 	-2.81118413051e-18 	0.470423417182 	0.000302990294774 	1051.93038188 	14.0973598103 	27.1110941965 	-1.13401508377 	-1.11014195792e-20
0.462 	0.013179916318 	-1.57469312492e-18 	0.442056526158 	0.00033354728811 	935.204074994 	13.532078281 	27.8195947412 	-1.22982687666 	-6.79835740997e-21
0.462 	0.0146443514644 	-1.42755524277e-18 	0.418667198276 	0.000358561088111 	852.625162407 	13.0469889184 	28.3074322179 	-1.29250238011 	-1.70961531658e-21
0.462 	0.0161087866109 	-2.30545665495e-18 	0.386206764648 	0.000396981328566 	749.7357463 	12.3145959274 	28.8946673187 	-1.36325151099 	1.1856023533e-20
0.462 	0.0175732217573 	-2.03125158182e-18 	0.362753696326 	0.000428505082103 	679.884669978 	11.698867939 	29.2871102011 	-1.40715461273 	-4.39854066807e-21
0.462 	0.0190376569038 	-1.5153142064e-18 	0.336126884351 	0.000473639381458 	600.735092711 	10.7862653094 	29.7534571756 	-1.45543313892 	-5.45485200301e-21
0.462 	0.0205020920502 	-2.76445174537e-18 	0.321377426884 	0.000512347278305 	554.084396218 	10.030859812 	30.0680217449 	-1.4856205681 	4.15275091499e-21
0.462 	0.0219665271967 	-2.00232504733e-19 	0.311343822919 	0.000558544070709 	518.318234694 	9.21239137257 	30.3586107351 	-1.51191880302 	3.35509950936e-22
0.462 	0.0234309623431 	1.46625959785e-19 	0.305061574415 	0.000617778441965 	491.523998723 	8.32861359716 	30.629264988 	-1.53511568443 	8.18845235503e-21
0.462 	0.0248953974895 	1.26246999068e-18 	0.302105113391 	0.00063277441451 	477.429406853 	7.7020819174 	30.7993720215 	-1.54894804725 	-4.13920583457e-22
0.462 	0.026359832636 	3.58764873118e-19 	0.298484560856 	0.000648700266188 	460.127082436 	6.70515739012 	31.0445935689 	-1.56784915835 	1.47710778898e-23
0.462 	0.0278242677824 	-1.45123683558e-18 	0.295263178241 	0.000661950128487 	446.050488601 	5.6379868056 	31.2798215398 	-1.58479341538 	-3.82769616733e-21
0.462 	0.0292887029289 	-3.27180112727e-20 	0.293118023269 	0.000669295218658 	437.950272312 	4.88642347206 	31.4324359888 	-1.59505716684 	-3.23481161351e-21
0.462 	0.0307531380753 	-5.99302813682e-19 	0.289615128089 	0.000678133318272 	427.076977764 	3.69726854916 	31.6560634296 	-1.60896495162 	3.48447890774e-21
0.462 	0.0322175732218 	-3.14266856485e-18 	0.287062165342 	0.000682775860388 	420.433969618 	2.86244293521 	31.8012980967 	-1.61728516413 	-4.00571844907e-22
0.462 	0.0336820083682 	2.81423118758e-18 	0.283069045856 	0.000688419354067 	411.186937415 	1.54587256469 	32.012631557 	-1.62842983426 	-1.54680431829e-22
0.462 	0.0351464435146 	8.1680661254e-19 	0.280402838615 	0.0006916000566 	405.440739831 	0.624488540674 	32.1489369528 	-1.63501908244 	-2.71307386641e-22
0.462 	0.0366108786611 	1.20407971431e-18 	0.277792977092 	0.000694500148455 	399.98980232 	-0.332476833016 	32.2814748129 	-1.64097065723 	-6.69733375802e-22
0.462 	0.0380753138075 	1.95066938084e-18 	0.275273517306 	0.000697239604065 	394.80476396 	-1.32552315215 	32.4101968098 	-1.64630893171 	3.04161373067e-22
0.462 	0.039539748954 	1.61312122246e-18 	0.272868178668 	0.000699912554443 	389.860386038 	-2.35506914803 	32.5350829727 	-1.65105282144 	7.58478515694e-21
0.462 	0.0410041841004 	1.42536458743e-18 	0.270591415372 	0.000702589665586 	385.134351707 	-3.42146005089 	32.6561457652 	-1.65521685976 	3.13229399963e-21
0.462 	0.0424686192469 	-2.95817441982e-19 	0.268447995601 	0.000705318941227 	380.605113388 	-4.52497690914 	32.7734289386 	-1.65881281812 	-1.73478776028e-21
0.462 	0.0439330543933 	1.26291738104e-18 	0.26643403642 	0.000708129836484 	376.250261877 	-5.66584558259 	32.8869947016 	-1.6618484798 	1.57474323837e-20
0.462 	0.0453974895397 	1.69611656028e-19 	0.264543007219 	0.000711045264493 	372.048054363 	-6.84423403656 	32.996905114 	-1.66432539304 	1.56909009617e-21
0.462 	0.0468619246862 	-1.35554822484e-18 	0.262778946548 	0.000714102948544 	367.984682157 	-8.06023728671 	33.1032366598 	-1.66624076129 	1.14210970388e-21
0.462 	0.0483263598326 	3.72043041686e-19 	0.261173166279 	0.000717378057138 	364.066287894 	-9.31387915181 	33.206209588 	-1.66760190155 	7.08759313473e-21
0.462 	0.0497907949791 	-7.03835078134e-19 	0.260448955823 	0.000719132028503 	362.171264107 	-9.9548094045 	33.2566186564 	-1.66808773983 	6.97900796574e-21
0.462 	0.0512552301255 	-8.1761687539e-20 	0.259206903724 	0.000722945223748 	358.542936877 	-11.2648790553 	33.3560814421 	-1.66873936469 	-1.77236743559e-20
0.462 	0.052719665272 	-3.05188199277e-19 	0.258282657194 	0.0007271988457 	355.174734835 	-12.6125971523 	33.4555634448 	-1.66912852087 	8.84782674521e-21
0.462 	0.0541841004184 	8.80599450696e-19 	0.25793340642 	0.000729457643791 	353.596139015 	-13.3006170227 	33.5062013951 	-1.66930245705 	9.6425593243e-22
0.462 	0.0556485355649 	6.09447310273e-19 	0.257367320432 	0.00073402145178 	350.626428979 	-14.7051484899 	33.611146062 	-1.66975667198 	-1.75681850579e-20
0.462 	0.0571129707113 	5.05022947169e-19 	0.256747248686 	0.00073816635019 	347.817600491 	-16.1479944912 	33.722803788 	-1.67045568736 	2.12483180566e-20
0.462 	0.0585774058577 	8.20549164057e-20 	0.256314843499 	0.000739873986018 	346.430403478 	-16.8839212868 	33.7814414151 	-1.67089078976 	-1.67918885882e-20
0.462 	0.0600418410042 	-7.02024634081e-19 	0.255034208997 	0.000742201798288 	343.61841966 	-18.3850273806 	33.9040000894 	-1.67182514648 	2.09423675865e-20
0.462 	0.0615062761506 	-1.27493916076e-18 	0.254148436614 	0.000742733144343 	342.180012498 	-19.150279074 	33.967594202 	-1.67226377327 	1.06976984022e-20
0.462 	0.0629707112971 	-2.05419706347e-18 	0.251872785805 	0.000742457303212 	339.242114954 	-20.7102771419 	34.09850122 	-1.6729265763 	6.7855964049e-21
0.462 	0.0644351464435 	1.73651095725e-18 	0.250496223249 	0.000741660217219 	337.750653781 	-21.5050266837 	34.165479477 	-1.67309100889 	2.49443050662e-20
0.462 	0.06589958159 	-8.32756553214e-19 	0.247297674543 	0.000738796421649 	334.730471476 	-23.123944402 	34.3016138833 	-1.67293434276 	1.95252089541e-20
0.462 	0.0673640167364 	1.40587615379e-18 	0.245481311961 	0.000736746658455 	333.196369667 	-23.9480415159 	34.3703116082 	-1.67254509112 	-7.26186395769e-21
0.462 	0.0688284518828 	-8.75728584163e-19 	0.243523874956 	0.000734300061328 	331.640820669 	-24.7818231819 	34.4390265491 	-1.67189774113 	-3.00162851799e-20
0.462 	0.0702928870293 	-2.67439518301e-19 	0.239227316194 	0.00072832174121 	328.463785519 	-26.4780777153 	34.5750274352 	-1.6696709602 	5.13875536198e-21
0.462 	0.0717573221757 	5.95546463437e-20 	0.236930916322 	0.000724881952049 	326.854483895 	-27.3402976762 	34.6415760078 	-1.66802180812 	-1.5993916647e-20
0.462 	0.0732217573222 	2.41630779023e-19 	0.234578053065 	0.000721227679864 	325.248267107 	-28.211697657 	34.7067563409 	-1.66598215176 	-6.28017517473e-21
0.462 	0.0746861924686 	1.42510256936e-18 	0.229850047914 	0.000713572643546 	322.111630811 	-29.9812678468 	34.8324430313 	-1.66069510166 	-5.88865030047e-21
0.462 	0.0761506276151 	8.75990261815e-19 	0.227540054349 	0.000709707521697 	320.611022699 	-30.879031131 	34.8929739618 	-1.6574542644 	-5.26428341984e-20
0.462 	0.0776150627615 	1.92519348055e-19 	0.225296160074 	0.000705885162101 	319.168289929 	-31.7851747862 	34.9521566628 	-1.65383031668 	-4.7759196101e-20
0.462 	0.0790794979079 	-5.0400583018e-19 	0.223128413528 	0.00070213433763 	317.785930085 	-32.699498781 	35.010218953 	-1.64983681191 	6.03132148861e-20
0.462 	0.0805439330544 	-2.41978707537e-18 	0.221037697695 	0.000698466972293 	316.461202122 	-33.6218065483 	35.067405743 	-1.64548475412 	3.85896605219e-20
0.462 	0.0820083682008 	-9.2526975748e-19 	0.217060616669 	0.000691371034244 	313.956769836 	-35.4895854465 	35.1800122918 	-1.63572351341 	1.67431875781e-20
0.462 	0.0834728033473 	-2.14088386495e-19 	0.215154920508 	0.000687922677948 	312.76032526 	-36.4346555289 	35.2357434679 	-1.63030954198 	-1.10688664994e-20
0.462 	0.0849372384937 	-1.84821218179e-18 	0.213292716769 	0.000684527333071 	311.591234513 	-37.3869080928 	35.2912155013 	-1.62452928606 	-1.90952700529e-20
0.462 	0.0864016736402 	-8.41580990532e-20 	0.211468285481 	0.000681178994171 	310.444519416 	-38.3461355747 	35.3464690967 	-1.6183713378 	-5.25737571525e-21
0.462 	0.0878661087866 	-6.16168155031e-19 	0.209678728589 	0.000677875807948 	309.317320562 	-39.3121227917 	35.4015205824 	-1.6118232407 	5.69815056206e-20
0.462 	0.0893305439331 	-1.45289889858e-18 	0.20792339322 	0.00067461927436 	308.208497922 	-40.2846447081 	35.4563743357 	-1.60487228207 	-3.95254670662e-20
0.462 	0.0907949790795 	-1.78344282585e-18 	0.206202987247 	0.00067141284774 	307.11802424 	-41.2634678741 	35.5110311913 	-1.59750582211 	-5.81547718484e-22
0.462 	0.0922594142259 	3.17668791291e-19 	0.204518738216 	0.000668260555509 	306.046401407 	-42.2483512675 	35.565492587 	-1.5897113689 	8.96690894182e-21
0.462 	0.0937238493724 	1.30494720955e-18 	0.201262966772 	0.000662131950327 	303.962022484 	-44.235294167 	35.6738423702 	-1.57278898275 	-7.01940896889e-21
0.462 	0.0951882845188 	-2.96921895862e-19 	0.199692590196 	0.000659160115602 	302.950050327 	-45.2368318173 	35.7277391788 	-1.56363633044 	2.42568434747e-20
0.462 	0.0966527196653 	-1.51681277526e-19 	0.198160663985 	0.000656251444439 	301.958442399 	-46.2433866039 	35.7814555988 	-1.55400616954 	3.37590097347e-21
0.462 	0.0981171548117 	-1.783872705e-20 	0.196666922174 	0.000653406277237 	300.987194378 	-47.2546785839 	35.8349940522 	-1.54388604457 	-1.04381971492e-19
0.462 	0.0995815899582 	2.7814497135e-19 	0.195210941201 	0.0006506245712 	300.036226485 	-48.2704194047 	35.888355624 	-1.53326346576 	9.56252438781e-20
0.462 	0.101046025105 	8.23071616509e-19 	0.193792214552 	0.000647906059696 	299.105420688 	-49.2903123524 	35.9415400877 	-1.52212593558 	-7.55971225454e-20
0.462 	0.102510460251 	9.40463455214e-19 	0.192410201892 	0.000645250359782 	298.194644877 	-50.3140525091 	35.9945460694 	-1.51046099108 	-1.21252660636e-20
0.462 	0.103974895397 	-4.92849762668e-19 	0.191064357725 	0.000642657037247 	297.303766475 	-51.3413266098 	36.0473713095 	-1.49825622936 	6.39858265277e-20
0.462 	0.105439330544 	-6.75227605901e-19 	0.189754143885 	0.000640125637843 	296.432657383 	-52.3718125799 	36.1000129616 	-1.48549931253 	-6.33728003156e-20
0.462 	0.10690376569 	2.4771404597e-19 	0.189754143885 	0.000640125637843 	296.432657383 	-52.3718125799 	36.1000129616 	-1.48549931253 	-6.33728003156e-20
0.462 	0.108368200837 	9.89986149135e-19 	0.188479029016 	0.000637655691412 	295.581191471 	-53.4051794673 	36.1524678513 	-1.47217796969 	1.23867615306e-19
0.462 	0.109832635983 	-1.0429740901e-19 	0.187238479366 	0.000635246697692 	294.749236865 	-54.441088375 	36.2047325978 	-1.45828000836 	2.98672081125e-20
0.462 	0.11129707113 	-1.09230454251e-18 	0.186031947384 	0.000632898106537 	293.936647089 	-55.4791938553 	36.256803544 	-1.44379332773 	-1.80088763936e-19
0.462 	0.112761506276 	-1.21081402851e-18 	0.184858865469 	0.000630609306894 	293.143255972 	-56.5191448114 	36.308676524 	-1.42870592106 	6.82103034426e-20
0.462 	0.114225941423 	1.15991615461e-18 	0.183718649327 	0.000628379633663 	292.368879392 	-57.5605845983 	36.3603465967 	-1.41300587579 	-3.51607221965e-20
0.462 	0.115690376569 	-7.79666742358e-19 	0.182610709559 	0.000626208390518 	291.613322856 	-58.6031509578 	36.4118078973 	-1.39668139158 	7.01622002934e-20
0.462 	0.117154811715 	-1.27439729946e-18 	0.181534464108 	0.000624094875119 	290.876389705 	-59.6464761493 	36.4630536798 	-1.37972081877 	1.76263705513e-20
0.462 	0.118619246862 	2.41233247292e-19 	0.180489342468 	0.000622038388878 	290.157883653 	-60.6901868784 	36.5140765062 	-1.36211268964 	-1.6347451423e-20
0.462 	0.120083682008 	-3.25586430551e-19 	0.179474778752 	0.000620038224399 	289.457603886 	-61.7339037112 	36.5648684496 	-1.34384571667 	5.80321051754e-20
0.462 	0.121548117155 	7.39706025232e-19 	0.179474778752 	0.000620038224399 	289.457603886 	-61.7339037112 	36.5648684496 	-1.34384571667 	5.80321051754e-20
0.462 	0.123012552301 	-4.57813004316e-19 	0.1784902024 	0.000618093646478 	288.775339169 	-62.7772404657 	36.6154211908 	-1.32490877319 	-7.46548703605e-20
0.462 	0.124476987448 	-1.40639574848e-18 	0.177535038133 	0.000616203890178 	288.110868761 	-63.8198042427 	36.6657259935 	-1.30529088433 	3.80008193255e-20
0.462 	0.125941422594 	-1.02169427416e-18 	0.176608711759 	0.000614368172017 	287.463966728 	-64.8611961214 	36.7157736619 	-1.28498123035 	-2.34427322697e-20
0.462 	0.127405857741 	1.41974493967e-18 	0.175710652222 	0.00061258569562 	286.83440289 	-65.9010118458 	36.7655545628 	-1.26396915904 	-2.25089855763e-20
0.462 	0.128870292887 	5.28392375777e-19 	0.175710652222 	0.00061258569562 	286.83440289 	-65.9010118458 	36.7655545628 	-1.26396915904 	-2.25089855763e-20
0.462 	0.130334728033 	9.35567394706e-19 	0.174840291585 	0.000610855652644 	286.221942661 	-66.9388422354 	36.8150586792 	-1.24224421544 	-4.56994371186e-20
0.462 	0.13179916318 	1.95011535731e-19 	0.173997062537 	0.000609177218536 	285.626345245 	-67.9742739656 	36.8642756164 	-1.21979618025 	3.15575435724e-22
0.462 	0.133263598326 	7.42557674782e-19 	0.173180395348 	0.000607549547062 	285.047361463 	-69.0068908515 	36.9131945073 	-1.19661508456 	9.34059440959e-20
0.462 	0.134728033473 	6.08490075812e-19 	0.172389717724 	0.000605971770381 	284.484733696 	-70.0362743811 	36.9618038438 	-1.17269118397 	-2.44538737983e-20
0.462 	0.136192468619 	-5.7354081267e-20 	0.172389717724 	0.000605971770381 	284.484733696 	-70.0362743811 	36.9618038438 	-1.17269118397 	-2.44538737983e-20
0.462 	0.137656903766 	-1.48984836835e-18 	0.171624458923 	0.000604443007386 	283.938199013 	-71.0620026361 	37.0100913519 	-1.14801491675 	-4.57054768714e-20
0.462 	0.139121338912 	1.65362396872e-18 	0.170884055389 	0.000602962375082 	283.407493488 	-72.0836489509 	37.0580440306 	-1.1225768868 	-7.59436981018e-20
0.462 	0.140585774059 	-9.84429428323e-19 	0.17016795341 	0.00060152899424 	282.892354384 	-73.1007823122 	37.1056483365 	-1.09636788113 	1.83087094939e-19
0.462 	0.142050209205 	1.48359461561e-20 	0.17016795341 	0.00060152899424 	282.892354384 	-73.1007823122 	37.1056483365 	-1.09636788113 	1.83087094939e-19
0.462 	0.143514644351 	1.3419783659e-18 	0.169475607375 	0.000600141986548 	282.39251906 	-74.1129694351 	37.1528903573 	-1.06937890184 	-1.85583169882e-19
0.462 	0.144979079498 	7.72034760603e-19 	0.168806476958 	0.000598800469767 	281.907722991 	-75.1197765695 	37.1997558598 	-1.04160118661 	9.4791260624e-20
0.462 	0.146443514644 	1.78280692235e-18 	0.168160027092 	0.000597503558446 	281.437699768 	-76.1207698996 	37.2462302931 	-1.01302620753 	-1.71602971603e-19
0.462 	0.147907949791 	-9.31293363067e-19 	0.168160027092 	0.000597503558446 	281.437699768 	-76.1207698996 	37.2462302931 	-1.01302620753 	-1.71602971603e-19
0.462 	0.149372384937 	1.22513967586e-19 	0.167535729626 	0.000596250367918 	280.982182385 	-77.1155152367 	37.2922989083 	-0.983645662246 	2.73736533718e-19
0.462 	0.150836820084 	-9.3773558478e-19 	0.166933061661 	0.000595040011507 	280.540902179 	-78.1035780207 	37.3379469693 	-0.953451476121 	-1.7723548704e-19
0.462 	0.15230125523 	4.19727345581e-19 	0.166933061661 	0.000595040011507 	280.540902179 	-78.1035780207 	37.3379469693 	-0.953451476121 	-1.7723548704e-19
0.462 	0.153765690377 	-2.06146797929e-19 	0.166351499236 	0.000593871588269 	280.113584353 	-79.0845235727 	37.3831598002 	-0.922435810686 	2.222738818e-19
0.462 	0.155230125523 	4.09773094937e-19 	0.165790511779 	0.000592744172331 	279.699943953 	-80.0579171561 	37.4279224754 	-0.890591063049 	-1.61090971495e-20
0.462 	0.156694560669 	-2.21953190142e-20 	0.165790511779 	0.000592744172331 	279.699943953 	-80.0579171561 	37.4279224754 	-0.890591063049 	-1.61090971495e-20
0.462 	0.158158995816 	2.08855427797e-18 	0.165249564201 	0.000591656817461 	279.299687461 	-81.0233239917 	37.4722193123 	-0.857909853488 	-2.21427118669e-19
0.462 	0.159623430962 	-3.78470599555e-19 	0.164728128563 	0.000590608580399 	278.912521812 	-81.9803096699 	37.5160335727 	-0.824385011682 	1.34892175282e-19
0.462 	0.161087866109 	-7.65740299742e-19 	0.164728128563 	0.000590608580399 	278.912521812 	-81.9803096699 	37.5160335727 	-0.824385011682 	1.34892175282e-19
0.462 	0.162552301255 	1.36809157397e-19 	0.164225697033 	0.000589598546341 	278.538164743 	-82.92844076 	37.5593475973 	-0.790009564018 	-2.22288649962e-19
0.462 	0.164016736402 	-2.22809130717e-19 	0.16374178654 	0.000588625837791 	278.176349096 	-83.8672850518 	37.6021431814 	-0.754776702802 	9.28924573679e-21
0.462 	0.165481171548 	-2.67524886724e-19 	0.16374178654 	0.000588625837791 	278.176349096 	-83.8672850518 	37.6021431814 	-0.754776702802 	9.28924573679e-21
0.462 	0.166945606695 	7.45592973984e-19 	0.163275934338 	0.000587689606697 	277.826819596 	-84.7964117675 	37.6444018216 	-0.71867972839 	2.77278641386e-19
0.462 	0.168410041841 	4.95622358063e-19 	0.162827691593 	0.00058678902481 	277.489327013 	-85.7153925314 	37.686104728 	-0.681712003595 	-5.85648783986e-20
0.462 	0.169874476987 	6.10769089901e-21 	0.162827691593 	0.00058678902481 	277.489327013 	-85.7153925314 	37.686104728 	-0.681712003595 	-5.85648783986e-20
0.462 	0.171338912134 	3.5618206194e-19 	0.162396621202 	0.000585923302164 	277.163616128 	-86.6238026745 	37.7272328398 	-0.643866957557 	1.14883130494e-19
0.462 	0.17280334728 	1.7043259654e-20 	0.162396621202 	0.000585923302164 	277.163616128 	-86.6238026745 	37.7272328398 	-0.643866957557 	1.14883130494e-19
0.462 	0.174267782427 	4.64502618925e-19 	0.161982297307 	0.000585091649459 	276.849443087 	-87.5212216714 	37.7677670729 	-0.605138097803 	1.44554621508e-21
0.462 	0.175732217573 	5.91018036057e-19 	0.161584302315 	0.000584293285205 	276.546567292 	-88.4072325648 	37.8076886745 	-0.565518985769 	2.33094675744e-20
0.462 	0.17719665272 	-1.36580434396e-19 	0.161584302315 	0.000584293285205 	276.546567292 	-88.4072325648 	37.8076886745 	-0.565518985769 	2.33094675744e-20
0.462 	0.178661087866 	-1.78294670325e-20 	0.161202220967 	0.000583527425388 	276.254746484 	-89.2814212892 	37.8469793174 	-0.525003215771 	-3.72401203833e-19
0.462 	0.180125523013 	9.16161244365e-19 	0.161202220967 	0.000583527425388 	276.254746484 	-89.2814212892 	37.8469793174 	-0.525003215771 	-3.72401203833e-19
0.462 	0.181589958159 	-8.14156409927e-19 	0.16083563755 	0.000582793278598 	275.973734524 	-90.1433766765 	37.8856207508 	-0.483584424408 	2.41583754959e-19
0.462 	0.183054393305 	7.06005137544e-19 	0.160484141225 	0.000582090057429 	275.703285388 	-90.9926910944 	37.9235942277 	-0.44125626662 	-7.53188768444e-20
0.462 	0.184518828452 	-1.08217705552e-19 	0.160484141225 	0.000582090057429 	275.703285388 	-90.9926910944 	37.9235942277 	-0.44125626662 	-7.53188768444e-20
0.462 	0.185983263598 	-7.79263234133e-19 	0.160147337276 	0.000581417001715 	275.443161799 	-91.828961063 	37.9608801281 	-0.398012337909 	1.44301362497e-19
0.462 	0.187447698745 	7.10664181788e-19 	0.160147337276 	0.000581417001715 	275.443161799 	-91.828961063 	37.9608801281 	-0.398012337909 	1.44301362497e-19
0.462 	0.188912133891 	-7.84720228741e-19 	0.159824856231 	0.000580773397213 	275.19314245 	-92.6517875741 	37.9974581118 	-0.353846091519 	-1.39008775751e-19
0.462 	0.190376569038 	8.39015138491e-19 	0.159824856231 	0.000580773397213 	275.19314245 	-92.6517875741 	37.9974581118 	-0.353846091519 	-1.39008775751e-19
0.462 	0.191841004184 	1.4924287564e-18 	0.159516353648 	0.000580158575112 	274.953022313 	-93.4607766835 	38.0333077834 	-0.308750813668 	3.2792215214e-21
0.462 	0.193305439331 	-1.26646846511e-19 	0.159221499761 	0.000579571890808 	274.72260523 	-94.2555401498 	38.0684094038 	-0.262719625511 	-9.64537319461e-20
0.462 	0.194769874477 	8.40775200932e-20 	0.159221499761 	0.000579571890808 	274.72260523 	-94.2555401498 	38.0684094038 	-0.262719625511 	-9.64537319461e-20
0.462 	0.196234309623 	-4.92632697532e-20 	0.158939967351 	0.000579012699215 	274.501694983 	-95.0356955832 	38.1027440122 	-0.215745474844 	1.64207008187e-19
0.462 	0.19769874477 	2.63974157799e-19 	0.158939967351 	0.000579012699215 	274.501694983 	-95.0356955832 	38.1027440122 	-0.215745474844 	1.64207008187e-19
0.462 	0.199163179916 	1.09622474006e-18 	0.158671429615 	0.000578480350761 	274.290093702 	-95.800866158 	38.1362928152 	-0.16782108604 	-1.6888261749e-19
0.462 	0.200627615063 	-9.49512108511e-19 	0.158671429615 	0.000578480350761 	274.290093702 	-95.800866158 	38.1362928152 	-0.16782108604 	-1.6888261749e-19
0.462 	0.202092050209 	1.07643435763e-18 	0.158415570693 	0.000577974213485 	274.087609787 	-96.5506798996 	38.1690364666 	-0.118938880002 	2.3758428028e-19
0.462 	0.203556485356 	6.32902487845e-19 	0.158415570693 	0.000577974213485 	274.087609787 	-96.5506798996 	38.1690364666 	-0.118938880002 	2.3758428028e-19
0.462 	0.205020920502 	8.80230258151e-19 	0.158172097689 	0.000577493698202 	273.894067037 	-97.2847682733 	38.2009549333 	-0.0690909090278 	-1.51369270865e-19
0.462 	0.206485355649 	-3.66496903585e-19 	0.158172097689 	0.000577493698202 	273.894067037 	-97.2847682733 	38.2009549333 	-0.0690909090278 	-1.51369270865e-19
0.462 	0.207949790795 	-6.02539622165e-19 	0.157940741717 	0.000577038261083 	273.709305549 	-98.0027648747 	38.2320278406 	-0.0182688437795 	1.28754238237e-19
0.462 	0.209414225941 	-7.21195361778e-19 	0.157940741717 	0.000577038261083 	273.709305549 	-98.0027648747 	38.2320278406 	-0.0182688437795 	1.28754238237e-19
0.462 	0.210878661088 	3.40502604365e-19 	0.157721251523 	0.000576607390746 	273.533177088 	-98.7043051792 	38.2622345855 	0.0335360697794 	-1.80165198883e-19
0.462 	0.212343096234 	-6.91470843384e-19 	0.157721251523 	0.000576607390746 	273.533177088 	-98.7043051792 	38.2622345855 	0.0335360697794 	-1.80165198883e-19
0.462 	0.213807531381 	5.86923040432e-19 	0.157513388357 	0.000576200597877 	273.365541336 	-99.3890278014 	38.2915540603 	0.0863331495527 	2.66658080722e-19
0.462 	0.215271966527 	7.39252411236e-19 	0.157513388357 	0.000576200597877 	273.365541336 	-99.3890278014 	38.2915540603 	0.0863331495527 	2.66658080722e-19
0.462 	0.216736401674 	2.06177716182e-19 	0.157316944778 	0.000575817453045 	273.206280821 	-100.056576875 	38.3199643951 	0.140131750452 	-1.99232482845e-19
0.462 	0.21820083682 	1.80925857496e-18 	0.157316944778 	0.000575817453045 	273.206280821 	-100.056576875 	38.3199643951 	0.140131750452 	-1.99232482845e-19
0.462 	0.219665271967 	-8.71056463933e-19 	0.157131688394 	0.000575457473788 	273.055256993 	-100.706573605 	38.3474434548 	0.194945396164 	-1.73632743425e-20
0.462 	0.221129707113 	1.14845388263e-18 	0.157131688394 	0.000575457473788 	273.055256993 	-100.706573605 	38.3474434548 	0.194945396164 	-1.73632743425e-20
0.462 	0.222594142259 	1.65537147957e-19 	0.156957573745 	0.000575120551741 	272.912475948 	-101.338714663 	38.3739676046 	0.250774646332 	-1.10607050146e-19
0.462 	0.224058577406 	4.60060858153e-19 	0.156957573745 	0.000575120551741 	272.912475948 	-101.338714663 	38.3739676046 	0.250774646332 	-1.10607050146e-19
0.462 	0.225523012552 	-2.92202867816e-19 	0.156794105688 	0.000574805667527 	272.777591709 	-101.952376658 	38.3995166698 	0.307667921798 	1.05806075321e-19
0.462 	0.226987447699 	8.14957439358e-19 	0.156794105688 	0.000574805667527 	272.777591709 	-101.952376658 	38.3995166698 	0.307667921798 	1.05806075321e-19
0.462 	0.228451882845 	-7.17657628452e-19 	0.156642033403 	0.000574514314909 	272.651227895 	-102.547896378 	38.4240610851 	0.365539358195 	2.31266163217e-19
0.462 	0.229916317992 	-1.28795091918e-19 	0.156642033403 	0.000574514314909 	272.651227895 	-102.547896378 	38.4240610851 	0.365539358195 	2.31266163217e-19
0.462 	0.231380753138 	6.93346338254e-19 	0.156499421466 	0.000574242548407 	272.531915129 	-103.123143629 	38.4475931682 	0.424636430844 	-1.70312695297e-19
0.462 	0.232845188285 	4.00080343828e-20 	0.156499421466 	0.000574242548407 	272.531915129 	-103.123143629 	38.4475931682 	0.424636430844 	-1.70312695297e-19
0.462 	0.234309623431 	3.67338581801e-19 	0.156369648677 	0.000573997183407 	272.422327492 	-103.681460796 	38.4700583298 	0.48450095953 	-6.0024408671e-20
0.462 	0.235774058577 	-3.44027435259e-19 	0.156369648677 	0.000573997183407 	272.422327492 	-103.681460796 	38.4700583298 	0.48450095953 	-6.0024408671e-20
0.462 	0.237238493724 	-6.11419943489e-19 	0.156247078329 	0.000573766751546 	272.318111685 	-104.215666178 	38.4914831603 	0.545981472261 	2.08926220004e-19
0.462 	0.23870292887 	6.44582966708e-19 	0.156247078329 	0.000573766751546 	272.318111685 	-104.215666178 	38.4914831603 	0.545981472261 	2.08926220004e-19
0.462 	0.240167364017 	2.11762153276e-19 	0.156139700775 	0.000573567402169 	272.225548706 	-104.736012772 	38.5117639278 	0.607828406685 	-1.38718778518e-19
0.462 	0.241631799163 	-2.90192848003e-19 	0.156139700775 	0.000573567402169 	272.225548706 	-104.736012772 	38.5117639278 	0.607828406685 	-1.38718778518e-19
0.462 	0.24309623431 	-1.78224787943e-19 	0.156037315536 	0.000573378393173 	272.136720522 	-105.227564742 	38.5309815092 	0.671771715728 	5.30848325527e-21
0.462 	0.244560669456 	2.32238408322e-19 	0.156037315536 	0.000573378393173 	272.136720522 	-105.227564742 	38.5309815092 	0.671771715728 	5.30848325527e-21
0.462 	0.246025104603 	4.36399532015e-19 	0.156037315536 	0.000573378393173 	272.136720522 	-105.227564742 	38.5309815092 	0.671771715728 	5.30848325527e-21
0.462 	0.247489539749 	-1.09229387954e-18 	0.155952119772 	0.000573224338521 	272.061232037 	-105.707904144 	38.5489933585 	0.73571420494 	3.98981953314e-20
0.462 	0.248953974895 	-1.08288071895e-18 	0.155952119772 	0.000573224338521 	272.061232037 	-105.707904144 	38.5489933585 	0.73571420494 	3.98981953314e-20
0.462 	0.250418410042 	1.6592096283e-19 	0.155869745866 	0.000573076051028 	271.98788989 	-106.155349824 	38.5658859076 	0.802238109177 	4.79121745571e-21
0.462 	0.251882845188 	-3.88412088593e-19 	0.155869745866 	0.000573076051028 	271.98788989 	-106.155349824 	38.5658859076 	0.802238109177 	4.79121745571e-21
0.462 	0.253347280335 	-2.08441873282e-19 	0.155808183278 	0.000572969761626 	271.930900569 	-106.595182137 	38.581565327 	0.868190021082 	-4.63253569528e-20
0.462 	0.254811715481 	4.34831586744e-19 	0.155808183278 	0.000572969761626 	271.930900569 	-106.595182137 	38.581565327 	0.868190021082 	-4.63253569528e-20
0.462 	0.256276150628 	1.12065809418e-18 	0.155808183278 	0.000572969761626 	271.930900569 	-106.595182137 	38.581565327 	0.868190021082 	-4.63253569528e-20
0.462 	0.257740585774 	-6.35214251368e-19 	0.155744284711 	0.00057285845559 	271.872193194 	-106.994447287 	38.5960151312 	0.937716749879 	-1.83541462327e-20
0.462 	0.259205020921 	-4.43779356823e-19 	0.155744284711 	0.00057285845559 	271.872193194 	-106.994447287 	38.5960151312 	0.937716749879 	-1.83541462327e-20
0.462 	0.260669456067 	-1.03174333177e-18 	0.155709500092 	0.000572805480612 	271.836610093 	-107.39483375 	38.6092494454 	1.00540666157 	-1.1569513788e-19
0.462 	0.262133891213 	-2.1964519322e-19 	0.155709500092 	0.000572805480612 	271.836610093 	-107.39483375 	38.6092494454 	1.00540666157 	-1.1569513788e-19
0.462 	0.26359832636 	-2.26578239217e-19 	0.155662776802 	0.00057272737828 	271.792099881 	-107.741795504 	38.6211922128 	1.07845861202 	5.98347458062e-20
0.462 	0.265062761506 	1.30540827387e-19 	0.155662776802 	0.00057272737828 	271.792099881 	-107.741795504 	38.6211922128 	1.07845861202 	5.98347458062e-20
0.462 	0.266527196653 	1.63027273674e-19 	0.155662776802 	0.00057272737828 	271.792099881 	-107.741795504 	38.6211922128 	1.07845861202 	5.98347458062e-20
0.462 	0.267991631799 	-5.6545485125e-19 	0.155659785791 	0.000572736252774 	271.78266617 	-108.103785004 	38.6318101723 	1.14753865685 	-1.52363769442e-20
0.462 	0.269456066946 	-2.15455392304e-19 	0.155659785791 	0.000572736252774 	271.78266617 	-108.103785004 	38.6318101723 	1.14753865685 	-1.52363769442e-20
0.462 	0.270920502092 	-1.63607570985e-18 	0.155628004118 	0.000572684387604 	271.751784205 	-108.392471065 	38.641166681 	1.22490500928 	8.11484268836e-20
0.462 	0.272384937238 	-7.45852446759e-20 	0.155628004118 	0.000572684387604 	271.751784205 	-108.392471065 	38.641166681 	1.22490500928 	8.11484268836e-20
0.462 	0.273849372385 	5.38066227892e-19 	0.155628004118 	0.000572684387604 	271.751784205 	-108.392471065 	38.641166681 	1.22490500928 	8.11484268836e-20
0.462 	0.275313807531 	-1.44762842609e-19 	0.155664361973 	0.000572766619396 	271.776246557 	-108.719472624 	38.6490549819 	1.29471894746 	-1.25089426462e-19
0.462 	0.276778242678 	3.89388964828e-19 	0.155664361973 	0.000572766619396 	271.776246557 	-108.719472624 	38.6490549819 	1.29471894746 	-1.25089426462e-19
0.462 	0.278242677824 	1.03554513432e-18 	0.155642020037 	0.000572723919338 	271.757499175 	-108.94254116 	38.6557693167 	1.37753526154 	5.33914746588e-20
0.462 	0.279707112971 	5.74831110779e-19 	0.155642020037 	0.000572723919338 	271.757499175 	-108.94254116 	38.6557693167 	1.37753526154 	5.33914746588e-20
0.462 	0.281171548117 	-3.94729498333e-19 	0.155642020037 	0.000572723919338 	271.757499175 	-108.94254116 	38.6557693167 	1.37753526154 	5.33914746588e-20
0.462 	0.282635983264 	-7.7527650252e-19 	0.155725940705 	0.000572886121109 	271.827043747 	-109.235855541 	38.6607095391 	1.44716544069 	1.05300719285e-19
0.462 	0.28410041841 	-7.21497058894e-19 	0.155725940705 	0.000572886121109 	271.827043747 	-109.235855541 	38.6607095391 	1.44716544069 	1.05300719285e-19
0.462 	0.285564853556 	-1.93090900577e-19 	0.155693645882 	0.000572796262741 	271.813306074 	-109.384417375 	38.6647427956 	1.53704824559 	-1.10435123389e-19
0.462 	0.287029288703 	-9.8495725904e-19 	0.155693645882 	0.000572796262741 	271.813306074 	-109.384417375 	38.6647427956 	1.53704824559 	-1.10435123389e-19
0.462 	0.288493723849 	6.08054407583e-19 	0.155693645882 	0.000572796262741 	271.813306074 	-109.384417375 	38.6647427956 	1.53704824559 	-1.10435123389e-19
0.462 	0.289958158996 	-2.70733413485e-19 	0.15581198557 	0.000572980569745 	271.932407131 	-109.650392383 	38.6665649887 	1.60495557648 	4.21940348938e-20
0.462 	0.291422594142 	6.82754358981e-20 	0.15581198557 	0.000572980569745 	271.932407131 	-109.650392383 	38.6665649887 	1.60495557648 	4.21940348938e-20
0.462 	0.292887029289 	1.22108046063e-18 	0.15581198557 	0.000572980569745 	271.932407131 	-109.650392383 	38.6665649887 	1.60495557648 	4.21940348938e-20
0.462 	0.294351464435 	6.24075749578e-19 	0.155699197826 	0.000572646749047 	271.893969685 	-109.712692431 	38.6682309934 	1.70422936395 	7.37092061271e-20
0.462 	0.295815899582 	-9.12320767057e-19 	0.155699197826 	0.000572646749047 	271.893969685 	-109.712692431 	38.6682309934 	1.70422936395 	7.37092061271e-20
0.462 	0.297280334728 	6.27764039667e-19 	0.155811852847 	0.000572673197376 	272.078130357 	-109.952680725 	38.666985129 	1.76863707373 	-5.39824870265e-24
0.462 	0.298744769874 	-1.15007249399e-19 	0.155811852847 	0.000572673197376 	272.078130357 	-109.952680725 	38.666985129 	1.76863707373 	-5.39824870265e-24
0.462 	0.300209205021 	-7.62106850634e-19 	0.155811852847 	0.000572673197376 	272.078130357 	-109.952680725 	38.666985129 	1.76863707373 	-5.39824870265e-24
0.462 	0.301673640167 	5.15300804203e-19 	0.155506406415 	0.000571688184542 	272.012629647 	-109.920924669 	38.6676087138 	1.88011955901 	-2.05704190518e-19
0.462 	0.303138075314 	2.39160983812e-19 	0.155506406415 	0.000571688184542 	272.012629647 	-109.920924669 	38.6676087138 	1.88011955901 	-2.05704190518e-19
0.462 	0.30460251046 	3.28021001529e-19 	0.155506406415 	0.000571688184542 	272.012629647 	-109.920924669 	38.6676087138 	1.88011955901 	-2.05704190518e-19
0.462 	0.306066945607 	1.0915946046e-19 	0.1554305714 	0.000570823909582 	272.291627577 	-110.133084727 	38.6631808853 	1.93895797344 	-1.02774179672e-19
0.462 	0.307531380753 	9.97773178115e-20 	0.1554305714 	0.000570823909582 	272.291627577 	-110.133084727 	38.6631808853 	1.93895797344 	-1.02774179672e-19
0.462 	0.3089958159 	1.14259560326e-18 	0.154536845704 	0.000567720298084 	272.205954632 	-110.013669615 	38.6540148837 	2.06477318679 	3.45479400935e-19
0.462 	0.310460251046 	-5.86249072619e-19 	0.154536845704 	0.000567720298084 	272.205954632 	-110.013669615 	38.6540148837 	2.06477318679 	3.45479400935e-19
0.462 	0.311924686192 	-4.52539329884e-20 	0.154536845704 	0.000567720298084 	272.205954632 	-110.013669615 	38.6540148837 	2.06477318679 	3.45479400935e-19
0.462 	0.313389121339 	3.87045544767e-20 	0.154378887551 	0.000564910553129 	273.280232943 	-110.173803912 	38.6514689751 	2.11606380657 	-1.92936546968e-19
0.462 	0.314853556485 	-3.30524762794e-19 	0.154378887551 	0.000564910553129 	273.280232943 	-110.173803912 	38.6514689751 	2.11606380657 	-1.92936546968e-19
0.462 	0.316317991632 	9.14217655912e-19 	0.154378887551 	0.000564910553129 	273.280232943 	-110.173803912 	38.6514689751 	2.11606380657 	-1.92936546968e-19
0.462 	0.317782426778 	1.36321092859e-19 	0.153602197897 	0.00056024453344 	274.169918186 	-109.98985382 	38.6678401308 	2.25890981301 	1.03938139613e-19
0.462 	0.319246861925 	-7.71583506382e-19 	0.153602197897 	0.00056024453344 	274.169918186 	-109.98985382 	38.6678401308 	2.25890981301 	1.03938139613e-19
0.462 	0.320711297071 	3.84709226962e-19 	0.153602197897 	0.00056024453344 	274.169918186 	-109.98985382 	38.6678401308 	2.25890981301 	1.03938139613e-19
0.462 	0.322175732218 	-3.77794311035e-20 	0.153737002105 	0.000559084365092 	274.979970294 	-110.038699526 	38.6476763996 	2.30571957449 	1.08355815256e-19
0.462 	0.323640167364 	-3.70443363102e-19 	0.153737002105 	0.000559084365092 	274.979970294 	-110.038699526 	38.6476763996 	2.30571957449 	1.08355815256e-19
0.462 	0.32510460251 	9.16194345883e-19 	0.153737002105 	0.000559084365092 	274.979970294 	-110.038699526 	38.6476763996 	2.30571957449 	1.08355815256e-19
0.462 	0.326569037657 	1.17313283342e-18 	0.153881358793 	0.00055908939378 	275.235696662 	-109.87584237 	38.6816018743 	2.46722348099 	1.57164664315e-19
0.462 	0.328033472803 	-9.18594782745e-19 	0.153881358793 	0.00055908939378 	275.235696662 	-109.87584237 	38.6816018743 	2.46722348099 	1.57164664315e-19
0.462 	0.32949790795 	2.8815831475e-19 	0.153881358793 	0.00055908939378 	275.235696662 	-109.87584237 	38.6816018743 	2.46722348099 	1.57164664315e-19
0.462 	0.330962343096 	1.92164503853e-18 	0.153533080626 	0.000558629773354 	274.838699885 	-109.690846252 	38.6225254471 	2.51913258025 	-9.07594880414e-20
0.462 	0.332426778243 	-1.13500357226e-18 	0.153533080626 	0.000558629773354 	274.838699885 	-109.690846252 	38.6225254471 	2.51913258025 	-9.07594880414e-20
0.462 	0.333891213389 	6.51590868975e-19 	0.153533080626 	0.000558629773354 	274.838699885 	-109.690846252 	38.6225254471 	2.51913258025 	-9.07594880414e-20
