0.378 	0.00585774058577 	3.03883950025e-18 	6.63506094746 	0.00046368547958 	14309.3998835 	106.045676392 	8.88396731015 	-2.19342882297 	-2.93063746774e-18
0.378 	0.00732217573222 	3.59303236434e-18 	8.17626541686 	0.000709230787748 	10618.5722522 	104.679237084 	13.5578654498 	-3.41833016422 	1.22416645823e-18
0.378 	0.00878661087866 	2.82369583202e-18 	6.02348579242 	0.000569082543569 	8998.67829848 	102.554787174 	18.3264494938 	-4.60215141806 	1.8155084431e-18
0.378 	0.0102510460251 	-8.82815078865e-19 	2.51680535987 	0.00038224034325 	6584.35302373 	99.3195747063 	22.3598560939 	-5.53057693034 	7.93744810999e-19
0.378 	0.0117154811715 	-1.36846668253e-18 	0.662451085957 	0.000196301000437 	3374.669943 	95.943893052 	24.4543613718 	-5.94972099795 	2.52443366364e-18
0.378 	0.013179916318 	-1.4683603708e-18 	0.334190650021 	0.000238079300171 	1403.6946924 	92.1924537042 	25.1692661284 	-5.98894140168 	1.05566798577e-18
0.378 	0.0146443514644 	-5.38967491712e-18 	0.300264071822 	0.000219672156655 	932.798557995 	88.1564825188 	25.6693177623 	-5.97255949333 	-1.95156099502e-18
0.378 	0.0161087866109 	-2.23161933194e-18 	0.292402367022 	0.000233616885622 	791.699679933 	83.8696563611 	26.1215372248 	-5.94248683845 	-4.69284758654e-19
0.378 	0.0175732217573 	-2.98736323167e-18 	0.289811872968 	0.000245523140063 	747.465710565 	80.4981471066 	26.4461866418 	-5.91491836355 	3.78226031871e-19
0.378 	0.0190376569038 	-1.30134801265e-18 	0.287706308281 	0.000263409959951 	709.759837703 	75.7968314725 	26.8773177878 	-5.87610143366 	2.41176205707e-18
0.378 	0.0205020920502 	9.38706998033e-19 	0.286448258051 	0.000280002452712 	685.413318535 	72.1152987549 	27.2042511811 	-5.84713130982 	-1.2863033155e-18
0.378 	0.0219665271967 	1.8746178347e-18 	0.28515807687 	0.000300247350506 	661.36101327 	68.3000082687 	27.5337952206 	-5.81867158138 	3.07340538556e-19
0.378 	0.0234309623431 	1.40540249949e-18 	0.283881204553 	0.000324041089216 	637.571334592 	64.3517591515 	27.8639840745 	-5.79044861849 	4.53742255112e-19
0.378 	0.0248953974895 	1.05761764333e-18 	0.282880408488 	0.000350635896183 	614.913981891 	60.2723163307 	28.1941164178 	-5.76195091258 	1.79608620599e-18
0.378 	0.026359832636 	2.06787494439e-18 	0.282353734793 	0.00037728980069 	593.895936292 	56.0635430784 	28.5255663234 	-5.73288334073 	2.84483489494e-19
0.378 	0.0278242677824 	1.22630325185e-18 	0.282163732883 	0.000409665623552 	574.066544601 	51.7273232696 	28.8593888713 	-5.70328877545 	1.92819690379e-18
0.378 	0.0292887029289 	5.52027070629e-19 	0.282111728928 	0.000434191722238 	561.231328913 	48.7673102992 	29.0824695491 	-5.68319984159 	4.90153622502e-19
0.378 	0.0307531380753 	9.09598883791e-19 	0.282158372807 	0.000474980249584 	542.618354803 	44.226607069 	29.4163778189 	-5.65224192818 	-2.61522995962e-19
0.378 	0.0322175732218 	-4.73140820722e-19 	0.282326576235 	0.000504751227855 	530.73593936 	41.1344046043 	29.6382231129 	-5.63087967206 	-1.18046122077e-18
0.378 	0.0336820083682 	-9.84850836922e-20 	0.282631170704 	0.000537216357541 	519.312252557 	37.9920591559 	29.8593457309 	-5.60879805606 	-4.94623003215e-19
0.378 	0.0351464435146 	2.71465294334e-19 	0.28310941844 	0.000562739899786 	503.091070222 	33.1858378299 	30.1884209013 	-5.57409330263 	3.83914519441e-19
0.378 	0.0366108786611 	3.04896055609e-19 	0.283238914469 	0.000574601433557 	492.931096108 	29.91878651 	30.4062329268 	-5.54929522774 	-4.18196360374e-20
0.378 	0.0380753138075 	-4.93851106799e-19 	0.283236758924 	0.000586074070484 	483.27809263 	26.60671028 	30.6227124374 	-5.52344772241 	-3.81343772635e-20
0.378 	0.039539748954 	2.1941293986e-18 	0.283148551915 	0.000597231051991 	474.102193734 	23.2526045718 	30.8376906353 	-5.49638431242 	-1.23983818325e-19
0.378 	0.0410041841004 	8.40204059086e-19 	0.283025542907 	0.000608160236157 	465.379888524 	19.8565815382 	31.0509962657 	-5.46772941751 	-1.87393665357e-19
0.378 	0.0424686192469 	5.79154358631e-19 	0.282901048474 	0.000618928732003 	457.081783162 	16.4226633363 	31.2623756936 	-5.43748239015 	-1.38220028347e-19
0.378 	0.0439330543933 	1.15077177045e-18 	0.282804279597 	0.000629600611063 	449.180440151 	12.953202877 	31.4716806921 	-5.40545645767 	-1.19685957559e-19
0.378 	0.0453974895397 	2.29484776776e-18 	0.282755336204 	0.000640239084774 	441.640229297 	9.45144134557 	31.6787801382 	-5.37153625243 	5.26226659404e-20
0.378 	0.0468619246862 	1.2783570897e-18 	0.282773909479 	0.000650917002306 	434.423910386 	5.92029184652 	31.8835551274 	-5.33556519064 	9.55163695916e-20
0.378 	0.0483263598326 	1.75873498325e-18 	0.282873226479 	0.000661703229276 	427.492588768 	2.36307018327 	32.0858737581 	-5.29742021473 	1.36086898115e-20
0.378 	0.0497907949791 	-1.06580272476e-19 	0.282954260164 	0.000667153971345 	424.12137575 	0.575773832428 	32.1860690823 	-5.27749495394 	7.53837943594e-21
0.378 	0.0512552301255 	8.16966685538e-19 	0.283174037403 	0.000678192305223 	417.542392065 	-3.01405880154 	32.3844603951 	-5.23585418009 	-1.02504583667e-20
0.378 	0.052719665272 	2.10567141286e-19 	0.283453342206 	0.000689424215554 	411.145033509 	-6.62126642989 	32.5801297734 	-5.19172307049 	3.98317592345e-20
0.378 	0.0541841004184 	8.66233768422e-19 	0.283763181425 	0.000700845771598 	404.886770992 	-10.2420697031 	32.7730896544 	-5.14500029862 	-2.65028504494e-20
0.378 	0.0556485355649 	1.38689965487e-18 	0.283920370653 	0.000706622143019 	401.799424852 	-12.0563115157 	32.8686066917 	-5.1206430279 	9.64515325481e-20
0.378 	0.0571129707113 	7.07899677048e-19 	0.284224498973 	0.000718281069661 	395.700946298 	-15.6901547665 	33.0580286686 	-5.06989983256 	-2.28509408583e-19
0.378 	0.0585774058577 	7.08673495396e-19 	0.284365746819 	0.000724142451314 	392.693103827 	-17.5088394255 	33.1521718081 	-5.04351317894 	1.45582590912e-19
0.378 	0.0600418410042 	9.05638634323e-19 	0.284599755089 	0.000735816389378 	386.78094046 	-21.1474050745 	33.3403071148 	-4.98876186212 	1.56569297242e-19
0.378 	0.0615062761506 	2.03919104907e-19 	0.284667766642 	0.000741542875388 	383.885782049 	-22.9664109073 	33.4348562026 	-4.96044070728 	-2.18938711707e-19
0.378 	0.0629707112971 	3.12532954847e-19 	0.284582684829 	0.000752413760048 	378.226316343 	-26.6019006221 	33.6264952237 	-4.90206460166 	1.50170197087e-19
0.378 	0.0644351464435 	1.31245693786e-18 	0.284355518233 	0.000757356290612 	375.45805291 	-28.4176811978 	33.7241153997 	-4.87207782839 	2.05590240721e-21
0.378 	0.06589958159 	-1.14666209036e-19 	0.283949756374 	0.000761817881957 	372.726557225 	-30.2317149432 	33.8231234154 	-4.84159519919 	3.94224242632e-19
0.378 	0.0673640167364 	-8.12368799795e-19 	0.282460883117 	0.000768867734371 	367.372527796 	-33.8532160737 	34.025087465 	-4.7791867844 	1.43684178123e-19
0.378 	0.0688284518828 	-1.57013767116e-18 	0.281331302561 	0.000771284280517 	364.756951058 	-35.659980076 	34.1276624221 	-4.74725020714 	8.04669839134e-20
0.378 	0.0702928870293 	1.31094320183e-18 	0.278256134675 	0.000773636459428 	359.67298501 	-39.2635372463 	34.3345337605 	-4.68179332595 	5.73273661975e-20
0.378 	0.0717573221757 	1.14418036801e-18 	0.276312812108 	0.000773533337334 	357.20866674 	-41.0594207462 	34.4380948106 	-4.64819225529 	6.08761485925e-20
0.378 	0.0732217573222 	-4.44670673842e-19 	0.274111819206 	0.000772592015844 	354.79504523 	-42.8507030916 	34.5411620095 	-4.61394208828 	1.91022802183e-19
0.378 	0.0746861924686 	-6.47369481328e-19 	0.271674523111 	0.000770858590675 	352.431076721 	-44.6368190547 	34.6432554859 	-4.57899034456 	-7.34645057071e-20
0.378 	0.0761506276151 	1.10353505299e-18 	0.266229403143 	0.000765338357619 	347.85843476 	-48.1910594889 	34.8427607913 	-4.50681438509 	2.39583156267e-19
0.378 	0.0776150627615 	1.22299231664e-18 	0.263307899269 	0.000761760139534 	345.657229362 	-49.95785943 	34.9395708472 	-4.46954328415 	2.9715243098e-19
0.378 	0.0790794979079 	1.41678370655e-18 	0.260311558049 	0.00075778341809 	343.517094508 	-51.7168663043 	35.0342905841 	-4.43147897022 	-4.24565089678e-19
0.378 	0.0805439330544 	3.36128629428e-19 	0.257276047228 	0.000753507229084 	341.438060973 	-53.4673920279 	35.1270260647 	-4.39263312367 	2.87188452647e-19
0.378 	0.0820083682008 	-5.39069782524e-19 	0.254227692093 	0.000749013458191 	339.416721172 	-55.2087638304 	35.2179938514 	-4.35302282229 	-6.06544015593e-19
0.378 	0.0834728033473 	1.31382830414e-18 	0.248154915842 	0.000739611109647 	335.52080628 	-58.6614850636 	35.3956731401 	-4.27157840895 	7.48483430453e-20
0.378 	0.0849372384937 	1.75571440767e-18 	0.245147285916 	0.000734785664414 	333.63101349 	-60.3716184793 	35.4828409759 	-4.22977349324 	-9.77116962527e-20
0.378 	0.0864016736402 	2.75444983577e-19 	0.242165688767 	0.000729917498669 	331.771315536 	-62.0701555015 	35.5690941767 	-4.1872614596 	-3.40126742132e-20
0.378 	0.0878661087866 	1.12300976204e-18 	0.23921499365 	0.000725030844868 	329.937678298 	-63.7565303054 	35.6544972478 	-4.14405007937 	-4.08788839301e-19
0.378 	0.0893305439331 	-2.59653330915e-19 	0.236300884889 	0.000720147819811 	328.128306979 	-65.4301875905 	35.7390634454 	-4.10014523195 	-1.03426984851e-19
0.378 	0.0907949790795 	-2.31277328178e-18 	0.233429681502 	0.000715288861073 	326.343235867 	-67.0905793251 	35.8227771445 	-4.05555168472 	1.79661850878e-19
0.378 	0.0922594142259 	1.33112639878e-18 	0.23060766688 	0.000710472239328 	324.583641858 	-68.7371635244 	35.9056135821 	-4.01027388093 	-1.15017308393e-19
0.378 	0.0937238493724 	2.02711959886e-19 	0.227840371221 	0.000705713357825 	322.851152943 	-70.3694048488 	35.9875509381 	-3.96431652687 	1.02636358782e-19
0.378 	0.0951882845188 	1.38147960531e-18 	0.225132118396 	0.00070102436781 	321.147350555 	-71.9867747866 	36.0685742523 	-3.91768485447 	2.24976252775e-19
0.378 	0.0966527196653 	1.83166324949e-18 	0.222485926553 	0.000696414286337 	319.473524478 	-73.5887522352 	36.1486740815 	-3.87038460172 	7.17703461208e-19
0.378 	0.0981171548117 	-5.71773368026e-19 	0.219903671381 	0.000691889494801 	317.830626181 	-75.1748262454 	36.2278436076 	-3.82242185328 	-2.62569038169e-19
0.378 	0.0995815899582 	-7.72111317333e-19 	0.217386356117 	0.000687454371498 	316.219323245 	-76.7444981499 	36.3060765474 	-3.77380290344 	2.22849861354e-19
0.378 	0.101046025105 	-5.64789398667e-19 	0.214934367694 	0.000683111864538 	314.640074124 	-78.2972797981 	36.38336638 	-3.72453423395 	-3.61180797158e-19
0.378 	0.102510460251 	-4.00835718303e-19 	0.212547669069 	0.000678863923247 	313.093186706 	-79.8326926354 	36.4597064201 	-3.67462252321 	-1.33433189572e-19
0.378 	0.103974895397 	6.60530328243e-19 	0.210225929292 	0.000674711794491 	311.578856349 	-81.3502710279 	36.535090101 	-3.62407460974 	-2.44883363217e-19
0.378 	0.105439330544 	5.59427146432e-19 	0.207968611077 	0.000670656223687 	310.097190978 	-82.8495644289 	36.6095110357 	-3.57289748593 	3.79127402534e-19
0.378 	0.10690376569 	1.17408321587e-18 	0.205775033266 	0.000666697596122 	308.648230416 	-84.3301363517 	36.6829628535 	-3.52109834174 	-1.28700845784e-19
0.378 	0.108368200837 	-8.24796635352e-20 	0.203644417418 	0.000662836039113 	307.231962962 	-85.7915646184 	36.7554390551 	-3.46868456569 	7.28753129412e-21
0.378 	0.109832635983 	-7.38343666299e-19 	0.201575921766 	0.000659071494341 	305.848338908 	-87.2334431951 	36.8269329973 	-3.41566370209 	-1.21095998011e-19
0.378 	0.11129707113 	3.4267370338e-19 	0.19956866414 	0.000655403766005 	304.497280136 	-88.6553831522 	36.897437984 	-3.36204341843 	-2.71762428029e-19
0.378 	0.112761506276 	-6.16360178875e-20 	0.19956866414 	0.000655403766005 	304.497280136 	-88.6553831522 	36.897437984 	-3.36204341843 	-2.71762428029e-19
0.378 	0.114225941423 	-1.12764022662e-18 	0.197621736015 	0.000651832550389 	303.17868584 	-90.0570132127 	36.9669474493 	-3.307831466 	5.40055533055e-19
0.378 	0.115690376569 	8.31806184421e-20 	0.195734209825 	0.000648357451764 	301.892434941 	-91.4379805855 	37.0354551956 	-3.25303562013 	-1.53155646094e-19
0.378 	0.117154811715 	-9.39543026198e-19 	0.193905141594 	0.000644977988848 	300.638386033 	-92.7979518601 	37.102955631 	-3.19766361588 	-9.00389138037e-20
0.378 	0.118619246862 	5.49716934222e-19 	0.192133570745 	0.000641693595595 	299.416375766 	-94.1366138091 	37.1694439578 	-3.14172308757 	-9.04730160211e-20
0.378 	0.120083682008 	-3.25991037852e-19 	0.190418518755 	0.000638503619526 	298.226216629 	-95.4536741902 	37.2349162814 	-3.08522151531 	-1.6629898002e-20
0.378 	0.121548117155 	-5.46624472791e-19 	0.190418518755 	0.000638503619526 	298.226216629 	-95.4536741902 	37.2349162814 	-3.08522151531 	-1.6629898002e-20
0.378 	0.123012552301 	-9.40420467177e-19 	0.188758987938 	0.000635407320096 	297.067694955 	-96.7488625499 	37.2993696218 	-3.02816618377 	3.23013027787e-19
0.378 	0.124476987448 	9.1658769054e-19 	0.187153961364 	0.000632403868936 	295.940569874 	-98.0219310204 	37.362801828 	-2.97056415258 	-1.26590454132e-19
0.378 	0.125941422594 	7.95856407e-19 	0.18560240445 	0.00062949235309 	294.844573629 	-99.2726550968 	37.4252114162 	-2.91242223715 	7.33187330334e-20
0.378 	0.127405857741 	8.31189066529e-19 	0.184103268162 	0.000626671781245 	293.779413198 	-100.500834382 	37.4865973758 	-2.85374699238 	4.61746061189e-20
0.378 	0.128870292887 	4.52904561416e-19 	0.184103268162 	0.000626671781245 	293.779413198 	-100.500834382 	37.4865973758 	-2.85374699238 	4.61746061189e-20
0.378 	0.130334728033 	6.59758772686e-19 	0.182655493067 	0.000623941091737 	292.744772681 	-101.706293279 	37.5469589907 	-2.79454469503 	-3.03284566313e-19
0.378 	0.13179916318 	1.37378238316e-18 	0.181258013175 	0.00062129916037 	291.740315676 	-102.888881642 	37.6062957219 	-2.73482132072 	2.63196575841e-19
0.378 	0.133263598326 	4.69188536512e-19 	0.179909758677 	0.000618744806336 	290.765686976 	-104.04847538 	37.6646071625 	-2.6745825156 	-1.48173501716e-19
0.378 	0.134728033473 	-2.29283264972e-20 	0.179909758677 	0.000618744806336 	290.765686976 	-104.04847538 	37.6646071625 	-2.6745825156 	-1.48173501716e-19
0.378 	0.136192468619 	4.08128642948e-20 	0.178609657301 	0.00061627679563 	289.820513392 	-105.184977049 	37.7218930547 	-2.61383356419 	2.70490044091e-19
0.378 	0.137656903766 	-7.09558387694e-19 	0.177356634608 	0.000613893842472 	288.904403886 	-106.298316418 	37.7781533381 	-2.5525793564 	-2.09994899284e-19
0.378 	0.139121338912 	2.36086043289e-19 	0.176149613891 	0.000611594609981 	288.016949489 	-107.388451024 	37.8333881966 	-2.49082435621 	1.99370222864e-19
0.378 	0.140585774059 	-5.43207189266e-19 	0.176149613891 	0.000611594609981 	288.016949489 	-107.388451024 	37.8333881966 	-2.49082435621 	1.99370222864e-19
0.378 	0.142050209205 	1.954514351e-19 	0.174987516337 	0.000609377711403 	287.157723465 	-108.455366683 	37.8875980838 	-2.42857257228 	-2.93844429273e-19
0.378 	0.143514644351 	1.71997388285e-19 	0.173869261846 	0.000607241712626 	286.32628199 	-109.499077957 	37.9407837205 	-2.36582753137 	1.6688323701e-19
0.378 	0.144979079498 	-3.244727581e-20 	0.172793770462 	0.000605185136004 	285.522165338 	-110.519628596 	37.9929460718 	-2.30259225136 	-3.59311510142e-20
0.378 	0.146443514644 	-5.62658867552e-20 	0.172793770462 	0.000605185136004 	285.522165338 	-110.519628596 	37.9929460718 	-2.30259225136 	-3.59311510142e-20
0.378 	0.147907949791 	-1.74784179889e-18 	0.171759964143 	0.000603206464914 	284.744899356 	-111.517091925 	38.0440863166 	-2.23886921448 	2.9372984105e-19
0.378 	0.149372384937 	2.69608693176e-19 	0.170766768505 	0.000601304148391 	283.993996986 	-112.491571207 	38.0942058168 	-2.17466034047 	-2.66128154629e-19
0.378 	0.150836820084 	-1.03812092653e-18 	0.170766768505 	0.000601304148391 	283.993996986 	-112.491571207 	38.0942058168 	-2.17466034047 	-2.66128154629e-19
0.378 	0.15230125523 	-9.64672158297e-19 	0.169813114372 	0.000599476605447 	283.268959671 	-113.443199957 	38.1433060883 	-2.10996696052 	6.53200342026e-20
0.378 	0.153765690377 	-3.35926458439e-20 	0.168897939103 	0.000597722229046 	282.569278664 	-114.372142217 	38.1913887698 	-2.0447897938 	2.00579992841e-19
0.378 	0.155230125523 	-3.31168876469e-19 	0.168897939103 	0.000597722229046 	282.569278664 	-114.372142217 	38.1913887698 	-2.0447897938 	2.00579992841e-19
0.378 	0.156694560669 	-9.3827699362e-19 	0.168020187761 	0.0005960393898 	281.894436235 	-115.278592785 	38.2384555913 	-1.97912892538 	-1.4773204592e-19
0.378 	0.158158995816 	-8.0923569531e-20 	0.167178814133 	0.000594426439408 	281.243906814 	-116.162777413 	38.2845083432 	-1.91298378675 	-6.25193525545e-20
0.378 	0.159623430962 	1.30951930532e-19 	0.167178814133 	0.000594426439408 	281.243906814 	-116.162777413 	38.2845083432 	-1.91298378675 	-6.25193525545e-20
0.378 	0.161087866109 	2.85076156104e-19 	0.166372781623 	0.000592881713882 	280.617158073 	-117.024952977 	38.3295488476 	-1.84635313831 	2.23087825442e-19
0.378 	0.162552301255 	1.0263892162e-18 	0.166372781623 	0.000592881713882 	280.617158073 	-117.024952977 	38.3295488476 	-1.84635313831 	2.23087825442e-19
0.378 	0.164016736402 	-1.26015870646e-18 	0.165601064097 	0.000591403536663 	280.013651984 	-117.865407606 	38.3735789286 	-1.7792350544 	-4.77557001128e-19
0.378 	0.165481171548 	5.93361601688e-19 	0.164862646739 	0.000589990221777 	279.432845925 	-118.684460768 	38.4166003838 	-1.71162691017 	2.47262569852e-19
0.378 	0.166945606695 	-9.80579953861e-20 	0.164862646739 	0.000589990221777 	279.432845925 	-118.684460768 	38.4166003838 	-1.71162691017 	2.47262569852e-19
0.378 	0.168410041841 	3.5618377763e-19 	0.164156527006 	0.000588640077151 	278.874193888 	-119.482463324 	38.4586149565 	-1.64352536856 	1.44149701527e-21
0.378 	0.169874476987 	8.43099199307e-19 	0.163481715788 	0.000587351407828 	278.3371481 	-120.259797555 	38.4996243143 	-1.57492636751 	-1.45269388849e-19
0.378 	0.171338912134 	9.4532284356e-19 	0.163481715788 	0.000587351407828 	278.3371481 	-120.259797555 	38.4996243143 	-1.57492636751 	-1.45269388849e-19
0.378 	0.17280334728 	1.00526696596e-18 	0.162837238574 	0.000586122503385 	277.821168158 	-121.016877144 	38.5396300334 	-1.50582510493 	-2.84028746792e-20
0.378 	0.174267782427 	-7.2592415953e-19 	0.162837238574 	0.000586122503385 	277.821168158 	-121.016877144 	38.5396300334 	-1.50582510493 	-2.84028746792e-20
0.378 	0.175732217573 	-6.60592841489e-19 	0.16222213737 	0.000584951680372 	277.325705377 	-121.754147142 	38.5786335865 	-1.43621602262 	1.68816850697e-19
0.378 	0.17719665272 	6.99891670692e-19 	0.161635472395 	0.000583837264154 	276.850215494 	-122.472083887 	38.6166363309 	-1.36609278648 	1.1615988346e-19
0.378 	0.178661087866 	3.36403684683e-19 	0.161635472395 	0.000583837264154 	276.850215494 	-122.472083887 	38.6166363309 	-1.36609278648 	1.1615988346e-19
0.378 	0.180125523013 	1.33474609376e-19 	0.161076323609 	0.000582777595303 	276.394159465 	-123.171194881 	38.6536394899 	-1.29544826265 	-7.85899708912e-20
0.378 	0.181589958159 	2.96297302436e-19 	0.161076323609 	0.000582777595303 	276.394159465 	-123.171194881 	38.6536394899 	-1.29544826265 	-7.85899708912e-20
0.378 	0.183054393305 	-9.40349425766e-19 	0.16054379207 	0.000581771034864 	275.957004472 	-123.852018694 	38.689644127 	-1.22427449723 	5.40408080877e-20
0.378 	0.184518828452 	1.04044104458e-19 	0.16054379207 	0.000581771034864 	275.957004472 	-123.852018694 	38.689644127 	-1.22427449723 	5.40408080877e-20
0.378 	0.185983263598 	1.01523575668e-18 	0.160037001083 	0.000580815969 	275.538224886 	-124.515124782 	38.7246511143 	-1.15256269586 	-2.11319606136e-19
0.378 	0.187447698745 	5.58367787438e-20 	0.160037001083 	0.000580815969 	275.538224886 	-124.515124782 	38.7246511143 	-1.15256269586 	-2.11319606136e-19
0.378 	0.188912133891 	-1.53802829324e-18 	0.159555097315 	0.000579910813 	275.137303423 	-125.16111322 	38.7586611053 	-1.08030320157 	1.08891277143e-19
0.378 	0.190376569038 	1.57056644916e-18 	0.15909725225 	0.000579054015258 	274.753732912 	-125.79061458 	38.7916745177 	-1.00748548987 	7.28467102833e-20
0.378 	0.191841004184 	-2.17034872983e-20 	0.15909725225 	0.000579054015258 	274.753732912 	-125.79061458 	38.7916745177 	-1.00748548987 	7.28467102833e-20
0.378 	0.193305439331 	-1.08185693194e-18 	0.158662663791 	0.000578244060968 	274.38701839 	-126.404289666 	38.8236915346 	-0.934098144726 	-1.06623889308e-19
0.378 	0.194769874477 	3.09706973176e-20 	0.158662663791 	0.000578244060968 	274.38701839 	-126.404289666 	38.8236915346 	-0.934098144726 	-1.06623889308e-19
0.378 	0.196234309623 	6.02528132721e-19 	0.158250558127 	0.000577479476238 	274.036679464 	-127.002829235 	38.8547121013 	-0.860128846302 	7.34290694637e-20
0.378 	0.19769874477 	1.0803478393e-19 	0.158250558127 	0.000577479476238 	274.036679464 	-127.002829235 	38.8547121013 	-0.860128846302 	7.34290694637e-20
0.378 	0.199163179916 	-1.63356207958e-18 	0.157860191415 	0.000576758832058 	273.702252381 	-127.586953615 	38.8847359291 	-0.785564345382 	9.09087632991e-20
0.378 	0.200627615063 	4.05427741161e-19 	0.157860191415 	0.000576758832058 	273.702252381 	-127.586953615 	38.8847359291 	-0.785564345382 	9.09087632991e-20
0.378 	0.202092050209 	1.55135837218e-18 	0.157490850975 	0.000576080747648 	273.383291523 	-128.157412274 	38.9137624741 	-0.710390420017 	-1.31446662956e-19
0.378 	0.203556485356 	-4.06005159298e-19 	0.157490850975 	0.000576080747648 	273.383291523 	-128.157412274 	38.9137624741 	-0.710390420017 	-1.31446662956e-19
0.378 	0.205020920502 	-1.68636758604e-20 	0.157141857369 	0.000575443895958 	273.079371374 	-128.7149838 	38.9417908996 	-0.634591920278 	2.55642297809e-20
0.378 	0.206485355649 	-3.44266715138e-19 	0.157141857369 	0.000575443895958 	273.079371374 	-128.7149838 	38.9417908996 	-0.634591920278 	2.55642297809e-20
0.378 	0.207949790795 	-1.45265392048e-19 	0.156812564577 	0.000574847005566 	272.790086856 	-129.260476225 	38.9688201516 	-0.558152701799 	3.30024586194e-20
0.378 	0.209414225941 	4.17244878504e-19 	0.156812564577 	0.000574847005566 	272.790086856 	-129.260476225 	38.9688201516 	-0.558152701799 	3.30024586194e-20
0.378 	0.210878661088 	1.25319160473e-19 	0.15650236325 	0.000574288868651 	272.515056086 	-129.794718664 	38.9948486452 	-0.481055208459 	-1.19036314451e-19
0.378 	0.212343096234 	2.56635871836e-19 	0.15650236325 	0.000574288868651 	272.515056086 	-129.794718664 	38.9948486452 	-0.481055208459 	-1.19036314451e-19
0.378 	0.213807531381 	7.60195534389e-19 	0.156210689276 	0.00057376835988 	272.253927192 	-130.318599425 	39.0198752649 	-0.403283160055 	1.08812587631e-19
0.378 	0.215271966527 	2.30799744672e-21 	0.156210689276 	0.00057376835988 	272.253927192 	-130.318599425 	39.0198752649 	-0.403283160055 	1.08812587631e-19
0.378 	0.216736401674 	2.32807092973e-19 	0.155936992812 	0.000573284373636 	272.006354932 	-130.83292234 	39.0438967589 	-0.324810812364 	8.43010978783e-20
0.378 	0.21820083682 	1.74900972341e-18 	0.155936992812 	0.000573284373636 	272.006354932 	-130.83292234 	39.0438967589 	-0.324810812364 	8.43010978783e-20
0.378 	0.219665271967 	9.57313691065e-20 	0.155680856695 	0.000572836067361 	271.772092516 	-131.338847555 	39.0669143247 	-0.245636457324 	-1.79813384505e-19
0.378 	0.221129707113 	-1.33353906708e-19 	0.155680856695 	0.000572836067361 	271.772092516 	-131.338847555 	39.0669143247 	-0.245636457324 	-1.79813384505e-19
0.378 	0.222594142259 	1.66822419769e-19 	0.155441685318 	0.000572422224724 	271.550751532 	-131.836714417 	39.0889183627 	-0.165693875259 	1.47738925293e-19
0.378 	0.224058577406 	4.5206022781e-19 	0.155441685318 	0.000572422224724 	271.550751532 	-131.836714417 	39.0889183627 	-0.165693875259 	1.47738925293e-19
0.378 	0.225523012552 	6.022053795e-19 	0.155219423886 	0.00057204272935 	271.342359446 	-132.328801147 	39.1099214009 	-0.0850560249756 	-1.75000285517e-19
0.378 	0.226987447699 	9.22567772711e-20 	0.155219423886 	0.00057204272935 	271.342359446 	-132.328801147 	39.1099214009 	-0.0850560249756 	-1.75000285517e-19
0.378 	0.228451882845 	5.69213001373e-19 	0.155013137662 	0.000571695654375 	271.14625846 	-132.813564579 	39.1298923034 	-0.00352074675917 	-3.96069216714e-20
0.378 	0.229916317992 	5.96787626246e-19 	0.155013137662 	0.000571695654375 	271.14625846 	-132.813564579 	39.1298923034 	-0.00352074675917 	-3.96069216714e-20
0.378 	0.231380753138 	1.12904284461e-18 	0.155013137662 	0.000571695654375 	271.14625846 	-132.813564579 	39.1298923034 	-0.00352074675917 	-3.96069216714e-20
0.378 	0.232845188285 	1.79617374561e-19 	0.15482352983 	0.000571382421241 	270.963060945 	-133.296418825 	39.1488785097 	0.0786351818619 	4.37484139165e-20
0.378 	0.234309623431 	-2.25182546558e-19 	0.15482352983 	0.000571382421241 	270.963060945 	-133.296418825 	39.1488785097 	0.0786351818619 	4.37484139165e-20
0.378 	0.235774058577 	-2.90695387176e-19 	0.154648952186 	0.000571099624639 	270.791549345 	-133.771437641 	39.1667954705 	0.161899855298 	-6.61609424606e-20
0.378 	0.237238493724 	-1.11656918006e-19 	0.154648952186 	0.000571099624639 	270.791549345 	-133.771437641 	39.1667954705 	0.161899855298 	-6.61609424606e-20
0.378 	0.23870292887 	-2.40132078154e-19 	0.154491275064 	0.000570851059861 	270.633245564 	-134.249952805 	39.1837668714 	0.245633749381 	-7.37247643479e-20
0.378 	0.240167364017 	2.91051767758e-19 	0.154491275064 	0.000570851059861 	270.633245564 	-134.249952805 	39.1837668714 	0.245633749381 	-7.37247643479e-20
0.378 	0.241631799163 	5.59542897825e-19 	0.154347718226 	0.000570630983054 	270.486045816 	-134.718496535 	39.1996070819 	0.330790637494 	-5.71139033992e-20
0.378 	0.24309623431 	1.03553346747e-18 	0.154347718226 	0.000570630983054 	270.486045816 	-134.718496535 	39.1996070819 	0.330790637494 	-5.71139033992e-20
0.378 	0.244560669456 	-4.90722890569e-19 	0.154347718226 	0.000570630983054 	270.486045816 	-134.718496535 	39.1996070819 	0.330790637494 	-5.71139033992e-20
0.378 	0.246025104603 	1.25065414249e-18 	0.154222107723 	0.000570447173591 	270.353005261 	-135.1985135 	39.2145727144 	0.416109744898 	2.37724546877e-21
0.378 	0.247489539749 	-7.59832362055e-19 	0.154222107723 	0.000570447173591 	270.353005261 	-135.1985135 	39.2145727144 	0.416109744898 	2.37724546877e-21
0.378 	0.248953974895 	7.54635270372e-19 	0.154109114863 	0.000570288630168 	270.230032146 	-135.662283321 	39.2283075211 	0.503456808126 	3.64333910966e-21
0.378 	0.250418410042 	3.30890805707e-19 	0.154109114863 	0.000570288630168 	270.230032146 	-135.662283321 	39.2283075211 	0.503456808126 	3.64333910966e-21
0.378 	0.251882845188 	2.37076376761e-20 	0.154109114863 	0.000570288630168 	270.230032146 	-135.662283321 	39.2283075211 	0.503456808126 	3.64333910966e-21
0.378 	0.253347280335 	-7.87708101152e-19 	0.15401720749 	0.000570172619332 	270.123822625 	-136.152713078 	39.2413050065 	0.590171615146 	-6.14500417477e-20
0.378 	0.254811715481 	-6.31532016321e-19 	0.15401720749 	0.000570172619332 	270.123822625 	-136.152713078 	39.2413050065 	0.590171615146 	-6.14500417477e-20
0.378 	0.256276150628 	4.3112327461e-19 	0.153934466989 	0.0005700745436 	270.025154986 	-136.609737723 	39.252867042 	0.680263826349 	1.63237359146e-20
0.378 	0.257740585774 	3.85699857429e-19 	0.153934466989 	0.0005700745436 	270.025154986 	-136.609737723 	39.252867042 	0.680263826349 	1.63237359146e-20
0.378 	0.259205020921 	-1.09554317663e-18 	0.153879541756 	0.000570032496199 	269.948718331 	-137.122505912 	39.2639742589 	0.767991020014 	-3.83781082676e-20
0.378 	0.260669456067 	1.11731165918e-18 	0.153879541756 	0.000570032496199 	269.948718331 	-137.122505912 	39.2639742589 	0.767991020014 	-3.83781082676e-20
0.378 	0.262133891213 	9.85141307062e-19 	0.153879541756 	0.000570032496199 	269.948718331 	-137.122505912 	39.2639742589 	0.767991020014 	-3.83781082676e-20
0.378 	0.26359832636 	1.63179970418e-19 	0.153827614354 	0.00056999525244 	269.875255443 	-137.570988112 	39.2733240399 	0.861447870104 	1.39175762392e-20
0.378 	0.265062761506 	3.91250529142e-19 	0.153827614354 	0.00056999525244 	269.875255443 	-137.570988112 	39.2733240399 	0.861447870104 	1.39175762392e-20
0.378 	0.266527196653 	1.60630288084e-21 	0.153814243413 	0.000570035425213 	269.832779876 	-138.115481711 	39.2826164686 	0.949851933508 	2.1186172395e-20
0.378 	0.267991631799 	1.661972884e-19 	0.153814243413 	0.000570035425213 	269.832779876 	-138.115481711 	39.2826164686 	0.949851933508 	2.1186172395e-20
0.378 	0.269456066946 	1.01319097432e-19 	0.153814243413 	0.000570035425213 	269.832779876 	-138.115481711 	39.2826164686 	0.949851933508 	2.1186172395e-20
0.378 	0.270920502092 	4.65443690405e-19 	0.153794307456 	0.000570059805916 	269.786267791 	-138.553655093 	39.2897206665 	1.04743349675 	2.36836883296e-20
0.378 	0.272384937238 	3.1226104365e-19 	0.153794307456 	0.000570059805916 	269.786267791 	-138.553655093 	39.2897206665 	1.04743349675 	2.36836883296e-20
0.378 	0.273849372385 	-3.4106400705e-19 	0.153831139779 	0.000570197446996 	269.78573929 	-139.14772962 	39.2973356233 	1.13556394558 	-2.12386303927e-20
0.378 	0.275313807531 	-4.31236138525e-19 	0.153831139779 	0.000570197446996 	269.78573929 	-139.14772962 	39.2973356233 	1.13556394558 	-2.12386303927e-20
0.378 	0.276778242678 	-6.47925121431e-19 	0.153831139779 	0.000570197446996 	269.78573929 	-139.14772962 	39.2973356233 	1.13556394558 	-2.12386303927e-20
0.378 	0.278242677824 	-1.46092949772e-18 	0.153842653352 	0.000570278443611 	269.767611025 	-139.559103047 	39.3020602416 	1.23903185991 	-5.32568517164e-20
0.378 	0.279707112971 	1.35156490881e-19 	0.153842653352 	0.000570278443611 	269.767611025 	-139.559103047 	39.3020602416 	1.23903185991 	-5.32568517164e-20
0.378 	0.281171548117 	5.57894390046e-19 	0.153842653352 	0.000570278443611 	269.767611025 	-139.559103047 	39.3020602416 	1.23903185991 	-5.32568517164e-20
0.378 	0.282635983264 	-1.62690993572e-19 	0.153943430611 	0.00057053526065 	269.822815922 	-140.229019229 	39.3082077523 	1.32506431354 	-1.74046929429e-20
0.378 	0.28410041841 	-1.20501991901e-18 	0.153943430611 	0.00057053526065 	269.822815922 	-140.229019229 	39.3082077523 	1.32506431354 	-1.74046929429e-20
0.378 	0.285564853556 	8.80089334331e-19 	0.153981007038 	0.000570651146619 	269.833869519 	-140.597634923 	39.3104390767 	1.43680775651 	-7.02523298015e-20
0.378 	0.287029288703 	-1.10353100509e-19 	0.153981007038 	0.000570651146619 	269.833869519 	-140.597634923 	39.3104390767 	1.43680775651 	-7.02523298015e-20
0.378 	0.288493723849 	-9.93563527697e-19 	0.153981007038 	0.000570651146619 	269.833869519 	-140.597634923 	39.3104390767 	1.43680775651 	-7.02523298015e-20
0.378 	0.289958158996 	-6.60443208924e-19 	0.15415442896 	0.000571025579145 	269.960636774 	-141.374760501 	39.3153111221 	1.51803251773 	-4.97028983679e-21
0.378 	0.291422594142 	-2.58611666197e-19 	0.15415442896 	0.000571025579145 	269.960636774 	-141.374760501 	39.3153111221 	1.51803251773 	-4.97028983679e-21
0.378 	0.292887029289 	1.49277520321e-19 	0.15415442896 	0.000571025579145 	269.960636774 	-141.374760501 	39.3153111221 	1.51803251773 	-4.97028983679e-21
0.378 	0.294351464435 	9.97332317021e-20 	0.154176731532 	0.000571057804322 	269.984457554 	-141.671898452 	39.3145256788 	1.64176331953 	-5.33910578389e-20
0.378 	0.295815899582 	-8.80786474171e-19 	0.154176731532 	0.000571057804322 	269.984457554 	-141.671898452 	39.3145256788 	1.64176331953 	-5.33910578389e-20
0.378 	0.297280334728 	-8.09688994379e-19 	0.154176731532 	0.000571057804322 	269.984457554 	-141.671898452 	39.3145256788 	1.64176331953 	-5.33910578389e-20
0.378 	0.298744769874 	6.03037651479e-19 	0.154377716046 	0.000571391774229 	270.178401245 	-142.590411993 	39.3172163219 	1.71403764617 	-6.29732021216e-20
0.378 	0.300209205021 	-4.91423180091e-20 	0.154377716046 	0.000571391774229 	270.178401245 	-142.590411993 	39.3172163219 	1.71403764617 	-6.29732021216e-20
0.378 	0.301673640167 	-1.86016907874e-19 	0.154265869988 	0.000570972508575 	270.18090656 	-142.788704835 	39.3107896821 	1.85453378518 	-6.35120435799e-20
0.378 	0.303138075314 	9.99169994582e-19 	0.154265869988 	0.000570972508575 	270.18090656 	-142.788704835 	39.3107896821 	1.85453378518 	-6.35120435799e-20
0.378 	0.30460251046 	-2.33571605181e-19 	0.154265869988 	0.000570972508575 	270.18090656 	-142.788704835 	39.3107896821 	1.85453378518 	-6.35120435799e-20
0.378 	0.306066945607 	-1.34258916797e-19 	0.154500371474 	0.000570997536954 	270.57975118 	-143.883928153 	39.3090802491 	1.91162837254 	-5.20256298483e-20
0.378 	0.307531380753 	5.94319361388e-19 	0.154500371474 	0.000570997536954 	270.57975118 	-143.883928153 	39.3090802491 	1.91162837254 	-5.20256298483e-20
0.378 	0.3089958159 	-1.03950305209e-18 	0.154500371474 	0.000570997536954 	270.57975118 	-143.883928153 	39.3090802491 	1.91162837254 	-5.20256298483e-20
0.378 	0.310460251046 	-3.14504564393e-19 	0.153950020145 	0.000568905631462 	270.607305732 	-143.959239001 	39.3058210734 	2.07655262502 	-2.25644105336e-20
0.378 	0.311924686192 	1.05389725356e-18 	0.153950020145 	0.000568905631462 	270.607305732 	-143.959239001 	39.3058210734 	2.07655262502 	-2.25644105336e-20
0.378 	0.313389121339 	-8.36373374036e-19 	0.153950020145 	0.000568905631462 	270.607305732 	-143.959239001 	39.3058210734 	2.07655262502 	-2.25644105336e-20
0.378 	0.314853556485 	-5.11714915992e-19 	0.15360670377 	0.00056619228283 	271.297770084 	-145.254138095 	39.3122835287 	2.11361298181 	8.74877610282e-20
0.378 	0.316317991632 	-1.89411608707e-19 	0.15360670377 	0.00056619228283 	271.297770084 	-145.254138095 	39.3122835287 	2.11361298181 	8.74877610282e-20
0.378 	0.317782426778 	-8.90605993227e-19 	0.15360670377 	0.00056619228283 	271.297770084 	-145.254138095 	39.3122835287 	2.11361298181 	8.74877610282e-20
0.378 	0.319246861925 	1.02733909375e-18 	0.152988123594 	0.000561655478431 	272.387841781 	-145.221345755 	39.274281822 	2.31044712364 	1.80958954009e-20
0.378 	0.320711297071 	-6.37531429025e-19 	0.152988123594 	0.000561655478431 	272.387841781 	-145.221345755 	39.274281822 	2.31044712364 	1.80958954009e-20
0.378 	0.322175732218 	4.28365344882e-19 	0.152988123594 	0.000561655478431 	272.387841781 	-145.221345755 	39.274281822 	2.31044712364 	1.80958954009e-20
0.378 	0.323640167364 	6.02523560212e-19 	0.15266061485 	0.000558976373368 	273.107455205 	-148.134637273 	39.3088190367 	2.3125975963 	2.43561722267e-20
0.378 	0.32510460251 	-1.72467290448e-19 	0.15266061485 	0.000558976373368 	273.107455205 	-148.134637273 	39.3088190367 	2.3125975963 	2.43561722267e-20
0.378 	0.326569037657 	-5.91846692705e-19 	0.15266061485 	0.000558976373368 	273.107455205 	-148.134637273 	39.3088190367 	2.3125975963 	2.43561722267e-20
0.378 	0.328033472803 	-7.46433487593e-19 	0.153426163173 	0.000559256309821 	274.339619381 	-148.086828631 	39.7997326664 	2.56661293495 	-1.01614570564e-19
0.378 	0.32949790795 	9.86142798587e-19 	0.153426163173 	0.000559256309821 	274.339619381 	-148.086828631 	39.7997326664 	2.56661293495 	-1.01614570564e-19
0.378 	0.330962343096 	-4.61771827088e-21 	0.153426163173 	0.000559256309821 	274.339619381 	-148.086828631 	39.7997326664 	2.56661293495 	-1.01614570564e-19
0.378 	0.332426778243 	1.97027253848e-19 	0.152418013516 	0.000557708439888 	273.293360141 	-149.682109078 	39.2389749243 	2.46042176252 	1.21578904322e-19
0.378 	0.333891213389 	3.99590094627e-19 	0.152418013516 	0.000557708439888 	273.293360141 	-149.682109078 	39.2389749243 	2.46042176252 	1.21578904322e-19
0.378 	0.335355648536 	1.31119426664e-18 	0.152418013516 	0.000557708439888 	273.293360141 	-149.682109078 	39.2389749243 	2.46042176252 	1.21578904322e-19
