0.504 	0 	0 	4.48566754279 	4.49322272251e-05 	99831.8538788 	52.5665172597 	15.5117243143 	-0.00413025903008 	1.10978221445e-21
0.504 	0.00146443514644 	9.04630413473e-19 	7.56105283797 	0.0010781206497 	7013.17875699 	50.9320510277 	23.195892683 	-0.0807355835484 	-4.3634130122e-21
0.504 	0.00292887029289 	1.73616343935e-18 	8.84491410484 	0.00204862031113 	4317.49800429 	50.671487085 	25.1197242419 	-0.180508617363 	-4.39249115349e-22
0.504 	0.00439330543933 	-2.91520110607e-18 	9.1607684768 	0.00246018257353 	3723.61326974 	50.4111503008 	26.6988244514 	-0.282921648281 	3.95846152173e-21
0.504 	0.00585774058577 	1.20144024691e-18 	8.689003822 	0.00247712684062 	3507.69434956 	50.1710228318 	27.9458245061 	-0.362036869261 	-9.98159242751e-21
0.504 	0.00732217573222 	3.7936384587e-18 	7.51538124879 	0.00229530965058 	3274.23415263 	49.8708906738 	29.2039642573 	-0.435452448401 	-2.21932334911e-21
0.504 	0.00878661087866 	2.99692447393e-18 	5.71996872806 	0.00193760213721 	2952.08630204 	49.487415064 	30.4416755452 	-0.500765709261 	-5.39566207726e-21
0.504 	0.0102510460251 	4.24649170997e-18 	3.66354368853 	0.00142531291677 	2570.34342805 	48.9996558393 	31.5950058849 	-0.556821712282 	-1.0708541061e-20
0.504 	0.0117154811715 	-1.01957073757e-18 	2.23155935245 	0.0010216403178 	2184.2906095 	48.5524711083 	32.3256887235 	-0.593327333982 	1.5195962958e-20
0.504 	0.013179916318 	4.57520804744e-18 	0.90498089473 	0.000622085181849 	1454.75398086 	47.842741065 	32.9595062968 	-0.636961740108 	6.27024898342e-22
0.504 	0.0146443514644 	-1.88236076721e-18 	0.475468499179 	0.000488466589223 	973.39001207 	47.2339199404 	33.1637018922 	-0.667209287511 	-1.78385883183e-20
0.504 	0.0161087866109 	9.25830228449e-19 	0.312877353793 	0.000437494232505 	715.157665054 	46.5700982938 	33.2463020748 	-0.696160641029 	3.39763062407e-20
0.504 	0.0175732217573 	1.79108705263e-18 	0.24538608114 	0.000412902424317 	594.295568852 	45.8551893226 	33.285613634 	-0.724635973738 	1.52937471756e-21
0.504 	0.0190376569038 	1.74359561631e-18 	0.210168021776 	0.000399177457899 	526.502731097 	45.0888405519 	33.3120011496 	-0.753184676599 	-7.86986798816e-21
0.504 	0.0205020920502 	-8.17023266199e-19 	0.188806372689 	0.000392266699032 	481.32144063 	44.2693117102 	33.3363109824 	-0.782027070873 	-5.8016905637e-21
0.504 	0.0219665271967 	-5.69261975447e-19 	0.174799844141 	0.000389915516256 	448.301841946 	43.3944495857 	33.361694626 	-0.811153265401 	-1.7371006812e-20
0.504 	0.0234309623431 	-7.00725452415e-19 	0.167930398874 	0.000389899476535 	430.701780793 	42.7793519017 	33.3795438952 	-0.830673440149 	5.0703785857e-20
0.504 	0.0248953974895 	-2.0907992252e-18 	0.159826024193 	0.000390987759202 	408.775007482 	41.8072302601 	33.4080518793 	-0.859995570873 	-1.13189215286e-20
0.504 	0.026359832636 	-2.24984422785e-18 	0.155295214605 	0.000391918990109 	396.243148519 	41.1251774492 	33.4285589755 	-0.879495337535 	-6.29990342952e-23
0.504 	0.0278242677824 	-1.78636104788e-18 	0.15113222202 	0.000392714265266 	384.840163413 	40.4151580271 	33.4506014315 	-0.898887704235 	-4.14316770549e-20
0.504 	0.0292887029289 	4.90896452998e-19 	0.145192367313 	0.000393328231328 	369.137925399 	39.2962274437 	33.4870966719 	-0.927634097086 	5.36956052298e-20
0.504 	0.0307531380753 	-9.03827226744e-19 	0.141285789093 	0.000393254016552 	359.273607252 	38.5133850066 	33.5139436697 	-0.946475229875 	1.83780197702e-20
0.504 	0.0322175732218 	1.76557433804e-19 	0.137366495063 	0.000392791161904 	349.718905072 	37.7002967784 	33.5428370058 	-0.964986579297 	-9.98512098931e-21
0.504 	0.0336820083682 	-8.31987538611e-19 	0.13342663222 	0.000391989604402 	340.383088535 	36.8563683783 	33.5736730947 	-0.98311559393 	-6.33109537489e-20
0.504 	0.0351464435146 	-1.55122199483e-18 	0.129481649214 	0.000390933765495 	331.211219501 	35.9810465541 	33.6062553693 	-1.00081981846 	2.03181571785e-20
0.504 	0.0366108786611 	-8.7152194511e-19 	0.125560761125 	0.00038973175875 	322.172259012 	35.0738269888 	33.6403311425 	-1.01806713992 	6.09976313254e-21
0.504 	0.0380753138075 	-2.76597995095e-18 	0.121698544371 	0.000388503763081 	313.249332274 	34.1342608203 	33.6756296073 	-1.03483416954 	-9.3219673999e-22
0.504 	0.039539748954 	-9.29429549304e-19 	0.117928098312 	0.000387370407792 	304.432388071 	33.1619598637 	33.7118938541 	-1.05110333661 	-3.55259904122e-20
0.504 	0.0410041841004 	2.61329625413e-19 	0.114276097864 	0.000386442155916 	295.71333281 	32.1566006744 	33.7489050605 	-1.06685946365 	-3.10870365377e-21
0.504 	0.0424686192469 	-1.45265046039e-19 	0.110759721268 	0.00038581039792 	287.08329756 	31.1179276225 	33.7864966496 	-1.08208649317 	6.26190129094e-21
0.504 	0.0439330543933 	-5.51610342918e-19 	0.109054825311 	0.000385627416493 	282.798423158 	30.5860376664 	33.8054729454 	-1.08949567457 	-1.46359667207e-20
0.504 	0.0453974895397 	-1.15126589951e-18 	0.105750799522 	0.000385555199404 	274.281865957 	29.4970688742 	33.8437385289 	-1.10389081705 	-1.13428750752e-20
0.504 	0.0468619246862 	5.96428834381e-19 	0.102580353903 	0.000385890912527 	265.827337657 	28.3744598165 	33.8823856007 	-1.11769803768 	1.93008754504e-20
0.504 	0.0483263598326 	1.598542044e-18 	0.0995290676628 	0.000386630231487 	257.427018265 	27.2182116314 	33.9213978218 	-1.13088375801 	1.09204754432e-20
0.504 	0.0497907949791 	1.11963808723e-18 	0.0980425217251 	0.000387143130427 	253.246187313 	26.6274948561 	33.941042251 	-1.13723148392 	-2.36895906878e-20
0.504 	0.0512552301255 	3.3336719912e-19 	0.0951357050921 	0.000388427866059 	244.925025738 	25.4209646655 	33.980618946 	-1.14940960812 	3.16843861706e-20
0.504 	0.052719665272 	-2.05125447627e-19 	0.0937108352057 	0.000389185670319 	240.786961989 	24.8052025609 	34.0005572567 	-1.15522827067 	-1.41342937207e-20
0.504 	0.0541841004184 	-1.5924767283e-19 	0.0909080577723 	0.000390891943996 	232.565697934 	23.5488534545 	34.0407510915 	-1.16629340331 	-1.17345664516e-20
0.504 	0.0556485355649 	-8.17655058154e-20 	0.0895269181393 	0.000391823092737 	228.488110575 	22.9083508956 	34.0610144876 	-1.17152657659 	2.06218290694e-20
0.504 	0.0571129707113 	-1.82994929929e-18 	0.086799510854 	0.000393797031136 	220.416874662 	21.6029440191 	34.1018974455 	-1.18135927248 	1.04479663609e-20
0.504 	0.0585774058577 	1.46174130243e-18 	0.0854520128153 	0.000394822236687 	216.431611179 	20.9381590138 	34.1225277253 	-1.18594426353 	-1.57672034582e-21
0.504 	0.0600418410042 	1.1424767972e-18 	0.0827888309025 	0.000396907174994 	208.584868499 	19.5847691712 	34.1641942248 	-1.19441386711 	2.22523259799e-20
0.504 	0.0615062761506 	9.42916609617e-19 	0.0814738491367 	0.000397951467014 	204.733129263 	18.8963200498 	34.1852413707 	-1.19828292416 	-2.3160193499e-21
0.504 	0.0629707112971 	-1.34767759944e-18 	0.0801708903619 	0.000398987673486 	200.935757392 	18.200149059 	34.206437799 	-1.20189754351 	9.83612477602e-21
0.504 	0.0644351464435 	-1.37343013021e-18 	0.0776053709279 	0.000401012007278 	193.523808563 	16.7850226934 	34.2492962525 	-1.20833094634 	2.84517499189e-21
0.504 	0.06589958159 	3.48053394362e-19 	0.0763454314348 	0.000401989955645 	189.918753846 	16.0662742953 	34.2709662147 	-1.21113323603 	-2.00720221473e-20
0.504 	0.0673640167364 	-2.10913496481e-18 	0.0751026474948 	0.000402939400955 	186.386953762 	15.3402181647 	34.2928011617 	-1.21364812272 	1.55516612961e-20
0.504 	0.0688284518828 	1.95952059206e-19 	0.0738785415596 	0.000403856827737 	182.932505991 	14.6069745621 	34.3148036205 	-1.21586717314 	3.52318596914e-21
0.504 	0.0702928870293 	2.76516529598e-18 	0.0714924090066 	0.00040558417717 	176.270212279 	13.1194405765 	34.3593169599 	-1.21938376029 	6.93920799573e-22
0.504 	0.0717573221757 	-1.97736933671e-18 	0.0703332768502 	0.000406389439196 	173.06866288 	12.3654255926 	34.3818287204 	-1.22066420407 	3.53263391458e-21
0.504 	0.0732217573222 	7.24875731022e-20 	0.0691985463439 	0.000407153124652 	169.957055845 	11.6047741239 	34.4045099491 	-1.22161465821 	4.39400413916e-21
0.504 	0.0746861924686 	-1.19250956947e-18 	0.0680893899404 	0.000407873379698 	166.93756771 	10.8376418735 	34.4273594769 	-1.22222655764 	7.25486126938e-23
0.504 	0.0761506276151 	-1.15709962935e-18 	0.0670068139865 	0.000408548238955 	164.012000536 	10.0641918748 	34.4503756465 	-1.22249135459 	-1.36014802e-20
0.504 	0.0776150627615 	1.045430923e-18 	0.0649244576492 	0.000409752311179 	158.448057224 	8.4990279189 	34.4968991218 	-1.22194559222 	-7.02372872166e-21
0.504 	0.0790794979079 	1.68769263291e-18 	0.0639256780849 	0.000410275517139 	155.811583715 	7.70767735548 	34.5204010634 	-1.22111809629 	-2.24616803228e-21
0.504 	0.0805439330544 	5.22452229107e-19 	0.0629554745747 	0.000410741021264 	153.272917278 	6.91073595527 	34.5440590242 	-1.21990963188 	4.0518970971e-21
0.504 	0.0820083682008 	3.68719692165e-19 	0.0620138208492 	0.000411143887742 	150.832403686 	6.10840444268 	34.5678696376 	-1.21831183419 	-5.28982341349e-21
0.504 	0.0834728033473 	1.99852967229e-18 	0.0611004964169 	0.000411478129095 	148.490264965 	5.30089123384 	34.591829439 	-1.21631638537 	6.13979329091e-21
0.504 	0.0849372384937 	1.70562378186e-18 	0.0602150982765 	0.000411736523883 	146.246676658 	4.4884124887 	34.6159349733 	-1.2139150181 	-3.62895529556e-21
0.504 	0.0864016736402 	-9.15508152527e-19 	0.0593570515122 	0.000411910427401 	144.101842448 	3.67119212647 	34.6401829088 	-1.21109951909 	3.1916430088e-21
0.504 	0.0878661087866 	-1.74689086189e-18 	0.0585256192162 	0.000411989598516 	142.056060218 	2.84946185879 	34.6645701733 	-1.20786173418 	-2.87190879399e-21
0.504 	0.0893305439331 	5.12441794621e-19 	0.0577199134787 	0.000411962076004 	140.109774275 	2.02346119019 	34.6890941449 	-1.2041935751 	1.65305513519e-21
0.504 	0.0907949790795 	-5.73409252857e-19 	0.056938908283 	0.000411814149069 	138.263603647 	1.19343743134 	34.7137530324 	-1.20008703471 	-6.38664499082e-22
0.504 	0.0922594142259 	7.54764428134e-19 	0.0561814509327 	0.000411530467769 	136.518326911 	0.359645668002 	34.7385467238 	-1.19553421887 	-4.96502110696e-22
0.504 	0.0937238493724 	-4.037030492e-19 	0.0554462599498 	0.000411094309356 	134.874793175 	-0.477651303952 	34.7634783423 	-1.19052739711 	-3.9863643064e-22
0.504 	0.0951882845188 	-1.41210265305e-18 	0.0547318882905 	0.000410487966907 	133.333721578 	-1.31818316756 	34.7885561912 	-1.18505904913 	6.12303323078e-22
0.504 	0.0966527196653 	4.226545521e-19 	0.0540366331306 	0.000409693208091 	131.895359902 	-2.1616723739 	34.8137946852 	-1.17912185496 	-1.99199756575e-21
0.504 	0.0981171548117 	-7.72017546496e-19 	0.0533584012425 	0.000408691824907 	130.559012906 	-3.00783447791 	34.839211907 	-1.17270857154 	-3.93475501955e-21
0.504 	0.0995815899582 	2.20209876756e-19 	0.0526945901384 	0.000407466451711 	129.322524387 	-3.85637823846 	34.86482181 	-1.16581178944 	2.94853483407e-22
0.504 	0.101046025105 	9.49881340188e-19 	0.0520420893013 	0.000406001944796 	128.181871955 	-4.70700517469 	34.8906216698 	-1.15842365739 	-1.94606331807e-21
0.504 	0.102510460251 	-2.01769170158e-18 	0.0513974929957 	0.000404287502004 	127.131045953 	-5.55940831256 	34.9165794872 	-1.15053573981 	1.25579758011e-20
0.504 	0.103974895397 	3.29441873509e-19 	0.0507575166219 	0.000402319257051 	126.162284634 	-6.41327028196 	34.9426290299 	-1.14213915056 	-2.28002067369e-21
0.504 	0.105439330544 	-1.99803934506e-19 	0.0501194574873 	0.000400102462095 	125.266556034 	-7.26826135897 	34.9686788675 	-1.13322496054 	7.81055810545e-21
0.504 	0.10690376569 	1.57921998511e-18 	0.0501194574873 	0.000400102462095 	125.266556034 	-7.26826135897 	34.9686788675 	-1.13322496054 	7.81055810545e-21
0.504 	0.108368200837 	4.96359029759e-19 	0.0494814410926 	0.000397652002346 	124.434029756 	-8.12403836734 	34.9946351434 	-1.12378468624 	-1.00796339016e-20
0.504 	0.109832635983 	2.56847766514e-19 	0.0488422496283 	0.000394990332526 	123.654291273 	-8.98024510721 	35.0204291981 	-1.11381058449 	-1.70376245749e-20
0.504 	0.11129707113 	1.45070228565e-18 	0.0482007492626 	0.00039214302802 	122.916246927 	-9.83651429094 	35.046036527 	-1.10329558748 	6.32763616762e-21
0.504 	0.112761506276 	2.20466018856e-19 	0.0475551877951 	0.000389133415653 	122.207926336 	-10.6924701579 	35.0714771949 	-1.09223295033 	1.40393209861e-20
0.504 	0.114225941423 	4.65709469582e-20 	0.0469027424729 	0.000385978336726 	121.516515333 	-11.5477305915 	35.0967981199 	-1.08061585999 	-7.54445329321e-21
0.504 	0.115690376569 	-8.36399275345e-19 	0.0469027424729 	0.000385978336726 	121.516515333 	-11.5477305915 	35.0967981199 	-1.08061585999 	-7.54445329321e-21
0.504 	0.117154811715 	-1.41506391953e-18 	0.046239575176 	0.000382686563772 	120.82884416 	-12.4019078997 	35.122047701 	-1.06843723951 	1.0865137063e-20
0.504 	0.118619246862 	-1.33943194042e-19 	0.0455613831955 	0.00037926008944 	120.132290384 	-13.2546082003 	35.1472561355 	-1.05568979966 	8.85138294196e-21
0.504 	0.120083682008 	-1.30225221007e-19 	0.0448641985561 	0.000375697273498 	119.415821516 	-14.105430048 	35.1724291309 	-1.04236620985 	-1.90912590645e-21
0.504 	0.121548117155 	-1.21516687367e-18 	0.0441451236305 	0.000371996366181 	118.670846395 	-14.9539631 	35.1975535844 	-1.02845922096 	-2.36043550885e-20
0.504 	0.123012552301 	7.00803537165e-19 	0.0441451236305 	0.000371996366181 	118.670846395 	-14.9539631 	35.1975535844 	-1.02845922096 	-2.36043550885e-20
0.504 	0.124476987448 	-2.22910498146e-19 	0.0434028000275 	0.000368158307798 	117.891676239 	-15.7997873134 	35.2226079357 	-1.0139616714 	4.6354582602e-21
0.504 	0.125941422594 	5.5006990469e-19 	0.0426375808264 	0.000364188456471 	117.075596628 	-16.6424726847 	35.2475702175 	-0.998866427456 	-7.22261648035e-21
0.504 	0.127405857741 	-1.59670187264e-19 	0.0418514877956 	0.000360097435274 	116.222676687 	-17.4815792708 	35.2724211554 	-0.983166342999 	9.30649021358e-21
0.504 	0.128870292887 	7.92733148849e-19 	0.0410480446581 	0.000355901387519 	115.335444304 	-18.3166572295 	35.2971437215 	-0.966854279434 	1.07349562655e-20
0.504 	0.130334728033 	-9.36402918003e-19 	0.0410480446581 	0.000355901387519 	115.335444304 	-18.3166572295 	35.2971437215 	-0.966854279434 	1.07349562655e-20
0.504 	0.13179916318 	5.46066352304e-19 	0.0402320307795 	0.000351621757745 	114.418490589 	-19.1472467853 	35.321721836 	-0.949923164761 	1.59797808876e-20
0.504 	0.133263598326 	-9.17742884424e-20 	0.0394091620801 	0.000347284565319 	113.478012027 	-19.972878131 	35.3461398184 	-0.932366044833 	-1.94248335022e-20
0.504 	0.134728033473 	-3.67327317389e-19 	0.0394091620801 	0.000347284565319 	113.478012027 	-19.972878131 	35.3461398184 	-0.932366044833 	-1.94248335022e-20
0.504 	0.136192468619 	-1.42638173624e-18 	0.0385857038375 	0.000342919141395 	112.521289073 	-20.7930713355 	35.3703826211 	-0.914176097635 	-4.36189036258e-21
0.504 	0.137656903766 	9.17430464046e-19 	0.0377680413547 	0.000338556420576 	111.556121991 	-21.6073362692 	35.3944361551 	-0.895346611016 	-8.07902340459e-21
0.504 	0.139121338912 	7.62012475781e-19 	0.0369622594386 	0.000334227031162 	110.590275449 	-22.4151725281 	35.4182872291 	-0.875870942276 	2.64595460124e-20
0.504 	0.140585774059 	-1.55175338996e-19 	0.0369622594386 	0.000334227031162 	110.590275449 	-22.4151725281 	35.4182872291 	-0.875870942276 	2.64595460124e-20
0.504 	0.142050209205 	8.47592092562e-19 	0.0361737899759 	0.000329959504636 	109.630998555 	-23.2160693287 	35.4419230835 	-0.855742476271 	-4.76040002954e-20
0.504 	0.143514644351 	-3.02769268439e-19 	0.0354071659925 	0.000325778849696 	108.684667607 	-24.0095053478 	35.4653307632 	-0.834954591887 	5.37711971661e-20
0.504 	0.144979079498 	-4.07371909703e-19 	0.0354071659925 	0.000325778849696 	108.684667607 	-24.0095053478 	35.4653307632 	-0.834954591887 	5.37711971661e-20
0.504 	0.146443514644 	3.32499824945e-19 	0.0346658965313 	0.000321705632924 	107.756573039 	-24.7949485046 	35.4884965865 	-0.813500639387 	4.84726201873e-21
0.504 	0.147907949791 	-3.92250410056e-19 	0.0339524559105 	0.000317755605594 	106.850847987 	-25.5718556905 	35.5114058628 	-0.79137392923 	-2.84151231184e-20
0.504 	0.149372384937 	6.87394048612e-19 	0.0339524559105 	0.000317755605594 	106.850847987 	-25.5718556905 	35.5114058628 	-0.79137392923 	-2.84151231184e-20
0.504 	0.150836820084 	1.29828809931e-18 	0.0332683653105 	0.000313939825051 	105.970516181 	-26.3396724547 	35.5340428796 	-0.768567728435 	2.33169536964e-20
0.504 	0.15230125523 	5.04992147875e-19 	0.0326143358742 	0.000310265153296 	105.117624483 	-27.0978326645 	35.5563910807 	-0.745075260365 	-9.5227816981e-21
0.504 	0.153765690377 	1.96861336758e-19 	0.0326143358742 	0.000310265153296 	105.117624483 	-27.0978326645 	35.5563910807 	-0.745075260365 	-9.5227816981e-21
0.504 	0.155230125523 	1.10874565421e-18 	0.0319904406074 	0.000306734981707 	104.293421081 	-27.8457581334 	35.5784333085 	-0.720889701899 	-3.5975405883e-20
0.504 	0.156694560669 	-1.00867045335e-18 	0.0319904406074 	0.000306734981707 	104.293421081 	-27.8457581334 	35.5784333085 	-0.720889701899 	-3.5975405883e-20
0.504 	0.158158995816 	-8.40872484569e-20 	0.0313962862412 	0.00030335003004 	103.498543373 	-28.582858231 	35.6001519901 	-0.696004175229 	7.16760846338e-21
0.504 	0.159623430962 	6.49127721212e-19 	0.0308311644956 	0.000300109097515 	102.733188534 	-29.3085294511 	35.6215292108 	-0.670411732206 	-1.23624337328e-21
0.504 	0.161087866109 	-5.06182586969e-19 	0.0308311644956 	0.000300109097515 	102.733188534 	-29.3085294511 	35.6215292108 	-0.670411732206 	-1.23624337328e-21
0.504 	0.162552301255 	8.51939445547e-19 	0.0302941735286 	0.000297009698764 	101.997253473 	-30.022154951 	35.6425466966 	-0.644105336089 	2.73427873057e-20
0.504 	0.164016736402 	-3.96627869233e-19 	0.0297843109175 	0.000294048574623 	101.290444804 	-30.7231040304 	35.6631857736 	-0.617077841122 	-3.77591906675e-20
0.504 	0.165481171548 	7.55235565039e-19 	0.0297843109175 	0.000294048574623 	101.290444804 	-30.7231040304 	35.6631857736 	-0.617077841122 	-3.77591906675e-20
0.504 	0.166945606695 	-4.211210498e-19 	0.029300541845 	0.000291222082567 	100.612362863 	-31.4107315877 	35.683427335 	-0.589321975819 	-1.03463138958e-20
0.504 	0.168410041841 	-2.98619675112e-19 	0.029300541845 	0.000291222082567 	100.612362863 	-31.4107315877 	35.683427335 	-0.589321975819 	-1.03463138958e-20
0.504 	0.169874476987 	-1.47720054262e-18 	0.0288418415466 	0.000288526451425 	99.9625559604 	-32.0843774749 	35.7032518156 	-0.560830318015 	2.70843320108e-20
0.504 	0.171338912134 	-6.31467595799e-19 	0.0284072162784 	0.00028595791896 	99.3405476644 	-32.7433658927 	35.7226391638 	-0.531595279416 	-1.21166448188e-20
0.504 	0.17280334728 	-5.01504813731e-19 	0.0284072162784 	0.00028595791896 	99.3405476644 	-32.7433658927 	35.7226391638 	-0.531595279416 	-1.21166448188e-20
0.504 	0.174267782427 	-1.19037601387e-19 	0.0279957150633 	0.000283512816135 	98.7458536971 	-33.3870045324 	35.7415688174 	-0.501609067587 	1.74082153617e-20
0.504 	0.175732217573 	-3.79379913331e-19 	0.0279957150633 	0.000283512816135 	98.7458536971 	-33.3870045324 	35.7415688174 	-0.501609067587 	1.74082153617e-20
0.504 	0.17719665272 	1.25406166894e-19 	0.0276064353064 	0.000281187624605 	98.1779882567 	-34.0145840101 	35.7600196775 	-0.47086368537 	-2.49320461408e-20
0.504 	0.178661087866 	3.23033414051e-19 	0.0276064353064 	0.000281187624605 	98.1779882567 	-34.0145840101 	35.7600196775 	-0.47086368537 	-2.49320461408e-20
0.504 	0.180125523013 	7.7408322258e-19 	0.027238524345 	0.000278978967913 	97.6364797272 	-34.6253765461 	35.7779700838 	-0.439350854957 	1.85529679337e-20
0.504 	0.181589958159 	-9.04917590763e-19 	0.027238524345 	0.000278978967913 	97.6364797272 	-34.6253765461 	35.7779700838 	-0.439350854957 	1.85529679337e-20
0.504 	0.183054393305 	-2.27734656746e-19 	0.0268911795403 	0.000276883634761 	97.1208701573 	-35.2186358236 	35.7953977838 	-0.407062075563 	1.42653059177e-20
0.504 	0.184518828452 	-5.89925093626e-19 	0.0265636469497 	0.000274898580856 	96.6307169247 	-35.7935944542 	35.8122799044 	-0.373988430356 	2.92064895269e-20
0.504 	0.185983263598 	-7.33321572052e-19 	0.0265636469497 	0.000274898580856 	96.6307169247 	-35.7935944542 	35.8122799044 	-0.373988430356 	2.92064895269e-20
0.504 	0.187447698745 	3.69203369192e-19 	0.0262552208295 	0.000273020933905 	96.1655960001 	-36.3494655229 	35.8285929083 	-0.340120841511 	-2.01643226902e-20
0.504 	0.188912133891 	-6.0038966426e-19 	0.0262552208295 	0.000273020933905 	96.1655960001 	-36.3494655229 	35.8285929083 	-0.340120841511 	-2.01643226902e-20
0.504 	0.190376569038 	-7.88977809201e-19 	0.0259652410532 	0.00027124798571 	95.72510183 	-36.8854365584 	35.844312567 	-0.305449515065 	2.58382265749e-20
0.504 	0.191841004184 	1.06219500268e-18 	0.0259652410532 	0.00027124798571 	95.72510183 	-36.8854365584 	35.844312567 	-0.305449515065 	2.58382265749e-20
0.504 	0.193305439331 	2.73893145279e-20 	0.0256930942815 	0.00026957720549 	95.3088531161 	-37.4006766227 	35.8594138905 	-0.269964814896 	-7.26247051066e-20
0.504 	0.194769874477 	-2.17396310445e-20 	0.0256930942815 	0.00026957720549 	95.3088531161 	-37.4006766227 	35.8594138905 	-0.269964814896 	-7.26247051066e-20
0.504 	0.196234309623 	7.8008206615e-19 	0.0254382089406 	0.000268006216935 	94.91648825 	-37.8943201465 	35.8738711198 	-0.233655625636 	8.6129908152e-20
0.504 	0.19769874477 	-4.95580799578e-19 	0.0254382089406 	0.000268006216935 	94.91648825 	-37.8943201465 	35.8738711198 	-0.233655625636 	8.6129908152e-20
0.504 	0.199163179916 	4.19668644673e-19 	0.0252000613996 	0.000266532840605 	94.5476787868 	-38.3654906833 	35.8876575989 	-0.196512063903 	-1.08389886036e-19
0.504 	0.200627615063 	2.22350061876e-20 	0.0252000613996 	0.000266532840605 	94.5476787868 	-38.3654906833 	35.8876575989 	-0.196512063903 	-1.08389886036e-19
0.504 	0.202092050209 	9.23808232995e-19 	0.024978163481 	0.000265155026687 	94.2021118479 	-38.8132558411 	35.9007458483 	-0.158520703919 	6.92248560572e-20
0.504 	0.203556485356 	4.21410584518e-19 	0.024978163481 	0.000265155026687 	94.2021118479 	-38.8132558411 	35.9007458483 	-0.158520703919 	6.92248560572e-20
0.504 	0.205020920502 	-1.18691835926e-19 	0.0247720822481 	0.000263870977611 	93.879525791 	-39.2366988814 	35.9131072837 	-0.119672560221 	-4.35748505801e-20
0.504 	0.206485355649 	1.11820684516e-18 	0.0247720822481 	0.000263870977611 	93.879525791 	-39.2366988814 	35.9131072837 	-0.119672560221 	-4.35748505801e-20
0.504 	0.207949790795 	-3.48536100852e-19 	0.0245814059414 	0.00026267895204 	93.5796558897 	-39.6347933439 	35.9247125273 	-0.079949503774 	9.21944875688e-20
0.504 	0.209414225941 	6.2069030164e-19 	0.0245814059414 	0.00026267895204 	93.5796558897 	-39.6347933439 	35.9247125273 	-0.079949503774 	9.21944875688e-20
0.504 	0.210878661088 	5.29248557575e-19 	0.0244058003225 	0.000261577604388 	93.3023313656 	-40.0066057455 	35.9355307086 	-0.0393467469208 	-1.26390679332e-20
0.504 	0.212343096234 	-1.3027620359e-20 	0.0244058003225 	0.000261577604388 	93.3023313656 	-40.0066057455 	35.9355307086 	-0.0393467469208 	-1.26390679332e-20
0.504 	0.213807531381 	-1.3072241394e-19 	0.0242449162076 	0.000260565438905 	93.0473216613 	-40.3509566357 	35.9455304208 	0.00216437896143 	-4.32020522588e-20
0.504 	0.215271966527 	-3.49334568704e-19 	0.0242449162076 	0.000260565438905 	93.0473216613 	-40.3509566357 	35.9455304208 	0.00216437896143 	-4.32020522588e-20
0.504 	0.216736401674 	1.0716763881e-18 	0.0240985409469 	0.000259641717794 	92.8145952494 	-40.6669650157 	35.9546779474 	0.0445758842659 	-5.7513706541e-20
0.504 	0.21820083682 	7.73967022491e-19 	0.0240985409469 	0.000259641717794 	92.8145952494 	-40.6669650157 	35.9546779474 	0.0445758842659 	-5.7513706541e-20
0.504 	0.219665271967 	-1.5909798591e-19 	0.0239663555433 	0.000258805011253 	92.6039083531 	-40.9531661687 	35.9629398748 	0.0879410174702 	1.19384294313e-20
0.504 	0.221129707113 	2.7117193735e-19 	0.0239663555433 	0.000258805011253 	92.6039083531 	-40.9531661687 	35.9629398748 	0.0879410174702 	1.19384294313e-20
0.504 	0.222594142259 	6.03359346748e-20 	0.0238483249072 	0.000258055540494 	92.4154732796 	-41.2089080117 	35.9702787044 	0.132218016486 	7.6063469589e-20
0.504 	0.224058577406 	-5.38740958971e-19 	0.0238483249072 	0.000258055540494 	92.4154732796 	-41.2089080117 	35.9702787044 	0.132218016486 	7.6063469589e-20
0.504 	0.225523012552 	-1.02211548042e-18 	0.0238483249072 	0.000258055540494 	92.4154732796 	-41.2089080117 	35.9702787044 	0.132218016486 	7.6063469589e-20
0.504 	0.226987447699 	1.57483848138e-18 	0.0237440829295 	0.000257391484542 	92.2489062594 	-41.4321447999 	35.9766594646 	0.177517501105 	-1.05547199364e-19
0.504 	0.228451882845 	3.00178402818e-19 	0.0237440829295 	0.000257391484542 	92.2489062594 	-41.4321447999 	35.9766594646 	0.177517501105 	-1.05547199364e-19
0.504 	0.229916317992 	1.12702321005e-19 	0.0236539009537 	0.00025681481121 	92.1048939595 	-41.6228660478 	35.9820392051 	0.223715173094 	3.06048480076e-20
0.504 	0.231380753138 	-1.10082211869e-19 	0.0236539009537 	0.00025681481121 	92.1048939595 	-41.6228660478 	35.9820392051 	0.223715173094 	3.06048480076e-20
0.504 	0.232845188285 	-5.91893478249e-20 	0.023577186501 	0.000256322225751 	91.9826067828 	-41.7778025978 	35.986382753 	0.271052643359 	7.41396105072e-20
0.504 	0.234309623431 	1.08562825366e-20 	0.023577186501 	0.000256322225751 	91.9826067828 	-41.7778025978 	35.986382753 	0.271052643359 	7.41396105072e-20
0.504 	0.235774058577 	-4.60617441682e-19 	0.0235148021787 	0.000255919168681 	91.8837080471 	-41.8984895771 	35.9896385713 	0.319215235717 	-3.43363375871e-20
0.504 	0.237238493724 	-5.67562567927e-20 	0.0235148021787 	0.000255919168681 	91.8837080471 	-41.8984895771 	35.9896385713 	0.319215235717 	-3.43363375871e-20
0.504 	0.23870292887 	-9.96703292295e-19 	0.0235148021787 	0.000255919168681 	91.8837080471 	-41.8984895771 	35.9896385713 	0.319215235717 	-3.43363375871e-20
0.504 	0.240167364017 	1.39069726645e-19 	0.0234655307451 	0.000255598449426 	91.8062327758 	-41.9790954827 	35.9917746538 	0.368733806146 	6.07418692403e-20
0.504 	0.241631799163 	9.59584893727e-19 	0.0234655307451 	0.000255598449426 	91.8062327758 	-41.9790954827 	35.9917746538 	0.368733806146 	6.07418692403e-20
0.504 	0.24309623431 	7.14600808603e-19 	0.0234314328544 	0.000255372647329 	91.7538863286 	-42.0245665858 	35.9927251005 	0.418875987147 	-1.11444709983e-20
0.504 	0.244560669456 	-8.24874179862e-19 	0.0234314328544 	0.000255372647329 	91.7538863286 	-42.0245665858 	35.9927251005 	0.418875987147 	-1.11444709983e-20
0.504 	0.246025104603 	1.65083934525e-18 	0.0234314328544 	0.000255372647329 	91.7538863286 	-42.0245665858 	35.9927251005 	0.418875987147 	-1.11444709983e-20
0.504 	0.247489539749 	1.25423509533e-19 	0.0234098188172 	0.000255225512543 	91.7220954282 	-42.0238527592 	35.9924677671 	0.470786773666 	-5.69511246343e-20
0.504 	0.248953974895 	-3.4315025003e-19 	0.0234098188172 	0.000255225512543 	91.7220954282 	-42.0238527592 	35.9924677671 	0.470786773666 	-5.69511246343e-20
0.504 	0.250418410042 	7.39490196703e-19 	0.0234051943352 	0.000255184281305 	91.7187932402 	-41.9889412745 	35.9909091623 	0.522859710437 	-1.17475204544e-20
0.504 	0.251882845188 	-4.18441276471e-19 	0.0234051943352 	0.000255184281305 	91.7187932402 	-41.9889412745 	35.9909091623 	0.522859710437 	-1.17475204544e-20
0.504 	0.253347280335 	2.4390193119e-20 	0.0234116751054 	0.00025521317356 	91.7338034664 	-41.8985736773 	35.9880511755 	0.577489596272 	5.3468999827e-20
0.504 	0.254811715481 	2.21419615967e-19 	0.0234116751054 	0.00025521317356 	91.7338034664 	-41.8985736773 	35.9880511755 	0.577489596272 	5.3468999827e-20
0.504 	0.256276150628 	1.00566297628e-19 	0.0234116751054 	0.00025521317356 	91.7338034664 	-41.8985736773 	35.9880511755 	0.577489596272 	5.3468999827e-20
0.504 	0.257740585774 	9.2633676879e-19 	0.0234386813312 	0.000255368908972 	91.7836138532 	-41.7784215209 	35.9837557523 	0.631324374431 	-9.81734507659e-20
0.504 	0.259205020921 	-5.86021699353e-19 	0.0234386813312 	0.000255368908972 	91.7836138532 	-41.7784215209 	35.9837557523 	0.631324374431 	-9.81734507659e-20
0.504 	0.260669456067 	3.36342386027e-19 	0.0234737572346 	0.000255575705757 	91.8465906807 	-41.5882166798 	35.9780808052 	0.68919000909 	6.88262651736e-20
0.504 	0.262133891213 	3.23574333637e-19 	0.0234737572346 	0.000255575705757 	91.8465906807 	-41.5882166798 	35.9780808052 	0.68919000909 	6.88262651736e-20
0.504 	0.26359832636 	2.77857173018e-19 	0.0234737572346 	0.000255575705757 	91.8465906807 	-41.5882166798 	35.9780808052 	0.68919000909 	6.88262651736e-20
0.504 	0.265062761506 	2.34895182934e-19 	0.0235358737228 	0.000255947415052 	91.9558953857 	-41.3786340073 	35.9707962197 	0.744413495104 	2.80931010868e-20
0.504 	0.266527196653 	1.12209426158e-18 	0.0235358737228 	0.000255947415052 	91.9558953857 	-41.3786340073 	35.9707962197 	0.744413495104 	2.80931010868e-20
0.504 	0.267991631799 	7.99661699258e-19 	0.0235358737228 	0.000255947415052 	91.9558953857 	-41.3786340073 	35.9707962197 	0.744413495104 	2.80931010868e-20
0.504 	0.269456066946 	-2.96119746195e-19 	0.0235996669532 	0.000256329855623 	92.0675701074 	-41.0760276697 	35.962065839 	0.806324327897 	2.46319837904e-20
0.504 	0.270920502092 	-8.35339401988e-19 	0.0235996669532 	0.000256329855623 	92.0675701074 	-41.0760276697 	35.962065839 	0.806324327897 	2.46319837904e-20
0.504 	0.272384937238 	7.08368216361e-19 	0.0237019690185 	0.000256942892265 	92.2460582956 	-40.7737601995 	35.951484772 	0.862247143187 	-3.94941246659e-20
0.504 	0.273849372385 	-5.43053110403e-20 	0.0237019690185 	0.000256942892265 	92.2460582956 	-40.7737601995 	35.951484772 	0.862247143187 	-3.94941246659e-20
0.504 	0.275313807531 	9.04196989061e-20 	0.0237019690185 	0.000256942892265 	92.2460582956 	-40.7737601995 	35.951484772 	0.862247143187 	-3.94941246659e-20
0.504 	0.276778242678 	6.00684670458e-19 	0.0237926716325 	0.000257481675559 	92.4053006136 	-40.3435195126 	35.9394529106 	0.929427474443 	-1.26634120313e-20
0.504 	0.278242677824 	-7.76268617516e-19 	0.0237926716325 	0.000257481675559 	92.4053006136 	-40.3435195126 	35.9394529106 	0.929427474443 	-1.26634120313e-20
0.504 	0.279707112971 	1.34170669826e-18 	0.0239393197782 	0.000258343510484 	92.664684061 	-39.945944643 	35.925208888 	0.984930604164 	-6.83400011008e-20
0.504 	0.281171548117 	6.89254709363e-20 	0.0239393197782 	0.000258343510484 	92.664684061 	-39.945944643 	35.925208888 	0.984930604164 	-6.83400011008e-20
0.504 	0.282635983264 	-5.90615623125e-19 	0.0239393197782 	0.000258343510484 	92.664684061 	-39.945944643 	35.925208888 	0.984930604164 	-6.83400011008e-20
0.504 	0.28410041841 	-1.60024030355e-19 	0.0240428848319 	0.000258917922002 	92.859098536 	-39.370842597 	35.9096565071 	1.05911774058 	2.18964405042e-20
0.504 	0.285564853556 	6.78763217021e-19 	0.0240428848319 	0.000258917922002 	92.859098536 	-39.370842597 	35.9096565071 	1.05911774058 	2.18964405042e-20
0.504 	0.287029288703 	-1.63330909276e-18 	0.0240428848319 	0.000258917922002 	92.859098536 	-39.370842597 	35.9096565071 	1.05911774058 	2.18964405042e-20
0.504 	0.288493723849 	1.21951896505e-18 	0.0242127444622 	0.000259809870133 	93.1940901621 	-38.8741297654 	35.8912114658 	1.11260465515 	5.61974717478e-20
0.504 	0.289958158996 	3.55166169254e-19 	0.0242127444622 	0.000259809870133 	93.1940901621 	-38.8741297654 	35.8912114658 	1.11260465515 	5.61974717478e-20
0.504 	0.291422594142 	-8.16624091799e-19 	0.0242127444622 	0.000259809870133 	93.1940901621 	-38.8741297654 	35.8912114658 	1.11260465515 	5.61974717478e-20
0.504 	0.292887029289 	1.34689196671e-18 	0.0242395154152 	0.000259657046071 	93.3520417876 	-38.137942238 	35.8718734633 	1.19601160221 	-4.47108977518e-20
0.504 	0.294351464435 	-2.26772765796e-19 	0.0242395154152 	0.000259657046071 	93.3520417876 	-38.137942238 	35.8718734633 	1.19601160221 	-4.47108977518e-20
0.504 	0.295815899582 	7.24401416908e-19 	0.0242395154152 	0.000259657046071 	93.3520417876 	-38.137942238 	35.8718734633 	1.19601160221 	-4.47108977518e-20
0.504 	0.297280334728 	1.26765196146e-19 	0.0242569341709 	0.000259028322997 	93.6458758267 	-37.531582108 	35.8482521952 	1.24559374215 	-5.00718427015e-21
0.504 	0.298744769874 	2.91577148854e-19 	0.0242569341709 	0.000259028322997 	93.6458758267 	-37.531582108 	35.8482521952 	1.24559374215 	-5.00718427015e-21
0.504 	0.300209205021 	9.93927401035e-19 	0.0238634120972 	0.000255353184657 	93.452572872 	-36.6275820925 	35.8253993391 	1.34049810586 	-2.47734233601e-20
0.504 	0.301673640167 	-8.36163671785e-19 	0.0238634120972 	0.000255353184657 	93.452572872 	-36.6275820925 	35.8253993391 	1.34049810586 	-2.47734233601e-20
0.504 	0.303138075314 	-2.71277149355e-19 	0.0238634120972 	0.000255353184657 	93.452572872 	-36.6275820925 	35.8253993391 	1.34049810586 	-2.47734233601e-20
0.504 	0.30460251046 	-7.21204850497e-20 	0.023366443915 	0.000250641019538 	93.2267350254 	-35.8808167971 	35.7958351614 	1.38480505486 	8.53748928173e-20
0.504 	0.306066945607 	3.67806590878e-20 	0.023366443915 	0.000250641019538 	93.2267350254 	-35.8808167971 	35.7958351614 	1.38480505486 	8.53748928173e-20
0.504 	0.307531380753 	7.12693638413e-19 	0.023366443915 	0.000250641019538 	93.2267350254 	-35.8808167971 	35.7958351614 	1.38480505486 	8.53748928173e-20
0.504 	0.3089958159 	7.90490576203e-19 	0.0225687955159 	0.00023418341408 	92.0582001517 	-34.8299467486 	35.7707696018 	1.49229068364 	-5.66570771332e-20
0.504 	0.310460251046 	-2.9009246094e-19 	0.0225687955159 	0.00023418341408 	92.0582001517 	-34.8299467486 	35.7707696018 	1.49229068364 	-5.66570771332e-20
0.504 	0.311924686192 	-1.04602066199e-19 	0.0225687955159 	0.00023418341408 	92.0582001517 	-34.8299467486 	35.7707696018 	1.49229068364 	-5.66570771332e-20
0.504 	0.313389121339 	1.35403697733e-19 	0.0221044518058 	0.000201315774923 	91.9818746097 	-33.8689893659 	35.7320717166 	1.53232950437 	-1.34546136072e-20
0.504 	0.314853556485 	-8.19855963432e-20 	0.0221044518058 	0.000201315774923 	91.9818746097 	-33.8689893659 	35.7320717166 	1.53232950437 	-1.34546136072e-20
0.504 	0.316317991632 	-1.38500081942e-19 	0.0221044518058 	0.000201315774923 	91.9818746097 	-33.8689893659 	35.7320717166 	1.53232950437 	-1.34546136072e-20
0.504 	0.317782426778 	4.94574673456e-19 	0.0216804319229 	0.000178120832758 	91.9992816004 	-32.739985297 	35.7074185548 	1.64961909213 	3.22740707894e-20
0.504 	0.319246861925 	-7.09257781819e-19 	0.0216804319229 	0.000178120832758 	91.9992816004 	-32.739985297 	35.7074185548 	1.64961909213 	3.22740707894e-20
0.504 	0.320711297071 	3.7740224245e-21 	0.0216804319229 	0.000178120832758 	91.9992816004 	-32.739985297 	35.7074185548 	1.64961909213 	3.22740707894e-20
0.504 	0.322175732218 	-1.15802391375e-18 	0.0215813099242 	0.000172164712091 	93.2505961322 	-31.4153715653 	35.6569895011 	1.69213431257 	3.12377151475e-20
0.504 	0.323640167364 	3.08816641965e-19 	0.0215813099242 	0.000172164712091 	93.2505961322 	-31.4153715653 	35.6569895011 	1.69213431257 	3.12377151475e-20
0.504 	0.32510460251 	5.30316132712e-19 	0.0215813099242 	0.000172164712091 	93.2505961322 	-31.4153715653 	35.6569895011 	1.69213431257 	3.12377151475e-20
0.504 	0.326569037657 	4.72436908461e-19 	0.0214837014884 	0.000156018208045 	94.7672197837 	-30.3657385036 	35.6297823507 	1.80789494485 	-1.20754101521e-20
0.504 	0.328033472803 	-3.58361708222e-19 	0.0214837014884 	0.000156018208045 	94.7672197837 	-30.3657385036 	35.6297823507 	1.80789494485 	-1.20754101521e-20
0.504 	0.32949790795 	2.52771132344e-19 	0.0214837014884 	0.000156018208045 	94.7672197837 	-30.3657385036 	35.6297823507 	1.80789494485 	-1.20754101521e-20
0.504 	0.330962343096 	1.23988189353e-19 	0.0214837014884 	0.000156018208045 	94.7672197837 	-30.3657385036 	35.6297823507 	1.80789494485 	-1.20754101521e-20
0.504 	0.332426778243 	4.46472210986e-19 	0.0212243918815 	0.000176830821182 	95.2285285147 	-28.4580560375 	35.5612493004 	1.87079012345 	-1.47938498161e-20
0.504 	0.333891213389 	2.98641116764e-19 	0.0212243918815 	0.000176830821182 	95.2285285147 	-28.4580560375 	35.5612493004 	1.87079012345 	-1.47938498161e-20
0.504 	0.335355648536 	7.79722453555e-19 	0.0212243918815 	0.000176830821182 	95.2285285147 	-28.4580560375 	35.5612493004 	1.87079012345 	-1.47938498161e-20
0.504 	0.336820083682 	-4.68505828622e-19 	0.0211326767311 	0.000160600620114 	95.8884023782 	-27.7152814597 	35.7503557272 	1.97004751207 	-3.85517835642e-21
0.504 	0.338284518828 	5.52933839158e-19 	0.0211326767311 	0.000160600620114 	95.8884023782 	-27.7152814597 	35.7503557272 	1.97004751207 	-3.85517835642e-21
0.504 	0.339748953975 	-1.42571452446e-19 	0.0211326767311 	0.000160600620114 	95.8884023782 	-27.7152814597 	35.7503557272 	1.97004751207 	-3.85517835642e-21
0.504 	0.341213389121 	-8.91481456376e-20 	0.0208226014823 	0.000218824098549 	95.1568022916 	-24.8873057443 	35.1859164763 	2.06307487548 	1.35482856247e-20
0.504 	0.342677824268 	-4.02856147627e-19 	0.0208226014823 	0.000218824098549 	95.1568022916 	-24.8873057443 	35.1859164763 	2.06307487548 	1.35482856247e-20
0.504 	0.344142259414 	-2.47197727678e-19 	0.0208226014823 	0.000218824098549 	95.1568022916 	-24.8873057443 	35.1859164763 	2.06307487548 	1.35482856247e-20
