0.273 	0.0424686192469 	1.21346611385e-18 	13.0161727633 	0.000167434728364 	73561.6669977 	-480.922741596 	21.9729900797 	-6.96841668201 	-2.46157562545e-17
0.273 	0.0439330543933 	1.96159205297e-18 	4.14186274782 	0.000192899904629 	21471.5645183 	-480.385607251 	37.9485702627 	-11.6734222478 	2.12331726262e-17
0.273 	0.0453974895397 	2.68130075687e-18 	0.262209672469 	0.000161807219944 	1620.50662857 	-477.005237673 	40.534281706 	-12.0552127266 	-9.26335627642e-18
0.273 	0.0468619246862 	-1.27677849606e-18 	0.223809701844 	0.000152677749952 	567.781065944 	-473.200191537 	40.9365270443 	-11.7327606292 	2.71646447718e-17
0.273 	0.0483263598326 	-4.44987329493e-19 	0.224567948811 	0.00016430361164 	540.625052385 	-469.715356385 	41.2921523589 	-11.463141296 	2.10268089425e-17
0.273 	0.0497907949791 	2.12735650628e-18 	0.224959241811 	0.000170454626075 	531.566337633 	-466.710804585 	41.5107022345 	-11.2260513666 	7.55977850614e-19
0.273 	0.0512552301255 	1.95114955324e-19 	0.224190865075 	0.000178711051685 	516.672367234 	-462.660624448 	41.7488663721 	-10.9147786384 	-1.49898907777e-17
0.273 	0.052719665272 	-1.84131055688e-18 	0.223188514032 	0.000184528790089 	503.702184182 	-459.169067706 	41.9180991858 	-10.6565234069 	-1.62549392291e-17
0.273 	0.0541841004184 	-1.98366696152e-18 	0.222081054168 	0.000190644705784 	490.073142243 	-455.443482398 	42.0789411302 	-10.3913457902 	-2.1233157761e-17
0.273 	0.0556485355649 	-1.48465622457e-18 	0.221217550806 	0.000196148822373 	479.272003345 	-452.49220784 	42.1922765971 	-10.1879486272 	6.49406451266e-18
0.273 	0.0571129707113 	6.83138890886e-19 	0.220082552983 	0.000204412062053 	464.559166149 	-448.339219347 	42.3299122931 	-9.91094300382 	-7.81511078662e-18
0.273 	0.0585774058577 	-5.57999082302e-19 	0.219285618046 	0.000211816803234 	453.696927576 	-445.058272761 	42.4238949185 	-9.69892678602 	-1.69535856389e-18
0.273 	0.0600418410042 	1.97875334733e-18 	0.218367444758 	0.00022386755219 	440.062306726 	-440.457112615 	42.536445808 	-9.41078956118 	-1.41981469733e-17
0.273 	0.0615062761506 	2.78330990589e-18 	0.217847437397 	0.000235046553001 	430.754181809 	-436.833643387 	42.6111383469 	-9.19073463611 	-1.45351469972e-17
0.273 	0.0629707112971 	1.34380137472e-18 	0.21753152228 	0.000248532528604 	422.302919374 	-433.060503442 	42.6773437522 	-8.967420785 	-3.63161255373e-18
0.273 	0.0644351464435 	3.44505314752e-19 	0.21746780579 	0.000263652364837 	414.641453194 	-429.136902104 	42.7349734416 	-8.74098181017 	-1.26469214511e-17
0.273 	0.06589958159 	-6.98340825377e-19 	0.217707512146 	0.000282621196923 	407.646282801 	-425.062396266 	42.7839841626 	-8.51157695444 	-4.97841630273e-19
0.273 	0.0673640167364 	1.05017497063e-18 	0.218054029795 	0.00029718101517 	403.290304162 	-422.262460627 	42.8118519644 	-8.35708051789 	-1.40238442038e-17
0.273 	0.0688284518828 	1.60115458123e-19 	0.218872441826 	0.000322173211019 	397.128212996 	-417.938095364 	42.8464119879 	-8.12313514374 	1.74303269998e-18
0.273 	0.0702928870293 	-1.66382499792e-19 	0.21962375377 	0.000341098321372 	393.224138345 	-414.973068471 	42.8646240134 	-7.96579241512 	-3.49858468275e-18
0.273 	0.0717573221757 	-2.11664168232e-18 	0.221059191664 	0.000373173075225 	387.614825416 	-410.404422828 	42.8847106391 	-7.72787128354 	5.12320551485e-18
0.273 	0.0732217573222 	-2.05632852985e-18 	0.222215641699 	0.000397177797627 	384.01412998 	-407.279396369 	42.8933067081 	-7.56809015622 	9.29580524517e-18
0.273 	0.0746861924686 	-1.63091222304e-18 	0.223522555797 	0.000423421581545 	380.502927535 	-404.092371031 	42.8980464352 	-7.4074562096 	-1.22859462576e-18
0.273 	0.0761506276151 	-1.84936652819e-18 	0.225705096959 	0.000467197047785 	375.318002943 	-399.198860571 	42.897966605 	-7.16507569994 	-3.5137279501e-18
0.273 	0.0776150627615 	1.09233622909e-18 	0.227201443529 	0.00049925738851 	371.775034015 	-395.863479002 	42.8932165316 	-7.00266487104 	-1.39300816704e-19
0.273 	0.0790794979079 	3.15899853355e-19 	0.228569859098 	0.000533666585138 	367.956060091 	-392.472104113 	42.8851082292 	-6.83971985741 	-5.38599610882e-18
0.273 	0.0805439330544 	5.22003033785e-19 	0.229659847704 	0.00056667056423 	363.704800745 	-389.026762729 	42.8750809103 	-6.67646507505 	-1.20532240856e-18
0.273 	0.0820083682008 	2.22623697443e-18 	0.230477820039 	0.000608939099905 	359.123290421 	-385.528249459 	42.8667862924 	-6.51339463034 	1.07627476533e-18
0.273 	0.0834728033473 	1.12922794526e-18 	0.231123630893 	0.000651796603135 	354.594715255 	-381.979506375 	42.8640808366 	-6.35111066776 	-1.43946350042e-18
0.273 	0.0849372384937 	1.00769799921e-18 	0.231354353498 	0.000660214278847 	350.423129142 	-378.385042605 	42.8663407963 	-6.1899101802 	-1.83537492817e-18
0.273 	0.0864016736402 	2.67215133796e-18 	0.230964610004 	0.000666233041685 	346.672403729 	-374.741860803 	42.870340092 	-6.02955364598 	-3.10301223142e-18
0.273 	0.0878661087866 	-4.76170938142e-19 	0.23051990556 	0.000668224168902 	344.973911882 	-372.902621835 	42.8728486493 	-5.94968153653 	8.63723382524e-19
0.273 	0.0893305439331 	-5.8235782699e-19 	0.229247119851 	0.000670319566577 	341.996759877 	-369.189184141 	42.8783697265 	-5.79046146294 	1.38694800775e-18
0.273 	0.0907949790795 	3.26773227665e-19 	0.227642544279 	0.000670389810927 	339.567428635 	-365.431272924 	42.8816233324 	-5.6316542453 	-5.79813206002e-19
0.273 	0.0922594142259 	4.40906024611e-19 	0.226752418294 	0.000669850786773 	338.511833935 	-363.536413536 	42.8812164974 	-5.55236927021 	-2.55284307556e-18
0.273 	0.0937238493724 	6.99755754845e-19 	0.224801354419 	0.000667891213946 	336.583787486 	-359.717131678 	42.8751751172 	-5.39410131251 	-7.38704686105e-19
0.273 	0.0951882845188 	-1.78013115357e-19 	0.222576976941 	0.000664942269532 	334.731279902 	-355.862215848 	42.8621260051 	-5.23634865257 	-3.82858893205e-18
0.273 	0.0966527196653 	-2.95527480349e-19 	0.22134685614 	0.00066314006263 	333.78598069 	-353.922714222 	42.8532963166 	-5.15770856942 	-1.40357965529e-18
0.273 	0.0981171548117 	7.50956146263e-19 	0.218670727349 	0.00065900148849 	331.821295047 	-350.022097947 	42.8322046055 	-5.0009970605 	1.48633933302e-18
0.273 	0.0995815899582 	-4.16035157616e-19 	0.217253660297 	0.000656737692668 	330.807356913 	-348.061948531 	42.8204110125 	-4.9229663569 	-4.21297231593e-18
0.273 	0.101046025105 	3.38926565487e-19 	0.21435329906 	0.000652017209254 	328.754051301 	-344.12432693 	42.7950245595 	-4.76765017573 	3.0238167871e-18
0.273 	0.102510460251 	4.04838958867e-19 	0.212901194162 	0.000649624342341 	327.729705132 	-342.147812868 	42.7815180399 	-4.69039616124 	-2.36701505245e-18
0.273 	0.103974895397 	7.0147044324e-19 	0.210042084366 	0.000644873997146 	325.710270992 	-338.181844244 	42.7529146189 	-4.53676311565 	3.81847851989e-18
0.273 	0.105439330544 	2.45710182131e-18 	0.208644916804 	0.000642537432412 	324.720251738 	-336.193405625 	42.7378328421 	-4.46040829715 	-8.45143571209e-19
0.273 	0.10690376569 	-1.25785794472e-19 	0.20727259796 	0.00064023395539 	323.745087581 	-334.202031685 	42.7222480536 	-4.38437674466 	-1.68931660764e-19
0.273 	0.108368200837 	9.67749138914e-19 	0.204606225369 	0.00063573598404 	321.841504187 	-330.212633908 	42.6896267171 	-4.23332984841 	8.46775220399e-19
0.273 	0.109832635983 	7.69689356573e-19 	0.203312896063 	0.000633544017648 	320.913607262 	-328.215704741 	42.6726181574 	-4.15833747548 	4.52238877371e-19
0.273 	0.11129707113 	-9.41847670247e-20 	0.202046240049 	0.000631390943145 	320.001802753 	-326.218031122 	42.6551628572 	-4.08371401565 	-1.61665325824e-18
0.273 	0.112761506276 	-1.2292906596e-18 	0.199592614665 	0.000627202760592 	318.226620171 	-322.222722782 	42.618969932 	-3.9356164748 	2.36233255581e-18
0.273 	0.114225941423 	-6.63063759508e-19 	0.198405372103 	0.000625168060793 	317.363257252 	-320.226241771 	42.6002631155 	-3.86216285904 	-2.41689102519e-18
0.273 	0.115690376569 	-7.05059348637e-19 	0.197244310474 	0.00062317316744 	316.516051685 	-318.231323527 	42.5811712494 	-3.78911905159 	-1.85187201115e-18
0.273 	0.117154811715 	-1.46278042637e-18 	0.196109291859 	0.000621218240015 	315.685018931 	-316.238562234 	42.5617115253 	-3.71649435507 	1.03573796446e-19
0.273 	0.118619246862 	-1.45828682193e-18 	0.193916909373 	0.000617428997347 	314.071593991 	-312.261922335 	42.5217590928 	-3.57253755771 	-5.90585000619e-19
0.273 	0.120083682008 	-4.26984914408e-19 	0.192859332673 	0.000615595053442 	313.289282613 	-310.279267133 	42.5013019561 	-3.50122213515 	2.4593290842e-19
0.273 	0.121548117155 	6.06414882171e-19 	0.191827352394 	0.000613801792307 	312.523284876 	-308.30121535 	42.4805477103 	-3.43035921863 	-4.17543707557e-21
0.273 	0.123012552301 	8.13596271713e-19 	0.190820834713 	0.000612049334334 	311.773616943 	-306.328395197 	42.4595135892 	-3.35995628923 	-7.59189168227e-19
0.273 	0.124476987448 	1.04758935149e-18 	0.189839610443 	0.000610337718552 	311.040272741 	-304.361440769 	42.4382164244 	-3.29002052678 	-1.82208158212e-19
0.273 	0.125941422594 	-2.16521706766e-19 	0.188883465657 	0.000608666895562 	310.323211324 	-302.400991584 	42.4166727027 	-3.22055881961 	1.45347370418e-18
0.273 	0.127405857741 	5.41330841376e-19 	0.187952138367 	0.000607036723513 	309.622352466 	-300.447692194 	42.3948987222 	-3.1515777551 	-1.26721858375e-18
0.273 	0.128870292887 	3.82660494285e-20 	0.187045321221 	0.000605446961691 	308.937583398 	-298.502192026 	42.3729108127 	-3.08308358853 	1.44251890414e-18
0.273 	0.130334728033 	1.48055775788e-19 	0.185303815141 	0.000602387318746 	307.615730568 	-294.637211876 	42.3283601435 	-2.9475790354 	-1.03941738774e-18
0.273 	0.13179916318 	1.4395596544e-18 	0.184468378447 	0.000600916641295 	306.978315743 	-292.719056307 	42.3058322537 	-2.88057908634 	-7.27299829222e-19
0.273 	0.133263598326 	-1.84738749494e-20 	0.183655983621 	0.000599484831811 	306.356347776 	-290.811349195 	42.2831603264 	-2.81408684505 	1.99898213891e-18
0.273 	0.134728033473 	-4.53021229218e-19 	0.182866265608 	0.000598091474418 	305.749661097 	-288.914766647 	42.2603633312 	-2.74810630256 	-2.51010660448e-18
0.273 	0.136192468619 	-1.27788201923e-18 	0.182098872885 	0.000596736166306 	305.158096939 	-287.029990504 	42.2374606316 	-2.6826409419 	1.88647993464e-18
0.273 	0.137656903766 	7.85571146759e-19 	0.181353465088 	0.000595418514333 	304.581501452 	-285.157708572 	42.2144718168 	-2.61769373752 	-6.55225189631e-19
0.273 	0.139121338912 	3.33674662526e-19 	0.180629707846 	0.000594138126151 	304.019721838 	-283.298614876 	42.1914165676 	-2.55326715535 	-3.20369222182e-20
0.273 	0.140585774059 	7.14444857888e-19 	0.179927266932 	0.000592894599759 	303.472602052 	-281.453409759 	42.1683145782 	-2.48936315478 	6.62728398395e-19
0.273 	0.142050209205 	6.22502338169e-19 	0.179245803433 	0.000591687514648 	302.939979288 	-279.622799797 	42.1451855348 	-2.42598319101 	1.04767154517e-18
0.273 	0.143514644351 	-5.36295666513e-19 	0.178584970913 	0.000590516426451 	302.421681961 	-277.807497596 	42.122049139 	-2.36312821665 	-6.3401381652e-19
0.273 	0.144979079498 	8.52681077676e-19 	0.178584970913 	0.000590516426451 	302.421681961 	-277.807497596 	42.122049139 	-2.36312821665 	-6.3401381652e-19
0.273 	0.146443514644 	-5.68073746119e-19 	0.177944414874 	0.000589380865811 	301.917529387 	-276.008221606 	42.0989251547 	-2.30079868118 	-1.90772165515e-18
0.273 	0.147907949791 	2.98708745096e-19 	0.177323773976 	0.000588280340624 	301.427332737 	-274.22569612 	42.0758334511 	-2.23899452676 	9.80146536225e-19
0.273 	0.149372384937 	-3.24268755508e-19 	0.17672268197 	0.000587214339759 	300.950896468 	-272.460651492 	42.0527940224 	-2.17771518015 	-1.25629947096e-18
0.273 	0.150836820084 	7.74452507906e-19 	0.176140769495 	0.00058618233662 	300.488019668 	-270.713824514 	42.0298269873 	-2.11695954272 	1.99777767091e-18
0.273 	0.15230125523 	8.73672728505e-20 	0.175577665379 	0.000585183791797 	300.038497034 	-268.985958798 	42.0069525836 	-2.05672598173 	-8.05766299726e-19
0.273 	0.153765690377 	-8.89288207041e-19 	0.175032997431 	0.000584218154794 	299.602119508 	-267.277805071 	41.9841911652 	-1.9970123244 	8.06802362961e-19
0.273 	0.155230125523 	-2.17956787099e-19 	0.17450639303 	0.000583284865368 	299.178674762 	-265.590121443 	41.9615632021 	-1.93781585448 	3.03510387573e-19
0.273 	0.156694560669 	1.23776788171e-19 	0.173997479676 	0.00058238335486 	298.767947648 	-263.92367374 	41.9390892809 	-1.87913331028 	-1.26481799176e-18
0.273 	0.158158995816 	9.56428908846e-21 	0.173997479676 	0.00058238335486 	298.767947648 	-263.92367374 	41.9390892809 	-1.87913331028 	-1.26481799176e-18
0.273 	0.159623430962 	1.78774614414e-18 	0.173505885503 	0.000581513047445 	298.36972062 	-262.279235981 	41.9167900977 	-1.82096088353 	-2.61350096804e-19
0.273 	0.161087866109 	-1.03117341057e-18 	0.173031239636 	0.000580673361075 	297.983774072 	-260.657590922 	41.894686453 	-1.76329421476 	-7.04784329272e-19
0.273 	0.162552301255 	1.02889347177e-18 	0.172573172437 	0.000579863708166 	297.609886611 	-259.059530635 	41.8727992577 	-1.70612838446 	7.99738629754e-19
0.273 	0.164016736402 	7.85155996691e-19 	0.172131315822 	0.000579083496419 	297.247835393 	-257.485857096 	41.8511495498 	-1.64945790566 	1.42014293096e-18
0.273 	0.165481171548 	-2.67839958168e-19 	0.172131315822 	0.000579083496419 	297.247835393 	-257.485857096 	41.8511495498 	-1.64945790566 	1.42014293096e-18
0.273 	0.166945606695 	-2.68122847254e-19 	0.171705303855 	0.000578332130179 	296.89739666 	-255.937382804 	41.8297585082 	-1.59327672201 	3.71579523372e-19
0.273 	0.168410041841 	6.85003377596e-19 	0.17129477346 	0.000577609012044 	296.558346369 	-254.414931464 	41.8086474564 	-1.53757821002 	-1.70918671896e-18
0.273 	0.169874476987 	6.79789074027e-19 	0.170899364994 	0.000576913544204 	296.230460718 	-252.919338718 	41.7878378609 	-1.48235517705 	-9.42690280514e-20
0.273 	0.171338912134 	4.53759680161e-21 	0.170518722628 	0.000576245129416 	295.913516528 	-251.451452946 	41.7673513401 	-1.42759985496 	1.50932488469e-18
0.273 	0.17280334728 	1.400207392e-19 	0.170518722628 	0.000576245129416 	295.913516528 	-251.451452946 	41.7673513401 	-1.42759985496 	1.50932488469e-18
0.273 	0.174267782427 	-5.09048631317e-19 	0.170152494705 	0.000575603171956 	295.607291611 	-250.012136129 	41.7472096786 	-1.37330389428 	-1.21732915928e-18
0.273 	0.175732217573 	1.73021222712e-19 	0.169800334163 	0.00057498707867 	295.311565184 	-248.602264769 	41.7274348401 	-1.31945836201 	4.16837672101e-19
0.273 	0.17719665272 	-5.79238142322e-19 	0.169800334163 	0.00057498707867 	295.311565184 	-248.602264769 	41.7274348401 	-1.31945836201 	4.16837672101e-19
0.273 	0.178661087866 	-1.16040585493e-18 	0.169461898942 	0.000574396259951 	295.026118304 	-247.222730887 	41.7080489761 	-1.266053739 	-5.88235833683e-19
0.273 	0.180125523013 	3.43812517304e-19 	0.169136852355 	0.000573830130599 	294.750734295 	-245.874443084 	41.689074442 	-1.21307991451 	8.6927872299e-19
0.273 	0.181589958159 	2.12591548906e-19 	0.168824863507 	0.000573288110711 	294.485199243 	-244.558327674 	41.6705338203 	-1.16052618036 	-9.52566801724e-19
0.273 	0.183054393305 	2.69768678092e-19 	0.168824863507 	0.000573288110711 	294.485199243 	-244.558327674 	41.6705338203 	-1.16052618036 	-9.52566801724e-19
0.273 	0.184518828452 	-8.55395375285e-19 	0.168525607795 	0.000572769626651 	294.22930259 	-243.275329915 	41.6524499442 	-1.10838122619 	5.12393623521e-19
0.273 	0.185983263598 	5.90996162648e-19 	0.16823876735 	0.000572274111428 	293.982837927 	-242.026415289 	41.634845916 	-1.05663313373 	-1.21303095445e-19
0.273 	0.187447698745 	6.49897792937e-19 	0.16823876735 	0.000572274111428 	293.982837927 	-242.026415289 	41.634845916 	-1.05663313373 	-1.21303095445e-19
0.273 	0.188912133891 	1.071891783e-18 	0.167964031246 	0.000571800991929 	293.745610129 	-240.812570884 	41.6177451326 	-1.00526936798 	3.55379357696e-19
0.273 	0.190376569038 	5.99504380905e-19 	0.167701096314 	0.000571349721695 	293.517420148 	-239.634806866 	41.6011713252 	-0.954276768433 	3.06810434997e-19
0.273 	0.191841004184 	4.8467747645e-19 	0.167701096314 	0.000571349721695 	293.517420148 	-239.634806866 	41.6011713252 	-0.954276768433 	3.06810434997e-19
0.273 	0.193305439331 	-6.91441040932e-19 	0.16744966783 	0.000570919771342 	293.298071349 	-238.494158065 	41.5851485949 	-0.903641543028 	-5.45882836826e-19
0.273 	0.194769874477 	-7.68621073694e-19 	0.167209459974 	0.000570510625994 	293.087371831 	-237.391685708 	41.5697014398 	-0.853349256644 	2.92355594441e-19
0.273 	0.196234309623 	2.23899092977e-20 	0.167209459974 	0.000570510625994 	293.087371831 	-237.391685708 	41.5697014398 	-0.853349256644 	2.92355594441e-19
0.273 	0.19769874477 	-8.06782462823e-19 	0.166980196176 	0.000570121782698 	292.885136551 	-236.32847929 	41.5548547952 	-0.803384813949 	3.18629117232e-19
0.273 	0.199163179916 	1.81006310166e-19 	0.166761609618 	0.000569752750745 	292.691188238 	-235.305658538 	41.5406340941 	-0.753732437156 	-1.60797389398e-19
0.273 	0.200627615063 	5.966036551e-19 	0.166761609618 	0.000569752750745 	292.691188238 	-235.305658538 	41.5406340941 	-0.753732437156 	-1.60797389398e-19
0.273 	0.202092050209 	8.95757452544e-19 	0.166553444083 	0.000569403054198 	292.505357769 	-234.324375589 	41.5270653244 	-0.704375661473 	2.65500833989e-19
0.273 	0.203556485356 	1.57433305324e-18 	0.166355454734 	0.000569072234438 	292.327484398 	-233.385817003 	41.5141750762 	-0.65529729305 	-6.41554374466e-19
0.273 	0.205020920502 	1.08303206407e-19 	0.166355454734 	0.000569072234438 	292.327484398 	-233.385817003 	41.5141750762 	-0.65529729305 	-6.41554374466e-19
0.273 	0.206485355649 	-9.89546452524e-19 	0.166167408952 	0.000568759852437 	292.157416245 	-232.491206536 	41.5019905837 	-0.60647942775 	2.20534967418e-19
0.273 	0.207949790795 	-1.75325208571e-19 	0.166167408952 	0.000568759852437 	292.157416245 	-232.491206536 	41.5019905837 	-0.60647942775 	2.20534967418e-19
0.273 	0.209414225941 	-3.31240123925e-19 	0.165989086895 	0.000568465490164 	291.99501072 	-231.641807125 	41.4905398134 	-0.557903350388 	-2.06195930364e-19
0.273 	0.210878661088 	5.51852821974e-20 	0.165820282498 	0.000568188752649 	291.840135386 	-230.838924151 	41.4798515298 	-0.50954956756 	-1.20620915837e-19
0.273 	0.212343096234 	4.37930030257e-19 	0.165820282498 	0.000568188752649 	291.840135386 	-230.838924151 	41.4798515298 	-0.50954956756 	-1.20620915837e-19
0.273 	0.213807531381 	1.46775355233e-19 	0.165660804581 	0.000567929270204 	291.692668916 	-230.083907971 	41.469955396 	-0.461397727155 	2.4857219444e-19
0.273 	0.215271966527 	-3.01059383929e-19 	0.165660804581 	0.000567929270204 	291.692668916 	-230.083907971 	41.469955396 	-0.461397727155 	2.4857219444e-19
0.273 	0.216736401674 	-6.95562871265e-19 	0.165510477951 	0.000567686700668 	291.552502034 	-229.378157067 	41.4608820419 	-0.413426586936 	-2.73217773237e-19
0.273 	0.21820083682 	-1.21112275025e-19 	0.165369144521 	0.000567460731615 	291.419538495 	-228.72312125 	41.4526631429 	-0.365613949422 	5.48842849204e-19
0.273 	0.219665271967 	2.25465748107e-19 	0.165369144521 	0.000567460731615 	291.419538495 	-228.72312125 	41.4526631429 	-0.365613949422 	5.48842849204e-19
0.273 	0.221129707113 	-3.23786790925e-19 	0.165236664879 	0.000567251083331 	291.293696451 	-228.120305746 	41.4453315406 	-0.317936665432 	-1.50585246555e-19
0.273 	0.222594142259 	-3.6470917006e-20 	0.165236664879 	0.000567251083331 	291.293696451 	-228.120305746 	41.4453315406 	-0.317936665432 	-1.50585246555e-19
0.273 	0.224058577406 	2.40285198553e-19 	0.165112918942 	0.000567057510026 	291.17490911 	-227.571272935 	41.4389213516 	-0.270370334698 	-2.66292602566e-19
0.273 	0.225523012552 	1.43948320595e-19 	0.165112918942 	0.000567057510026 	291.17490911 	-227.571272935 	41.4389213516 	-0.270370334698 	-2.66292602566e-19
0.273 	0.226987447699 	-3.26319947489e-19 	0.164997809594 	0.000566879806699 	291.063127746 	-227.077651216 	41.4334680662 	-0.222889815404 	9.41108382575e-20
0.273 	0.228451882845 	-1.0456817818e-19 	0.16489126003 	0.000566717803988 	290.958319767 	-226.641123635 	41.4290087234 	-0.17546755443 	-5.54734293547e-20
0.273 	0.229916317992 	4.48422672447e-19 	0.16489126003 	0.000566717803988 	290.958319767 	-226.641123635 	41.4290087234 	-0.17546755443 	-5.54734293547e-20
0.273 	0.231380753138 	-1.56582355505e-19 	0.16479322522 	0.00056657138981 	290.860477927 	-226.263476605 	41.4255819725 	-0.128077208768 	3.40470911591e-19
0.273 	0.232845188285 	-2.87116437858e-19 	0.16479322522 	0.00056657138981 	290.860477927 	-226.263476605 	41.4255819725 	-0.128077208768 	3.40470911591e-19
0.273 	0.234309623431 	-1.53400980131e-19 	0.164703681589 	0.000566440489492 	290.769612421 	-225.946516818 	41.4232284461 	-0.0806871002861 	5.83419794512e-20
0.273 	0.235774058577 	-5.03901526034e-19 	0.164703681589 	0.000566440489492 	290.769612421 	-225.946516818 	41.4232284461 	-0.0806871002861 	5.83419794512e-20
0.273 	0.237238493724 	-1.08389612743e-18 	0.16462263263 	0.000566325075949 	290.685755623 	-225.692162336 	41.4219896455 	-0.0332661694584 	-6.5553003135e-19
0.273 	0.23870292887 	2.34687830353e-20 	0.16462263263 	0.000566325075949 	290.685755623 	-225.692162336 	41.4219896455 	-0.0332661694584 	-6.5553003135e-19
0.273 	0.240167364017 	2.43745251842e-19 	0.164550135495 	0.000566225219591 	290.608983496 	-225.502462191 	41.4219113881 	0.0142161142985 	-4.95752875483e-20
0.273 	0.241631799163 	5.68187672253e-19 	0.164550135495 	0.000566225219591 	290.608983496 	-225.502462191 	41.4219113881 	0.0142161142985 	-4.95752875483e-20
0.273 	0.24309623431 	3.94694049266e-19 	0.164486235651 	0.000566140964425 	290.539363846 	-225.379497925 	41.4230403298 	0.0617983748032 	3.71708659566e-19
0.273 	0.244560669456 	9.82803635938e-19 	0.164486235651 	0.000566140964425 	290.539363846 	-225.379497925 	41.4230403298 	0.0617983748032 	3.71708659566e-19
0.273 	0.246025104603 	2.36236871085e-19 	0.16443110078 	0.000566072578753 	290.477064164 	-225.32544456 	41.4254237397 	0.109513339687 	-1.71862264337e-19
0.273 	0.247489539749 	3.5658683911e-19 	0.16443110078 	0.000566072578753 	290.477064164 	-225.32544456 	41.4254237397 	0.109513339687 	-1.71862264337e-19
0.273 	0.248953974895 	2.71369861759e-19 	0.164384884079 	0.000566020296527 	290.422242962 	-225.342594002 	41.4291235451 	0.15740747385 	-1.09663746417e-20
0.273 	0.250418410042 	1.46704992504e-19 	0.164384884079 	0.000566020296527 	290.422242962 	-225.342594002 	41.4291235451 	0.15740747385 	-1.09663746417e-20
0.273 	0.251882845188 	8.29618260779e-19 	0.164347767612 	0.000565984397255 	290.375085267 	-225.433358547 	41.4341800857 	0.205519578395 	6.25944218252e-20
0.273 	0.253347280335 	2.6642191337e-19 	0.164347767612 	0.000565984397255 	290.375085267 	-225.433358547 	41.4341800857 	0.205519578395 	6.25944218252e-20
0.273 	0.254811715481 	6.09868657644e-19 	0.164320009704 	0.000565965290476 	290.335842974 	-225.6002641 	41.4406437867 	0.253897090567 	8.34941463819e-20
0.273 	0.256276150628 	-7.38891749996e-20 	0.164320009704 	0.000565965290476 	290.335842974 	-225.6002641 	41.4406437867 	0.253897090567 	8.34941463819e-20
0.273 	0.257740585774 	-6.30919384649e-21 	0.164301938736 	0.000565963499011 	290.304832419 	-225.845931919 	41.4485948174 	0.302588464911 	-7.9941327824e-20
0.273 	0.259205020921 	1.3599267145e-19 	0.164301938736 	0.000565963499011 	290.304832419 	-225.845931919 	41.4485948174 	0.302588464911 	-7.9941327824e-20
0.273 	0.260669456067 	-4.81219058592e-19 	0.164294062321 	0.000565979862421 	290.282522806 	-226.173315796 	41.4580927551 	0.351629081758 	6.47728355606e-20
0.273 	0.262133891213 	-5.90876571177e-19 	0.164294062321 	0.000565979862421 	290.282522806 	-226.173315796 	41.4580927551 	0.351629081758 	6.47728355606e-20
0.273 	0.26359832636 	-5.02677409162e-19 	0.164296456356 	0.000566014354179 	290.26906322 	-226.58435954 	41.4692116151 	0.401178504848 	-3.21290630292e-19
0.273 	0.265062761506 	-6.06509609428e-19 	0.164296456356 	0.000566014354179 	290.26906322 	-226.58435954 	41.4692116151 	0.401178504848 	-3.21290630292e-19
0.273 	0.266527196653 	-2.44221970418e-19 	0.164310812416 	0.000566069989316 	290.265895591 	-227.085304887 	41.4819891708 	0.450945307628 	4.30645742769e-20
0.273 	0.267991631799 	-2.43847065936e-19 	0.164310812416 	0.000566069989316 	290.265895591 	-227.085304887 	41.4819891708 	0.450945307628 	4.30645742769e-20
0.273 	0.269456066946 	4.13112321353e-19 	0.164310812416 	0.000566069989316 	290.265895591 	-227.085304887 	41.4819891708 	0.450945307628 	4.30645742769e-20
0.273 	0.270920502092 	7.0178444754e-20 	0.164334763011 	0.000566141920873 	290.271320586 	-227.670504577 	41.4966136504 	0.50198042171 	-1.21715258661e-20
0.273 	0.272384937238 	1.03590721533e-18 	0.164334763011 	0.000566141920873 	290.271320586 	-227.670504577 	41.4966136504 	0.50198042171 	-1.21715258661e-20
0.273 	0.273849372385 	-5.24312777232e-19 	0.164375523012 	0.000566243504006 	290.291229567 	-228.361964019 	41.5128048556 	0.552228112335 	-2.39927760884e-20
0.273 	0.275313807531 	-1.19032304881e-18 	0.164375523012 	0.000566243504006 	290.291229567 	-228.361964019 	41.5128048556 	0.552228112335 	-2.39927760884e-20
0.273 	0.276778242678 	8.89899639666e-20 	0.164422924942 	0.000566354641015 	290.317961635 	-229.137588124 	41.5316235316 	0.605210479569 	5.55365744742e-20
0.273 	0.278242677824 	1.64473545581e-19 	0.164422924942 	0.000566354641015 	290.317961635 	-229.137588124 	41.5316235316 	0.605210479569 	5.55365744742e-20
0.273 	0.279707112971 	-1.45620979188e-19 	0.164491701893 	0.000566502494122 	290.363596983 	-230.003967605 	41.5508729104 	0.657731791185 	-1.16913465615e-20
0.273 	0.281171548117 	-4.52595716548e-19 	0.164491701893 	0.000566502494122 	290.363596983 	-230.003967605 	41.5508729104 	0.657731791185 	-1.16913465615e-20
0.273 	0.282635983264 	8.73789417501e-19 	0.164491701893 	0.000566502494122 	290.363596983 	-230.003967605 	41.5508729104 	0.657731791185 	-1.16913465615e-20
0.273 	0.28410041841 	-3.89106426455e-19 	0.164573059539 	0.000566668601149 	290.422054804 	-231.056994329 	41.5751555209 	0.708883831071 	4.43129836836e-20
0.273 	0.285564853556 	-1.60848620919e-19 	0.164573059539 	0.000566668601149 	290.422054804 	-231.056994329 	41.5751555209 	0.708883831071 	4.43129836836e-20
0.273 	0.287029288703 	-7.21216507872e-20 	0.164664012637 	0.000566844826742 	290.492220919 	-232.016871656 	41.5969824476 	0.769988689183 	6.79103429645e-20
0.273 	0.288493723849 	-5.75471552899e-19 	0.164664012637 	0.000566844826742 	290.492220919 	-232.016871656 	41.5969824476 	0.769988689183 	6.79103429645e-20
0.273 	0.289958158996 	2.9949061949e-20 	0.164791638916 	0.000567077417828 	290.598133051 	-233.415811153 	41.6272982738 	0.815502254222 	-8.37789914173e-20
0.273 	0.291422594142 	-3.90614477564e-19 	0.164791638916 	0.000567077417828 	290.598133051 	-233.415811153 	41.6272982738 	0.815502254222 	-8.37789914173e-20
0.273 	0.292887029289 	1.11067202422e-18 	0.164791638916 	0.000567077417828 	290.598133051 	-233.415811153 	41.6272982738 	0.815502254222 	-8.37789914173e-20
0.273 	0.294351464435 	3.60601980057e-19 	0.164904467613 	0.000567261256287 	290.702856551 	-234.509559583 	41.652297422 	0.886545599908 	5.5564928182e-20
0.273 	0.295815899582 	6.25759241883e-19 	0.164904467613 	0.000567261256287 	290.702856551 	-234.509559583 	41.652297422 	0.886545599908 	5.5564928182e-20
0.273 	0.297280334728 	-1.91770716007e-19 	0.165067515967 	0.000567500008638 	290.867865118 	-236.23977578 	41.6887591207 	0.926878879775 	3.67022349646e-20
0.273 	0.298744769874 	-4.23578949556e-19 	0.165067515967 	0.000567500008638 	290.867865118 	-236.23977578 	41.6887591207 	0.926878879775 	3.67022349646e-20
0.273 	0.300209205021 	4.82188888667e-20 	0.165067515967 	0.000567500008638 	290.867865118 	-236.23977578 	41.6887591207 	0.926878879775 	3.67022349646e-20
0.273 	0.301673640167 	6.98990941443e-21 	0.165142741883 	0.000567502127579 	290.999335257 	-237.459203507 	41.7152101075 	1.01098077291 	-2.10581188823e-20
0.273 	0.303138075314 	3.17777920808e-19 	0.165142741883 	0.000567502127579 	290.999335257 	-237.459203507 	41.7152101075 	1.01098077291 	-2.10581188823e-20
0.273 	0.30460251046 	7.42801730815e-19 	0.165250743047 	0.000567410585618 	291.236623417 	-239.58065292 	41.7576333495 	1.04048903986 	-3.5035464519e-20
0.273 	0.306066945607 	5.57108601197e-19 	0.165250743047 	0.000567410585618 	291.236623417 	-239.58065292 	41.7576333495 	1.04048903986 	-3.5035464519e-20
0.273 	0.307531380753 	2.21235817174e-18 	0.165250743047 	0.000567410585618 	291.236623417 	-239.58065292 	41.7576333495 	1.04048903986 	-3.5035464519e-20
0.273 	0.3089958159 	8.78726978344e-19 	0.165352890454 	0.000566974857683 	291.640604893 	-240.851007697 	41.7862866602 	1.15006411123 	-8.82863843877e-20
0.273 	0.310460251046 	-4.22479057779e-20 	0.165352890454 	0.000566974857683 	291.640604893 	-240.851007697 	41.7862866602 	1.15006411123 	-8.82863843877e-20
0.273 	0.311924686192 	9.22201557598e-20 	0.165026498856 	0.000565166937421 	291.996024412 	-243.503262309 	41.8346473511 	1.15644705543 	6.64022387815e-20
0.273 	0.313389121339 	-1.81500118137e-20 	0.165026498856 	0.000565166937421 	291.996024412 	-243.503262309 	41.8346473511 	1.15644705543 	6.64022387815e-20
0.273 	0.314853556485 	-5.42760282579e-19 	0.165026498856 	0.000565166937421 	291.996024412 	-243.503262309 	41.8346473511 	1.15644705543 	6.64022387815e-20
0.273 	0.316317991632 	4.77240887426e-19 	0.165086111589 	0.000563484660899 	292.97356795 	-244.774409675 	41.8315492589 	1.30197623021 	2.26917631751e-21
0.273 	0.317782426778 	7.42640847011e-19 	0.165086111589 	0.000563484660899 	292.97356795 	-244.774409675 	41.8315492589 	1.30197623021 	2.26917631751e-21
0.273 	0.319246861925 	-5.3532939005e-19 	0.165086111589 	0.000563484660899 	292.97356795 	-244.774409675 	41.8315492589 	1.30197623021 	2.26917631751e-21
0.273 	0.320711297071 	1.28537541333e-19 	0.166185190296 	0.000564462517762 	294.413154225 	-247.920342164 	41.9167457275 	1.27640676594 	1.30656499727e-19
0.273 	0.322175732218 	1.40439153627e-18 	0.166185190296 	0.000564462517762 	294.413154225 	-247.920342164 	41.9167457275 	1.27640676594 	1.30656499727e-19
0.273 	0.323640167364 	1.55067681949e-19 	0.166204650562 	0.000564304930161 	294.529857314 	-249.247387538 	42.3997384077 	1.48478841031 	-7.34357684387e-21
0.273 	0.32510460251 	-8.69418431298e-19 	0.166204650562 	0.000564304930161 	294.529857314 	-249.247387538 	42.3997384077 	1.48478841031 	-7.34357684387e-21
0.273 	0.326569037657 	1.40694636693e-18 	0.166204650562 	0.000564304930161 	294.529857314 	-249.247387538 	42.3997384077 	1.48478841031 	-7.34357684387e-21
0.273 	0.328033472803 	6.01442853298e-19 	0.164456217295 	0.000561795826782 	292.73307037 	-295.542428304 	42.4925489231 	0.68557215904 	1.41388591269e-20
0.273 	0.32949790795 	6.10677166589e-19 	0.164456217295 	0.000561795826782 	292.73307037 	-295.542428304 	42.4925489231 	0.68557215904 	1.41388591269e-20
0.273 	0.330962343096 	6.46221911791e-19 	0.164456217295 	0.000561795826782 	292.73307037 	-295.542428304 	42.4925489231 	0.68557215904 	1.41388591269e-20
