0.546 	0 	0 	4.21041786393 	3.90838485786e-05 	97362.0521706 	8.97049856583 	14.9725019852 	-0.00232844771456 	-2.25200357252e-22
0.546 	0.00146443514644 	9.97339064472e-20 	3.15770093354 	0.000337072989897 	8774.33695016 	8.96574069136 	25.1558562308 	-0.0168338147898 	3.61052759601e-22
0.546 	0.00292887029289 	1.7929464369e-19 	0.895588485939 	0.000235106058575 	3809.29564881 	8.95505563927 	27.9625743888 	-0.0506473754523 	-8.85196250401e-23
0.546 	0.00439330543933 	4.59218193568e-18 	0.301273753323 	0.000226319563417 	1331.18740941 	8.92387722454 	28.8935936001 	-0.0950257665029 	3.63626101326e-22
0.546 	0.00585774058577 	4.59581355331e-18 	0.259443772754 	0.000350553449748 	740.097616898 	8.86135769123 	29.2830653481 	-0.155331521336 	6.80190490653e-22
0.546 	0.00732217573222 	1.10536557424e-18 	0.27441672867 	0.000390593090862 	702.564216035 	8.80357911841 	29.5264871038 	-0.201883100658 	6.72045747783e-22
0.546 	0.00878661087866 	-1.3717152074e-18 	0.277662285052 	0.000432704020276 	641.691022134 	8.73161067672 	29.7979326808 	-0.244702136564 	1.04554811661e-21
0.546 	0.0102510460251 	9.76815900456e-19 	0.271523881362 	0.00046933264143 	578.531850106 	8.6440690293 	30.0702899027 	-0.283312210668 	4.4673858766e-21
0.546 	0.0117154811715 	9.08976281888e-19 	0.266111433199 	0.000492883118707 	539.907785637 	8.56683807537 	30.2641218019 	-0.30963395938 	1.7670231473e-21
0.546 	0.013179916318 	1.93276685591e-18 	0.260390308822 	0.000520889357555 	499.895620913 	8.44662848142 	30.5079796077 	-0.341871768682 	-2.12347569791e-21
0.546 	0.0146443514644 	-3.90458763642e-19 	0.257309409407 	0.000540097993915 	476.412451641 	8.34236330564 	30.6820124975 	-0.364265642635 	-5.20773688751e-22
0.546 	0.0161087866109 	-1.09557579136e-19 	0.255103721427 	0.000558262417301 	456.960227881 	8.22498493036 	30.849827084 	-0.385354996699 	-1.60083063851e-21
0.546 	0.0175732217573 	-3.46591996254e-19 	0.253616655768 	0.000575770246578 	440.482392544 	8.09354520343 	31.0121600384 	-0.405290798483 	5.7670059786e-21
0.546 	0.0190376569038 	-3.19634816706e-19 	0.252712293852 	0.000592901511111 	426.229802278 	7.94705818446 	31.1694132467 	-0.424191107135 	-6.88728000238e-22
0.546 	0.0205020920502 	-1.16346234528e-18 	0.252264777582 	0.000609789771733 	413.691388862 	7.78449481059 	31.3217765806 	-0.442150333406 	-3.47513129208e-21
0.546 	0.0219665271967 	9.33908297286e-19 	0.252152183545 	0.000620901804922 	406.106378731 	7.66665876145 	31.4206620494 	-0.453638883084 	1.44138139132e-21
0.546 	0.0234309623431 	5.48157620246e-20 	0.252138691242 	0.000637200439613 	395.697610308 	7.4748869538 	31.5649094519 	-0.470193618018 	4.61697766143e-22
0.546 	0.0248953974895 	2.2050016847e-19 	0.252154538019 	0.000647667955935 	389.3268699 	7.33652614871 	31.6582984399 	-0.480801622107 	6.86968083745e-22
0.546 	0.026359832636 	-2.40634348208e-18 	0.252097464879 	0.000662451540353 	380.552311411 	7.11232239759 	31.7941963143 	-0.496101084619 	8.15179907347e-22
0.546 	0.0278242677824 	-9.46345194992e-21 	0.25195509172 	0.000671511309204 	375.206028948 	6.95120291331 	31.8821463142 	-0.505900585716 	-3.47314915509e-21
0.546 	0.0292887029289 	-3.45158022725e-19 	0.251693348588 	0.000679807303717 	370.242195417 	6.78031442228 	31.968236008 	-0.51537774558 	-4.1602502899e-21
0.546 	0.0307531380753 	2.39103614058e-18 	0.250999387002 	0.000690650689953 	363.424507718 	6.50479492896 	32.0944669903 	-0.528972106993 	3.57557156218e-21
0.546 	0.0322175732218 	1.11212605188e-18 	0.250291568326 	0.000696767332355 	359.218288091 	6.30773093278 	32.176948137 	-0.537610889739 	1.44107969315e-21
0.546 	0.0336820083682 	-1.05509032157e-18 	0.249377105166 	0.000702025671302 	355.225051391 	6.09947735072 	32.2581473816 	-0.545909637109 	-3.50167238421e-21
0.546 	0.0351464435146 	1.24162732042e-18 	0.248273416936 	0.000706503402577 	351.411495019 	5.8796159321 	32.3380226907 	-0.553875345074 	5.99468834301e-21
0.546 	0.0366108786611 	-6.36049446532e-19 	0.247014821916 	0.000710304229875 	347.75918758 	5.64772400111 	32.416508935 	-0.561521001416 	5.70275682461e-21
0.546 	0.0380753138075 	-1.32725366134e-18 	0.245646689363 	0.000713544977166 	344.262376197 	5.40337401081 	32.493558213 	-0.568865550118 	2.73911519176e-21
0.546 	0.039539748954 	-5.88574884539e-19 	0.244225137332 	0.000716353526086 	340.92822669 	5.1461334874 	32.5691885142 	-0.575936385966 	-4.089384243e-21
0.546 	0.0410041841004 	-6.48605124894e-19 	0.242818371132 	0.00071887000158 	337.777860528 	4.87556476649 	32.6435700159 	-0.582774918622 	1.86347895498e-21
0.546 	0.0424686192469 	2.299684304e-19 	0.242144093575 	0.000720063804569 	336.28144067 	4.73514357711 	32.6804177724 	-0.586125537403 	-8.75817490338e-22
0.546 	0.0439330543933 	2.03397488169e-18 	0.240897211773 	0.000722400926351 	333.467473512 	4.44374312728 	32.7538818544 	-0.592739177799 	-1.99454633388e-21
0.546 	0.0453974895397 	-2.0539579438e-19 	0.239819130065 	0.000724725052668 	330.910500724 	4.13787100609 	32.827936072 	-0.599314636197 	-3.2481434454e-21
0.546 	0.0468619246862 	-1.70059156241e-19 	0.238891957839 	0.000726992950665 	328.602853192 	3.81702951129 	32.9038902728 	-0.605943098794 	-3.31196715921e-21
0.546 	0.0483263598326 	1.28310888893e-18 	0.23845569634 	0.000728049080327 	327.526952212 	3.65083119455 	32.9429866352 	-0.609297127033 	-1.7426204055e-21
0.546 	0.0497907949791 	-1.24675634553e-18 	0.23753317989 	0.000729809301692 	325.472941136 	3.30653641672 	33.0240068394 	-0.616090215026 	-2.17863877296e-21
0.546 	0.0512552301255 	-5.74508938438e-19 	0.236995457669 	0.000730417582147 	324.465707647 	3.12829971443 	33.0660315801 	-0.619516576797 	4.16786342336e-22
0.546 	0.052719665272 	-6.34662437449e-19 	0.235641979533 	0.000730856533568 	322.418927259 	2.75929732828 	33.1529742555 	-0.626362131066 	-2.25263702208e-22
0.546 	0.0541841004184 	1.37620133614e-18 	0.23478797912 	0.000730614166658 	321.357003238 	2.56839456089 	33.1977019382 	-0.629744292227 	9.58796911098e-22
0.546 	0.0556485355649 	1.53058883495e-18 	0.232679134502 	0.000729110473343 	319.127406627 	2.17345788682 	33.2889881056 	-0.636323596851 	-2.43701920682e-23
0.546 	0.0571129707113 	1.61680590171e-18 	0.231426433605 	0.000727848560738 	317.959595015 	1.96930030448 	33.3352441095 	-0.639479336825 	-1.81188482891e-22
0.546 	0.0585774058577 	-9.42023886312e-19 	0.228568376866 	0.000724377290949 	315.537744932 	1.54731876148 	33.4282564868 	-0.645427658858 	7.22272811329e-22
0.546 	0.0600418410042 	-9.82162488471e-19 	0.226988885948 	0.000722215155886 	314.295378736 	1.32938867658 	33.4747476993 	-0.648186401368 	-5.26649103176e-22
0.546 	0.0615062761506 	3.7855044833e-19 	0.223598159936 	0.000717173664363 	311.776869463 	0.879408794786 	33.5670911878 	-0.653200537229 	-7.67908200365e-22
0.546 	0.0629707112971 	1.14576907589e-18 	0.221814064235 	0.000714351193754 	310.511224975 	0.647272980852 	33.6127186829 	-0.655432794707 	1.11954503563e-21
0.546 	0.0644351464435 	-7.21825302503e-19 	0.219988709731 	0.000711366670912 	309.247985218 	0.410322048263 	33.6578488035 	-0.657470661001 	-7.20454356948e-23
0.546 	0.06589958159 	-1.93823588299e-18 	0.218135696339 	0.000708250572676 	307.992262562 	0.168522306839 	33.7023996964 	-0.659309575556 	-3.17528438247e-22
0.546 	0.0673640167364 	2.2354624842e-18 	0.214401293017 	0.000701748101643 	305.52457857 	-0.329739856083 	33.7895526199 	-0.662388666479 	7.93256468132e-23
0.546 	0.0688284518828 	-1.97899328493e-18 	0.212545796287 	0.000698422142187 	304.32282061 	-0.586251602023 	33.8321174146 	-0.663635115283 	-2.87041813869e-22
0.546 	0.0702928870293 	-1.07535679029e-18 	0.210712970697 	0.000695082568375 	303.148115468 	-0.847711228507 	33.8740276101 	-0.664693687891 	1.91726512192e-22
0.546 	0.0717573221757 	-5.13574058027e-19 	0.208911152267 	0.000691751421055 	302.003213739 	-1.11413552221 	33.9153248857 	-0.665571040013 	7.38937631806e-22
0.546 	0.0732217573222 	6.02944281245e-19 	0.20542043855 	0.000685176971942 	299.806395956 	-1.66193054611 	33.9963027644 	-0.666805838787 	1.91903436889e-21
0.546 	0.0746861924686 	1.10839739648e-18 	0.203735307253 	0.000681952605619 	298.752883373 	-1.94331980658 	34.0360988722 	-0.667171592217 	-3.36489909008e-21
0.546 	0.0761506276151 	-1.75413405449e-18 	0.202089754533 	0.000678776160819 	297.726653054 	-2.2297101671 	34.0755010401 	-0.667372034186 	2.29372246538e-22
0.546 	0.0776150627615 	-3.77546679981e-19 	0.200482058444 	0.000675648934778 	296.72518985 	-2.52110155432 	34.114548391 	-0.667406674817 	-2.97554898069e-22
0.546 	0.0790794979079 	-1.06313997411e-18 	0.198910225823 	0.00067257103741 	295.746047271 	-2.81748929963 	34.153269713 	-0.667273443401 	-1.71799647494e-21
0.546 	0.0805439330544 	-1.01674041051e-18 	0.197372442636 	0.000669542265134 	294.787129827 	-3.11886377604 	34.1916846853 	-0.666969037884 	1.29207423503e-21
0.546 	0.0820083682008 	-1.31396139896e-18 	0.195867318679 	0.000666562629668 	293.846834433 	-3.42521014619 	34.2298059288 	-0.666489270143 	-2.69743308872e-22
0.546 	0.0834728033473 	1.23279414631e-18 	0.192951843296 	0.000660752880599 	292.018164372 	-4.05273063753 	34.3051953134 	-0.664984019444 	4.61431030442e-21
0.546 	0.0849372384937 	1.61660878438e-18 	0.191540801388 	0.000657924626463 	291.128791482 	-4.37384509653 	34.3424714709 	-0.66394776675 	-5.92511018779e-21
0.546 	0.0864016736402 	2.641400586e-18 	0.190160767936 	0.000655148875103 	290.255810797 	-4.69981144817 	34.3794721835 	-0.662714786546 	-2.80201295449e-21
0.546 	0.0878661087866 	4.88686937582e-19 	0.18881172311 	0.000652426578004 	289.399189849 	-5.03058321108 	34.4161997084 	-0.661279070278 	3.02739657632e-21
0.546 	0.0893305439331 	5.44860162042e-19 	0.187493609862 	0.000649758469105 	288.558931937 	-5.36610693338 	34.4526562454 	-0.659634410494 	-5.85799709792e-22
0.546 	0.0907949790795 	1.36150060464e-18 	0.186206300202 	0.000647145033338 	287.73503714 	-5.70632151449 	34.4888439643 	-0.657774389193 	-1.60183052097e-21
0.546 	0.0922594142259 	9.09054790263e-19 	0.184949589464 	0.000644586520714 	286.927485328 	-6.05115816204 	34.5247649997 	-0.65569239247 	2.03163665374e-22
0.546 	0.0937238493724 	-2.91988677463e-19 	0.183723206297 	0.000642082984782 	286.136232623 	-6.40053967335 	34.5604214331 	-0.653381605897 	5.05478237727e-21
0.546 	0.0951882845188 	8.80942613426e-19 	0.182526828347 	0.000639634327635 	285.361214152 	-6.75438054551 	34.5958152755 	-0.650835004031 	-8.72289218416e-22
0.546 	0.0966527196653 	3.77338120259e-19 	0.181360097179 	0.000637240339899 	284.602348319 	-7.11258625562 	34.6309484456 	-0.648045377772 	3.36719222234e-21
0.546 	0.0981171548117 	-1.38640110601e-18 	0.180222629698 	0.000634900731026 	283.859540383 	-7.47505239529 	34.6658227418 	-0.645005336533 	5.85491404007e-23
0.546 	0.0995815899582 	-1.46216875436e-18 	0.179114025791 	0.00063261514983 	283.13268476 	-7.8416655814 	34.7004398177 	-0.641707271685 	-3.15570063591e-21
0.546 	0.101046025105 	1.16044878963e-18 	0.179114025791 	0.00063261514983 	283.13268476 	-7.8416655814 	34.7004398177 	-0.641707271685 	-3.15570063591e-21
0.546 	0.102510460251 	1.71704427079e-18 	0.178033873076 	0.000630383197489 	282.421666354 	-8.21230285705 	34.7348011072 	-0.638143353454 	8.22653619198e-22
0.546 	0.103974895397 	-8.46629581021e-19 	0.176981750041 	0.000628204436034 	281.726361499 	-8.58683070577 	34.768907728 	-0.634305542737 	-1.47271276499e-21
0.546 	0.105439330544 	8.59287451613e-19 	0.175957228494 	0.000626078394607 	281.046638903 	-8.96510489455 	34.8027603927 	-0.63018557987 	-1.0408432478e-21
0.546 	0.10690376569 	8.14820836856e-19 	0.174959875806 	0.000624004574819 	280.382360749 	-9.34697027348 	34.8363593218 	-0.625774975462 	-5.99483609297e-22
0.546 	0.108368200837 	-5.53180610991e-19 	0.173989257124 	0.000621982455843 	279.73338394 	-9.73226047705 	34.8697041681 	-0.621065006463 	-2.98339237424e-22
0.546 	0.109832635983 	-9.64283504307e-19 	0.173044937635 	0.000620011499565 	279.099561471 	-10.1207974649 	34.9027939618 	-0.616046726479 	-1.1577086017e-21
0.546 	0.11129707113 	3.87758617608e-19 	0.172126484799 	0.000618091155741 	278.480743819 	-10.5123910565 	34.9356270859 	-0.610710981611 	4.54843909121e-21
0.546 	0.112761506276 	-4.68334959652e-19 	0.172126484799 	0.000618091155741 	278.480743819 	-10.5123910565 	34.9356270859 	-0.610710981611 	4.54843909121e-21
0.546 	0.114225941423 	-2.5936500635e-19 	0.171233470385 	0.000616220866801 	277.876780243 	-10.9068386111 	34.9682012911 	-0.605048423581 	-2.88162507641e-21
0.546 	0.115690376569 	-4.99627587747e-19 	0.170365471891 	0.000614400071411 	277.287519678 	-11.303924661 	35.0005137477 	-0.599049530164 	6.0781759846e-21
0.546 	0.117154811715 	-1.69791897234e-19 	0.169522072917 	0.000612628205824 	276.712810977 	-11.7034205426 	35.0325611273 	-0.59270462544 	-1.0780375096e-21
0.546 	0.118619246862 	6.24914368549e-21 	0.168702862269 	0.000610904702487 	276.152502318 	-12.1050840091 	35.0643396952 	-0.586003899266 	-3.42356345076e-22
0.546 	0.120083682008 	6.38265595274e-19 	0.168702862269 	0.000610904702487 	276.152502318 	-12.1050840091 	35.0643396952 	-0.586003899266 	-3.42356345076e-22
0.546 	0.121548117155 	7.94660881499e-19 	0.167907432007 	0.00060922898627 	275.606439928 	-12.5086587992 	35.0958453881 	-0.578937425699 	-3.91385754463e-21
0.546 	0.123012552301 	8.6027557498e-19 	0.167135375055 	0.000607600469688 	275.074466517 	-12.9138742244 	35.1270738578 	-0.571495174332 	2.00085057867e-20
0.546 	0.124476987448 	2.32947843907e-19 	0.166386283088 	0.000606018548633 	274.55641987 	-13.3204447645 	35.1580204719 	-0.563667017742 	-3.7959700429e-20
0.546 	0.125941422594 	-9.13414156035e-19 	0.165659745187 	0.000604482599794 	274.052131927 	-13.7280696761 	35.1886802725 	-0.55544273555 	3.6753704623e-20
0.546 	0.127405857741 	-2.95306499549e-19 	0.165659745187 	0.000604482599794 	274.052131927 	-13.7280696761 	35.1886802725 	-0.55544273555 	3.6753704623e-20
0.546 	0.128870292887 	3.51391599277e-19 	0.164955347491 	0.000602991980229 	273.56142851 	-14.1364325899 	35.2190479055 	-0.546812019224 	-1.4957629994e-20
0.546 	0.130334728033 	-5.46278800149e-19 	0.164272673858 	0.000601546029102 	273.084129743 	-14.5452010899 	35.249117532 	-0.537764477175 	-2.16906597426e-20
0.546 	0.13179916318 	7.76753350512e-21 	0.163611307323 	0.000600144071139 	272.620051069 	-14.954026315 	35.2788827405 	-0.528289639054 	7.45205841574e-21
0.546 	0.133263598326 	-4.19088525743e-20 	0.163611307323 	0.000600144071139 	272.620051069 	-14.954026315 	35.2788827405 	-0.528289639054 	7.45205841574e-21
0.546 	0.134728033473 	3.62934562724e-19 	0.162970832061 	0.000598785421122 	272.169004643 	-15.3625425494 	35.3083364718 	-0.518376959957 	6.50690050534e-21
0.546 	0.136192468619 	-8.72300870415e-19 	0.162350835435 	0.000597469388561 	271.730800847 	-15.7703667853 	35.3374709678 	-0.508015826961 	-9.89020418089e-21
0.546 	0.137656903766 	-1.26798167598e-18 	0.162350835435 	0.000597469388561 	271.730800847 	-15.7703667853 	35.3374709678 	-0.508015826961 	-9.89020418089e-21
0.546 	0.139121338912 	-2.16481454691e-19 	0.161750909775 	0.000596195281811 	271.305249656 	-16.1770982276 	35.3662777437 	-0.497195569656 	3.2758330975e-20
0.546 	0.140585774059 	-3.92133339677e-19 	0.161170653693 	0.000594962411229 	270.892161675 	-16.5823177673 	35.3947475809 	-0.48590547278 	-3.84137131092e-20
0.546 	0.142050209205 	-1.39491292908e-18 	0.160609672874 	0.000593770091315 	270.491348795 	-16.985587458 	35.4228705329 	-0.474134788871 	-1.61439881213e-22
0.546 	0.143514644351 	-1.01862776518e-18 	0.160609672874 	0.000593770091315 	270.491348795 	-16.985587458 	35.4228705329 	-0.474134788871 	-1.61439881213e-22
0.546 	0.144979079498 	4.49257474113e-19 	0.160067580366 	0.000592617641933 	270.102624424 	-17.3864500088 	35.4506359369 	-0.461872749611 	2.58443649707e-21
0.546 	0.146443514644 	1.13756287924e-18 	0.15954399633 	0.000591504388553 	269.725803253 	-17.7844282848 	35.4780324216 	-0.449108575115 	-3.13486826123e-21
0.546 	0.147907949791 	-7.07833517416e-19 	0.15954399633 	0.000591504388553 	269.725803253 	-17.7844282848 	35.4780324216 	-0.449108575115 	-3.13486826123e-21
0.546 	0.149372384937 	-6.63386521427e-19 	0.159038547263 	0.000590429661413 	269.360700617 	-18.1790247825 	35.5050479025 	-0.435831481928 	1.90287716453e-20
0.546 	0.150836820084 	-2.50436818378e-19 	0.158550864937 	0.000589392793859 	269.007131728 	-18.5697210527 	35.5316695589 	-0.422030691207 	-6.42357264604e-21
0.546 	0.15230125523 	9.84198652746e-19 	0.158550864937 	0.000589392793859 	269.007131728 	-18.5697210527 	35.5316695589 	-0.422030691207 	-6.42357264604e-21
0.546 	0.153765690377 	8.67526458019e-19 	0.158080585718 	0.000588393121037 	268.664911377 	-18.9559770683 	35.5578837941 	-0.407695438383 	9.83278487342e-21
0.546 	0.155230125523 	-1.9236502823e-19 	0.158080585718 	0.000588393121037 	268.664911377 	-18.9559770683 	35.5578837941 	-0.407695438383 	9.83278487342e-21
0.546 	0.156694560669 	1.15991850278e-18 	0.157627350873 	0.000587429980277 	268.333854528 	-19.3372305567 	35.5836761884 	-0.392814984236 	2.14123053749e-20
0.546 	0.158158995816 	-9.76941848955e-19 	0.157190807777 	0.000586502713357 	268.013777597 	-19.7128963222 	35.6090314579 	-0.377378626327 	-3.47287852782e-21
0.546 	0.159623430962 	6.14498618379e-19 	0.157190807777 	0.000586502713357 	268.013777597 	-19.7128963222 	35.6090314579 	-0.377378626327 	-3.47287852782e-21
0.546 	0.161087866109 	-7.02911440246e-19 	0.156770611351 	0.000585610669496 	267.704499793 	-20.082365554 	35.6339334269 	-0.361375709598 	-8.61678151146e-21
0.546 	0.162552301255 	-4.24497476447e-19 	0.156366425319 	0.000584753208148 	267.405844277 	-20.4450051056 	35.6583650217 	-0.344795635997 	-2.17919575933e-20
0.546 	0.164016736402 	9.62384185727e-19 	0.156366425319 	0.000584753208148 	267.405844277 	-20.4450051056 	35.6583650217 	-0.344795635997 	-2.17919575933e-20
0.546 	0.165481171548 	-9.97687722676e-20 	0.155977923241 	0.000583929701367 	267.117639119 	-20.8001567348 	35.6823082842 	-0.32762787353 	3.75877312144e-20
0.546 	0.166945606695 	-7.09062990334e-19 	0.155977923241 	0.000583929701367 	267.117639119 	-20.8001567348 	35.6823082842 	-0.32762787353 	3.75877312144e-20
0.546 	0.168410041841 	-1.98681245545e-18 	0.155604789006 	0.000583139535407 	266.839717697 	-21.1471362585 	35.7057443937 	-0.309861962738 	-9.01115970692e-21
0.546 	0.169874476987 	5.46579663629e-19 	0.155246716571 	0.000582382111283 	266.57191827 	-21.4852326055 	35.7286536607 	-0.291487519483 	-1.45656132497e-21
0.546 	0.171338912134 	-8.27797516148e-19 	0.155246716571 	0.000582382111283 	266.57191827 	-21.4852326055 	35.7286536607 	-0.291487519483 	-1.45656132497e-21
0.546 	0.17280334728 	6.22839718364e-19 	0.154903409266 	0.000581656844648 	266.314083108 	-21.8137068018 	35.7510154703 	-0.272494236097 	-2.20465891475e-20
0.546 	0.174267782427 	-3.08329663897e-19 	0.154903409266 	0.000581656844648 	266.314083108 	-21.8137068018 	35.7510154703 	-0.272494236097 	-2.20465891475e-20
0.546 	0.175732217573 	-1.26484294204e-18 	0.154574579386 	0.000580963164738 	266.066058519 	-22.1317909042 	35.7728081808 	-0.252871883018 	-4.8698051544e-21
0.546 	0.17719665272 	-8.39170929754e-19 	0.154574579386 	0.000580963164738 	266.066058519 	-22.1317909042 	35.7728081808 	-0.252871883018 	-4.8698051544e-21
0.546 	0.178661087866 	8.251962196e-19 	0.154259948863 	0.000580300539134 	265.827684898 	-22.4386868933 	35.7940090221 	-0.232610316066 	3.66654732344e-20
0.546 	0.180125523013 	-1.12456010548e-18 	0.154259948863 	0.000580300539134 	265.827684898 	-22.4386868933 	35.7940090221 	-0.232610316066 	3.66654732344e-20
0.546 	0.181589958159 	3.72833480624e-19 	0.153959250208 	0.000579668437772 	265.598815074 	-22.7335654809 	35.8145940293 	-0.211699485988 	-4.1109534506e-20
0.546 	0.183054393305 	3.11250168489e-19 	0.153672228025 	0.000579066350692 	265.379309023 	-23.0155647823 	35.834538011 	-0.190129444334 	2.46581981003e-20
0.546 	0.184518828452 	1.47650753234e-19 	0.153672228025 	0.000579066350692 	265.379309023 	-23.0155647823 	35.834538011 	-0.190129444334 	2.46581981003e-20
0.546 	0.185983263598 	1.09183202525e-18 	0.15339864012 	0.000578493792005 	265.169034206 	-23.2837888926 	35.8538145287 	-0.167890346886 	-2.50349945227e-20
0.546 	0.187447698745 	3.39849016251e-19 	0.15339864012 	0.000578493792005 	265.169034206 	-23.2837888926 	35.8538145287 	-0.167890346886 	-2.50349945227e-20
0.546 	0.188912133891 	-1.26191615868e-18 	0.153138258143 	0.000577950301607 	264.967866125 	-23.5373063844 	35.8723958655 	-0.144972455445 	1.79011632968e-20
0.546 	0.190376569038 	-3.72767347162e-20 	0.153138258143 	0.000577950301607 	264.967866125 	-23.5373063844 	35.8723958655 	-0.144972455445 	1.79011632968e-20
0.546 	0.191841004184 	2.23673700399e-19 	0.152890868087 	0.000577435446428 	264.775688837 	-23.7751486989 	35.8902529766 	-0.121366138976 	-1.46526991917e-20
0.546 	0.193305439331 	-3.24611034317e-19 	0.152890868087 	0.000577435446428 	264.775688837 	-23.7751486989 	35.8902529766 	-0.121366138976 	-1.46526991917e-20
0.546 	0.194769874477 	4.09327285771e-20 	0.152656270887 	0.000576948821899 	264.592395534 	-23.9963083949 	35.9073554281 	-0.0970618730876 	-4.46563670071e-22
0.546 	0.196234309623 	7.09421874683e-19 	0.152656270887 	0.000576948821899 	264.592395534 	-23.9963083949 	35.9073554281 	-0.0970618730876 	-4.46563670071e-22
0.546 	0.19769874477 	-3.18200243784e-19 	0.152434283204 	0.000576490053832 	264.417889244 	-24.1997372443 	35.9236713278 	-0.0720502390134 	1.57218665877e-22
0.546 	0.199163179916 	-5.43479230758e-19 	0.152434283204 	0.000576490053832 	264.417889244 	-24.1997372443 	35.9236713278 	-0.0720502390134 	1.57218665877e-22
0.546 	0.200627615063 	-1.4241344508e-19 	0.152224738359 	0.000576058800672 	264.252083608 	-24.3843441769 	35.9391672505 	-0.0463219202349 	-5.90303257836e-21
0.546 	0.202092050209 	-3.71081013712e-19 	0.152224738359 	0.000576058800672 	264.252083608 	-24.3843441769 	35.9391672505 	-0.0463219202349 	-5.90303257836e-21
0.546 	0.203556485356 	1.3255290327e-20 	0.152027487344 	0.000575654755964 	264.094903705 	-24.5489930446 	35.9538081601 	-0.0198676942731 	1.64296069765e-20
0.546 	0.205020920502 	6.36737107761e-19 	0.152027487344 	0.000575654755964 	264.094903705 	-24.5489930446 	35.9538081601 	-0.0198676942731 	1.64296069765e-20
0.546 	0.206485355649 	-1.63372028452e-19 	0.151842399911 	0.000575277650938 	263.946286917 	-24.6925001578 	35.9675573245 	0.00732157907827 	-2.45252676956e-21
0.546 	0.207949790795 	-2.26265485054e-19 	0.151842399911 	0.000575277650938 	263.946286917 	-24.6925001578 	35.9675573245 	0.00732157907827 	-2.45252676956e-21
0.546 	0.209414225941 	-2.2119648083e-19 	0.151669365697 	0.000574927257178 	263.806183831 	-24.8136317487 	35.9803762265 	0.0352549611738 	4.73366895138e-21
0.546 	0.210878661088 	-4.27463098913e-19 	0.151669365697 	0.000574927257178 	263.806183831 	-24.8136317487 	35.9803762265 	0.0352549611738 	4.73366895138e-21
0.546 	0.212343096234 	-1.25454173349e-19 	0.151508295433 	0.000574603389411 	263.674559227 	-24.9111012995 	35.992224469 	0.0639414378605 	1.07530374976e-20
0.546 	0.213807531381 	6.05533821786e-19 	0.151508295433 	0.000574603389411 	263.674559227 	-24.9111012995 	35.992224469 	0.0639414378605 	1.07530374976e-20
0.546 	0.215271966527 	7.74444252457e-19 	0.151359122144 	0.000574305908193 	263.551393054 	-24.9835663435 	36.0030596688 	0.0933899579118 	-2.35447613992e-20
0.546 	0.216736401674 	-3.71275448987e-19 	0.151359122144 	0.000574305908193 	263.551393054 	-24.9835663435 	36.0030596688 	0.0933899579118 	-2.35447613992e-20
0.546 	0.21820083682 	7.95883735338e-19 	0.151221802414 	0.000574034722699 	263.436681501 	-25.0296252612 	36.012837335 	0.123609445528 	2.92351306351e-20
0.546 	0.219665271967 	-5.3309173507e-20 	0.151221802414 	0.000574034722699 	263.436681501 	-25.0296252612 	36.012837335 	0.123609445528 	2.92351306351e-20
0.546 	0.221129707113 	2.33832655265e-19 	0.151096318784 	0.00057378979576 	263.330438953 	-25.047814756 	36.0215107469 	0.154608623479 	-2.58697271826e-20
0.546 	0.222594142259 	1.08231852651e-18 	0.151096318784 	0.00057378979576 	263.330438953 	-25.047814756 	36.0215107469 	0.154608623479 	-2.58697271826e-20
0.546 	0.224058577406 	-7.39837633145e-19 	0.150982677722 	0.000573571139491 	263.232696568 	-25.0365991822 	36.0290308355 	0.186397018924 	1.89278039104e-20
0.546 	0.225523012552 	1.88388566113e-19 	0.150982677722 	0.000573571139491 	263.232696568 	-25.0365991822 	36.0290308355 	0.186397018924 	1.89278039104e-20
0.546 	0.226987447699 	2.96123080962e-19 	0.150982677722 	0.000573571139491 	263.232696568 	-25.0365991822 	36.0290308355 	0.186397018924 	1.89278039104e-20
0.546 	0.228451882845 	-9.31905961734e-20 	0.150880914113 	0.000573378824485 	263.143505952 	-24.9943859817 	36.0353460572 	0.218983067796 	-2.56413515689e-20
0.546 	0.229916317992 	3.87967576111e-19 	0.150880914113 	0.000573378824485 	263.143505952 	-24.9943859817 	36.0353460572 	0.218983067796 	-2.56413515689e-20
0.546 	0.231380753138 	8.54730334624e-19 	0.150791125129 	0.000573213050492 	263.062965854 	-24.9195274404 	36.0404021834 	0.252370130308 	2.93028720975e-20
0.546 	0.232845188285 	-5.76231829607e-19 	0.150791125129 	0.000573213050492 	263.062965854 	-24.9195274404 	36.0404021834 	0.252370130308 	2.93028720975e-20
0.546 	0.234309623431 	6.12272229854e-19 	0.150713252286 	0.000573073687615 	262.991052535 	-24.8100297371 	36.0441415191 	0.286602761245 	-1.61270939241e-21
0.546 	0.235774058577 	1.21336049291e-21 	0.150713252286 	0.000573073687615 	262.991052535 	-24.8100297371 	36.0441415191 	0.286602761245 	-1.61270939241e-21
0.546 	0.237238493724 	4.17607794195e-19 	0.150713252286 	0.000573073687615 	262.991052535 	-24.8100297371 	36.0441415191 	0.286602761245 	-1.61270939241e-21
0.546 	0.23870292887 	6.30313632053e-19 	0.150647946271 	0.000572962093648 	262.928294806 	-24.665026699 	36.0465042011 	0.321561211295 	-5.96091852103e-21
0.546 	0.240167364017 	-4.88576659923e-19 	0.150647946271 	0.000572962093648 	262.928294806 	-24.665026699 	36.0465042011 	0.321561211295 	-5.96091852103e-21
0.546 	0.241631799163 	-2.67845828562e-19 	0.150594043053 	0.000572875805613 	262.873805418 	-24.4797706433 	36.0474213311 	0.357604303374 	-9.43557483156e-21
0.546 	0.24309623431 	-4.04237501003e-20 	0.150594043053 	0.000572875805613 	262.873805418 	-24.4797706433 	36.0474213311 	0.357604303374 	-9.43557483156e-21
0.546 	0.244560669456 	2.89257507549e-19 	0.150554605575 	0.000572821238209 	262.82999919 	-24.2586900686 	36.0468385393 	0.393982094233 	-4.02677822875e-20
0.546 	0.246025104603 	3.38061414579e-19 	0.150554605575 	0.000572821238209 	262.82999919 	-24.2586900686 	36.0468385393 	0.393982094233 	-4.02677822875e-20
0.546 	0.247489539749 	-4.39395332938e-19 	0.150554605575 	0.000572821238209 	262.82999919 	-24.2586900686 	36.0468385393 	0.393982094233 	-4.02677822875e-20
0.546 	0.248953974895 	-6.83180324757e-19 	0.150524760779 	0.000572788123635 	262.793089745 	-23.98755695 	36.0446556046 	0.432073354714 	5.58249194554e-20
0.546 	0.250418410042 	-4.73179978079e-19 	0.150524760779 	0.000572788123635 	262.793089745 	-23.98755695 	36.0446556046 	0.432073354714 	5.58249194554e-20
0.546 	0.251882845188 	7.79884200378e-19 	0.150512822973 	0.00057279386353 	262.769614964 	-23.6830534032 	36.0408542088 	0.469803710225 	-2.88898634516e-20
0.546 	0.253347280335 	6.40004810863e-20 	0.150512822973 	0.00057279386353 	262.769614964 	-23.6830534032 	36.0408542088 	0.469803710225 	-2.88898634516e-20
0.546 	0.254811715481 	3.06567408099e-19 	0.150512822973 	0.00057279386353 	262.769614964 	-23.6830534032 	36.0408542088 	0.469803710225 	-2.88898634516e-20
0.546 	0.256276150628 	-6.9382856453e-19 	0.150507966722 	0.000572815705381 	262.75111752 	-23.317946048 	36.0352829143 	0.509926912248 	4.59650392135e-20
0.546 	0.257740585774 	8.40374941224e-19 	0.150507966722 	0.000572815705381 	262.75111752 	-23.317946048 	36.0352829143 	0.509926912248 	4.59650392135e-20
0.546 	0.259205020921 	-7.8783964181e-19 	0.150525032114 	0.000572884610528 	262.749302998 	-22.918325392 	36.0279163818 	0.549198122581 	-5.63667645425e-20
0.546 	0.260669456067 	-1.57542860438e-19 	0.150525032114 	0.000572884610528 	262.749302998 	-22.918325392 	36.0279163818 	0.549198122581 	-5.63667645425e-20
0.546 	0.262133891213 	-5.96957382819e-19 	0.150525032114 	0.000572884610528 	262.749302998 	-22.918325392 	36.0279163818 	0.549198122581 	-5.63667645425e-20
0.546 	0.26359832636 	-1.77765764095e-19 	0.150546256997 	0.000572963285896 	262.750268129 	-22.4506525091 	36.018662856 	0.591382594339 	1.88528990885e-20
0.546 	0.265062761506 	4.30201470386e-19 	0.150546256997 	0.000572963285896 	262.750268129 	-22.4506525091 	36.018662856 	0.591382594339 	1.88528990885e-20
0.546 	0.266527196653 	6.39051385659e-19 	0.150595431876 	0.000573101242551 	262.772823882 	-21.9475261106 	36.0073402241 	0.631984417894 	6.7393295282e-22
0.546 	0.267991631799 	9.78568954253e-20 	0.150595431876 	0.000573101242551 	262.772823882 	-21.9475261106 	36.0073402241 	0.631984417894 	6.7393295282e-22
0.546 	0.269456066946 	-7.13098999745e-19 	0.150595431876 	0.000573101242551 	262.772823882 	-21.9475261106 	36.0073402241 	0.631984417894 	6.7393295282e-22
0.546 	0.270920502092 	3.79856592263e-19 	0.150642485097 	0.000573235242047 	262.793481711 	-21.3629648359 	35.9940673913 	0.676727821928 	-1.41960096142e-21
0.546 	0.272384937238 	1.86578623661e-19 	0.150642485097 	0.000573235242047 	262.793481711 	-21.3629648359 	35.9940673913 	0.676727821928 	-1.41960096142e-21
0.546 	0.273849372385 	4.88258062621e-19 	0.150729313979 	0.000573452391757 	262.845383759 	-20.7475514168 	35.9783178136 	0.718198301565 	1.16864405817e-20
0.546 	0.275313807531 	-4.42314216059e-19 	0.150729313979 	0.000573452391757 	262.845383759 	-20.7475514168 	35.9783178136 	0.718198301565 	1.16864405817e-20
0.546 	0.276778242678 	-8.33092700657e-20 	0.150729313979 	0.000573452391757 	262.845383759 	-20.7475514168 	35.9783178136 	0.718198301565 	1.16864405817e-20
0.546 	0.278242677824 	-1.56656536641e-19 	0.150799797769 	0.000573634420638 	262.884848509 	-20.0316615783 	35.9606851586 	0.766179531608 	1.96919555784e-20
0.546 	0.279707112971 	-1.13570505371e-18 	0.150799797769 	0.000573634420638 	262.884848509 	-20.0316615783 	35.9606851586 	0.766179531608 	1.96919555784e-20
0.546 	0.281171548117 	-1.24256101263e-19 	0.150799797769 	0.000573634420638 	262.884848509 	-20.0316615783 	35.9606851586 	0.766179531608 	1.96919555784e-20
0.546 	0.282635983264 	-2.30007704487e-19 	0.150932185235 	0.000573943561676 	262.973914707 	-19.294497076 	35.9400107116 	0.807871007227 	-4.014109682e-20
0.546 	0.28410041841 	4.7800324652e-19 	0.150932185235 	0.000573943561676 	262.973914707 	-19.294497076 	35.9400107116 	0.807871007227 	-4.014109682e-20
0.546 	0.285564853556 	-8.81705535237e-19 	0.151020316142 	0.000574155385051 	263.030392249 	-18.434580826 	35.9176242378 	0.859701774092 	3.7645307633e-20
0.546 	0.287029288703 	-1.76539338331e-19 	0.151020316142 	0.000574155385051 	263.030392249 	-18.434580826 	35.9176242378 	0.859701774092 	3.7645307633e-20
0.546 	0.288493723849 	-1.38473456954e-19 	0.151020316142 	0.000574155385051 	263.030392249 	-18.434580826 	35.9176242378 	0.859701774092 	3.7645307633e-20
0.546 	0.289958158996 	9.0342067434e-19 	0.151198785555 	0.000574546350366 	263.162032895 	-17.5559829362 	35.8913302631 	0.901441562555 	-1.50312494486e-20
0.546 	0.291422594142 	-1.02832960296e-18 	0.151198785555 	0.000574546350366 	263.162032895 	-17.5559829362 	35.8913302631 	0.901441562555 	-1.50312494486e-20
0.546 	0.292887029289 	5.92649875262e-19 	0.151198785555 	0.000574546350366 	263.162032895 	-17.5559829362 	35.8913302631 	0.901441562555 	-1.50312494486e-20
0.546 	0.294351464435 	8.53958241517e-19 	0.15127782192 	0.000574711803395 	263.223794998 	-16.5482020691 	35.8639706654 	0.957186553251 	1.42476998823e-20
0.546 	0.295815899582 	-4.14946660431e-19 	0.15127782192 	0.000574711803395 	263.223794998 	-16.5482020691 	35.8639706654 	0.957186553251 	1.42476998823e-20
0.546 	0.297280334728 	5.11561977137e-19 	0.15127782192 	0.000574711803395 	263.223794998 	-16.5482020691 	35.8639706654 	0.957186553251 	1.42476998823e-20
0.546 	0.298744769874 	8.7299784467e-19 	0.151444064582 	0.000575023986422 	263.369995266 	-15.4975591846 	35.8305840269 	0.999428086446 	-1.0898467829e-20
0.546 	0.300209205021 	-6.52257041887e-19 	0.151444064582 	0.000575023986422 	263.369995266 	-15.4975591846 	35.8305840269 	0.999428086446 	-1.0898467829e-20
0.546 	0.301673640167 	-3.99163360901e-19 	0.151444064582 	0.000575023986422 	263.369995266 	-15.4975591846 	35.8305840269 	0.999428086446 	-1.0898467829e-20
0.546 	0.303138075314 	-7.67601006864e-19 	0.151329376972 	0.000574687267189 	263.324743059 	-14.3523421073 	35.7987384674 	1.05813203076 	7.26273764455e-21
0.546 	0.30460251046 	1.19289730478e-18 	0.151329376972 	0.000574687267189 	263.324743059 	-14.3523421073 	35.7987384674 	1.05813203076 	7.26273764455e-21
0.546 	0.306066945607 	2.43528317242e-19 	0.151329376972 	0.000574687267189 	263.324743059 	-14.3523421073 	35.7987384674 	1.05813203076 	7.26273764455e-21
0.546 	0.307531380753 	3.55782808821e-19 	0.151114883955 	0.000574031026402 	263.252118796 	-13.074113983 	35.7585393899 	1.10305790982 	-2.45273949517e-20
0.546 	0.3089958159 	5.81969992182e-19 	0.151114883955 	0.000574031026402 	263.252118796 	-13.074113983 	35.7585393899 	1.10305790982 	-2.45273949517e-20
0.546 	0.310460251046 	4.38492867185e-19 	0.151114883955 	0.000574031026402 	263.252118796 	-13.074113983 	35.7585393899 	1.10305790982 	-2.45273949517e-20
0.546 	0.311924686192 	-6.84845420754e-21 	0.150328393534 	0.000572008120444 	262.808145831 	-11.8362568358 	35.72895222 	1.1601483259 	1.43064579194e-20
0.546 	0.313389121339 	4.33558660995e-19 	0.150328393534 	0.000572008120444 	262.808145831 	-11.8362568358 	35.72895222 	1.1601483259 	1.43064579194e-20
0.546 	0.314853556485 	1.52522477441e-19 	0.150328393534 	0.000572008120444 	262.808145831 	-11.8362568358 	35.72895222 	1.1601483259 	1.43064579194e-20
0.546 	0.316317991632 	-4.763163241e-19 	0.149899045317 	0.000570412515087 	262.790596897 	-10.2285141842 	35.6832105681 	1.2129806229 	-2.09656171842e-21
0.546 	0.317782426778 	-5.70799678408e-19 	0.149899045317 	0.000570412515087 	262.790596897 	-10.2285141842 	35.6832105681 	1.2129806229 	-2.09656171842e-21
0.546 	0.319246861925 	1.05319307065e-18 	0.149899045317 	0.000570412515087 	262.790596897 	-10.2285141842 	35.6832105681 	1.2129806229 	-2.09656171842e-21
0.546 	0.320711297071 	-7.24301650787e-20 	0.149327542894 	0.00056791066697 	262.941958267 	-8.98704514858 	35.6583952034 	1.25903680921 	1.11481603405e-20
0.546 	0.322175732218 	-4.18897507432e-19 	0.149327542894 	0.00056791066697 	262.941958267 	-8.98704514858 	35.6583952034 	1.25903680921 	1.11481603405e-20
0.546 	0.323640167364 	5.13084709364e-20 	0.149327542894 	0.00056791066697 	262.941958267 	-8.98704514858 	35.6583952034 	1.25903680921 	1.11481603405e-20
0.546 	0.32510460251 	-3.13002558042e-19 	0.149138523079 	0.000565011692802 	263.956525111 	-6.89787207163 	35.600520017 	1.33443962144 	-1.41663064572e-20
0.546 	0.326569037657 	2.18331317233e-20 	0.149138523079 	0.000565011692802 	263.956525111 	-6.89787207163 	35.600520017 	1.33443962144 	-1.41663064572e-20
0.546 	0.328033472803 	2.50063621267e-19 	0.149138523079 	0.000565011692802 	263.956525111 	-6.89787207163 	35.600520017 	1.33443962144 	-1.41663064572e-20
0.546 	0.32949790795 	-4.26012482448e-19 	0.149346876325 	0.000561389598367 	266.03071514 	-5.81917341792 	35.5941913041 	1.35512177115 	4.87486306295e-21
0.546 	0.330962343096 	6.50492517431e-19 	0.149346876325 	0.000561389598367 	266.03071514 	-5.81917341792 	35.5941913041 	1.35512177115 	4.87486306295e-21
0.546 	0.332426778243 	9.37059905916e-19 	0.149346876325 	0.000561389598367 	266.03071514 	-5.81917341792 	35.5941913041 	1.35512177115 	4.87486306295e-21
0.546 	0.333891213389 	-2.10794447791e-20 	0.1496338522 	0.000559152256604 	267.608420484 	-3.13924609148 	35.5707781638 	1.48523107244 	-1.3856238703e-21
0.546 	0.335355648536 	2.69296642855e-19 	0.1496338522 	0.000559152256604 	267.608420484 	-3.13924609148 	35.5707781638 	1.48523107244 	-1.3856238703e-21
0.546 	0.336820083682 	-2.64341244025e-19 	0.1496338522 	0.000559152256604 	267.608420484 	-3.13924609148 	35.5707781638 	1.48523107244 	-1.3856238703e-21
0.546 	0.338284518828 	-5.72103900419e-19 	0.152175633693 	0.000562653436286 	270.460684818 	-2.18574703339 	35.7181506552 	1.4759044415 	1.36817791538e-21
0.546 	0.339748953975 	1.01791525663e-18 	0.152175633693 	0.000562653436286 	270.460684818 	-2.18574703339 	35.7181506552 	1.4759044415 	1.36817791538e-21
0.546 	0.341213389121 	2.71366164057e-19 	0.152175633693 	0.000562653436286 	270.460684818 	-2.18574703339 	35.7181506552 	1.4759044415 	1.36817791538e-21
0.546 	0.342677824268 	-5.37630836328e-19 	0.150102586655 	0.000559734580463 	268.167434876 	2.34739777858 	35.4364248069 	1.67975889809 	-7.84740275563e-22
0.546 	0.344142259414 	-1.26646205848e-19 	0.150102586655 	0.000559734580463 	268.167434876 	2.34739777858 	35.4364248069 	1.67975889809 	-7.84740275563e-22
0.546 	0.345606694561 	2.19587911358e-19 	0.150102586655 	0.000559734580463 	268.167434876 	2.34739777858 	35.4364248069 	1.67975889809 	-7.84740275563e-22
0.546 	0.347071129707 	5.03288669269e-19 	0.150102586655 	0.000559734580463 	268.167434876 	2.34739777858 	35.4364248069 	1.67975889809 	-7.84740275563e-22
