0.273 	0.0424686192469 	-1.46052025244e-18 	14.1778796069 	0.000228481347191 	61572.5183518 	-541.030633037 	25.4169309611 	-8.04133386539 	-1.35202078382e-17
0.273 	0.0439330543933 	4.09218458283e-20 	1.42259057113 	9.6980124679e-05 	14668.8878348 	-539.794911936 	39.92948353 	-12.2291314041 	1.66247602678e-17
0.273 	0.0453974895397 	2.58422641617e-18 	0.246067345591 	0.000121843470369 	1176.45170298 	-536.55918591 	39.9821195029 	-11.7644305705 	2.99553273037e-19
0.273 	0.0468619246862 	1.08961767827e-18 	0.225010845744 	0.000116160710663 	599.695590114 	-533.534817164 	40.4898629577 	-11.4397034484 	6.68929834468e-18
0.273 	0.0483263598326 	-1.55972647236e-19 	0.21918148515 	0.000125461543089 	524.306161421 	-530.243397982 	41.0298382987 	-11.1234896921 	-2.00596810017e-17
0.273 	0.0497907949791 	-1.02562971709e-18 	0.215372408301 	0.000133368133577 	488.785632808 	-527.242817071 	41.476350502 	-10.8619000518 	-9.60690039835e-18
0.273 	0.0512552301255 	4.80140115485e-18 	0.212616183281 	0.000138734506898 	465.525683801 	-524.007093056 	41.8885707825 	-10.5869464145 	-1.60569103402e-18
0.273 	0.052719665272 	4.3286993993e-18 	0.210942605 	0.000149438646405 	451.121624632 	-520.506680294 	42.3747558211 	-10.3333816567 	-1.15010567153e-17
0.273 	0.0541841004184 	1.8196664067e-18 	0.209389528458 	0.000173883506294 	435.446393733 	-516.671370985 	42.7703249649 	-10.0733954195 	-1.32113480486e-17
0.273 	0.0556485355649 	-1.57896273496e-18 	0.208553525087 	0.000187551791442 	425.487792564 	-513.35124733 	43.0442430723 	-9.86308647253 	6.67874791327e-18
0.273 	0.0571129707113 	-8.31687819624e-20 	0.208520833974 	0.00019940894576 	420.002046216 	-509.79022234 	43.2550566543 	-9.6414145759 	1.80005159152e-18
0.273 	0.0585774058577 	-6.70830617547e-19 	0.208436435472 	0.00020904805464 	413.876957284 	-505.98840438 	43.4339670312 	-9.40973224095 	1.07517261064e-18
0.273 	0.0600418410042 	7.08180400701e-19 	0.208344690297 	0.000220894147747 	407.489670033 	-501.935723426 	43.5975374283 	-9.17190833988 	3.09963507926e-19
0.273 	0.0615062761506 	1.25337991094e-19 	0.208326914974 	0.000231088539443 	402.808755473 	-498.72869855 	43.7034756504 	-8.98863023247 	4.58207550983e-18
0.273 	0.0629707112971 	-7.51436969474e-19 	0.208377606494 	0.000242231957817 	398.294030119 	-495.37635488 	43.7974048805 	-8.80158894415 	-6.4427881123e-18
0.273 	0.0644351464435 	-9.58981065525e-19 	0.208622847803 	0.000260693824581 	392.640559116 	-490.679021744 	43.9045692738 	-8.54658030678 	5.1538860567e-18
0.273 	0.06589958159 	5.46850212247e-19 	0.209001132477 	0.00027736150071 	388.691326894 	-486.985079377 	43.9718890509 	-8.3513224203 	-2.77377573692e-18
0.273 	0.0673640167364 	-6.29442014516e-19 	0.209589636529 	0.000296829937291 	384.953566822 	-483.145119323 	44.0282452619 	-8.15280567534 	-9.46702966355e-18
0.273 	0.0688284518828 	-3.95656770028e-19 	0.210414107194 	0.000319455621942 	381.368528473 	-479.160355251 	44.0738398611 	-7.95119338871 	5.8685982364e-18
0.273 	0.0702928870293 	1.46042479055e-19 	0.211104318515 	0.000336427481366 	379.036608684 	-476.424253684 	44.0983798671 	-7.81515719969 	-3.24232282825e-18
0.273 	0.0717573221757 	-9.14006547851e-19 	0.212353424368 	0.000364938153748 	375.585328702 	-472.202187542 	44.1264768703 	-7.60878260374 	4.00703235614e-20
0.273 	0.0732217573222 	4.60404235186e-19 	0.213858335264 	0.000397475861942 	372.155852736 	-467.841127316 	44.1444574633 	-7.39982037772 	4.24524438291e-19
0.273 	0.0746861924686 	2.15499072885e-18 	0.215000294111 	0.000421541444448 	369.876324731 	-464.858206175 	44.1509867596 	-7.25918819507 	-5.62125247315e-18
0.273 	0.0761506276151 	1.71964336781e-18 	0.216912176125 	0.000461460636233 	366.459943568 	-460.272866592 	44.1527202085 	-7.04641260147 	-7.33261460152e-19
0.273 	0.0776150627615 	1.78708525582e-18 	0.218284789789 	0.000490714507415 	364.14526711 	-457.144053145 	44.148614415 	-6.90343235823 	-2.41399588704e-18
0.273 	0.0790794979079 	9.27435824722e-20 	0.219626885318 	0.000521734540756 	361.65348315 	-453.959363854 	44.1403347071 	-6.75961161265 	2.85581528855e-18
0.273 	0.0805439330544 	-3.09176542327e-19 	0.220725536359 	0.000550017534063 	358.682137973 	-450.721070864 	44.1279303457 	-6.61502980219 	-3.01347525045e-18
0.273 	0.0820083682008 	1.68886949201e-18 	0.221568457353 	0.000613557126644 	352.918099537 	-445.764256182 	44.1081277518 	-6.39764423718 	-2.59968123603e-18
0.273 	0.0834728033473 	-7.28666839412e-19 	0.221698681988 	0.000635637682776 	348.781527584 	-442.397737829 	44.1041779541 	-6.25388339252 	6.10219032868e-20
0.273 	0.0849372384937 	4.95422087913e-21 	0.221593420024 	0.000642154461111 	345.078066795 	-438.984714958 	44.1077019013 	-6.11100396964 	2.95300052003e-18
0.273 	0.0864016736402 	2.28920762804e-19 	0.221165397623 	0.000646920167802 	341.874327979 	-435.521074819 	44.1127074571 	-5.96852400618 	1.47068019004e-18
0.273 	0.0878661087866 	1.10497221241e-18 	0.220218088248 	0.000649561951372 	339.025535259 	-432.010384927 	44.1179643644 	-5.82618612453 	-4.16614788034e-18
0.273 	0.0893305439331 	1.71319923799e-18 	0.218853787548 	0.000650319138531 	336.532902972 	-428.452476055 	44.1245984498 	-5.68418461178 	5.6871209215e-18
0.273 	0.0907949790795 	8.56155525676e-19 	0.217368791406 	0.000649875073563 	334.477810041 	-424.848691831 	44.1308479002 	-5.54245554255 	-2.13808550221e-18
0.273 	0.0922594142259 	-1.34734764376e-18 	0.216650630161 	0.000649401754662 	333.615714164 	-423.03010325 	44.1327011036 	-5.47166314253 	5.94307276189e-18
0.273 	0.0937238493724 	-2.16774386097e-18 	0.215279471532 	0.000648142542645 	332.148342945 	-419.361358966 	44.131956019 	-5.33019352188 	3.95284545571e-19
0.273 	0.0951882845188 	1.94996935886e-18 	0.213874392678 	0.000646431409354 	330.853961585 	-415.654109405 	44.1240374161 	-5.18885355597 	4.07364586027e-19
0.273 	0.0966527196653 	1.29527831282e-18 	0.212247321737 	0.000644092057661 	329.529481404 	-411.912112668 	44.1091233682 	-5.04770086592 	-2.13046674933e-18
0.273 	0.0981171548117 	6.92288957285e-19 	0.211318841606 	0.00064266278626 	328.817610299 	-410.029123378 	44.0995804443 	-4.97723853089 	-2.66922611527e-18
0.273 	0.0995815899582 	6.54646372886e-19 	0.209262908122 	0.000639377504206 	327.291634043 	-406.241175122 	44.0778190154 	-4.83665149634 	-4.81743867103e-18
0.273 	0.101046025105 	-8.72091201998e-19 	0.207055406362 	0.000635753155426 	325.685220112 	-402.42653258 	44.0538202096 	-4.69664052596 	7.75312885219e-19
0.273 	0.102510460251 	-3.08406546894e-19 	0.2059359007 	0.000633893632222 	324.874537671 	-400.510167749 	44.0411654487 	-4.62688524308 	1.68040114772e-18
0.273 	0.103974895397 	1.62530529262e-19 	0.203716185686 	0.000630178986421 	323.267182937 	-396.661316563 	44.0145804479 	-4.48792358694 	-3.7325405994e-18
0.273 	0.105439330544 	4.02312049505e-19 	0.202626327365 	0.000628344565348 	322.476454065 	-394.729637457 	44.0006634684 	-4.41873392298 	-2.93254754001e-19
0.273 	0.10690376569 	2.15814355575e-18 	0.200498524704 	0.000624746368745 	320.92787527 	-390.853870874 	43.9716480351 	-4.28097588857 	-2.85411528442e-18
0.273 	0.108368200837 	-2.4468721975e-19 	0.199462628885 	0.000622987206099 	320.171308386 	-388.910643718 	43.9565805478 	-4.21242267302 	1.12244966627e-18
0.273 	0.109832635983 	-4.20776892796e-19 	0.197449366954 	0.000619555002405 	318.695460754 	-385.015698073 	43.925400846 	-4.07600405275 	-2.9255251122e-18
0.273 	0.11129707113 	-3.22813847618e-19 	0.196472540647 	0.00061788356488 	317.976641254 	-383.064878519 	43.9093166275 	-4.00815242371 	3.06788880933e-18
0.273 	0.112761506276 	3.55182114105e-19 	0.195515802735 	0.000616242688782 	317.270786808 	-381.112438087 	43.8929205522 	-3.94054815241 	-1.95403687118e-18
0.273 	0.114225941423 	3.6449560661e-19 	0.193662880401 	0.00061305427301 	315.898426823 	-377.204563604 	43.8592438977 	-3.80610748981 	2.03761423485e-18
0.273 	0.115690376569 	-1.15166374135e-18 	0.192766713276 	0.000611507312006 	315.2320659 	-375.250079825 	43.8419883666 	-3.73928356001 	-1.51025537328e-18
0.273 	0.117154811715 	-4.01673596308e-19 	0.191890679473 	0.000609992097768 	314.578959588 	-373.295875583 	43.8244712744 	-3.67273184671 	-1.10057946041e-18
0.273 	0.118619246862 	-1.72211641515e-18 	0.190198613234 	0.00060705721986 	313.312496766 	-369.390273273 	43.7887027743 	-3.5404672612 	-2.68352906713e-18
0.273 	0.120083682008 	3.98665944523e-19 	0.189382321595 	0.000605637567651 	312.699098785 	-367.439872983 	43.7704772424 	-3.47476463025 	3.3182645081e-18
0.273 	0.121548117155 	-3.68037796424e-19 	0.188585659786 	0.000604249729956 	312.098873093 	-365.491747116 	43.7520420088 	-3.40935463279 	-1.88234383636e-18
0.273 	0.123012552301 	7.57588856403e-19 	0.187808468875 	0.000602893642053 	311.511775502 	-363.546407016 	43.7334108208 	-3.34424142995 	-1.34550608067e-18
0.273 	0.124476987448 	1.92802239828e-20 	0.186311843601 	0.000600276378509 	310.37677022 	-359.666150853 	43.6956163834 	-3.21492033749 	-3.36886620537e-19
0.273 	0.125941422594 	8.4619806167e-19 	0.18559207525 	0.000599015005875 	309.828757926 	-357.732277846 	43.6764810122 	-3.15071921545 	-9.58981173689e-19
0.273 	0.127405857741 	5.90776474793e-20 	0.184891106667 	0.00059778498394 	309.293661826 	-355.803276228 	43.6572051343 	-3.08682851149 	-4.25820502787e-19
0.273 	0.128870292887 	4.42357730903e-19 	0.184208752296 	0.000596586163998 	308.771412098 	-353.879676279 	43.6378020747 	-3.02325107346 	7.1401961156e-19
0.273 	0.130334728033 	9.46527095385e-20 	0.183544810738 	0.000595418362167 	308.261925396 	-351.96201178 	43.6182849381 	-2.95998955318 	1.20153701251e-18
0.273 	0.13179916318 	-2.09680453381e-19 	0.182899065572 	0.000594281360638 	307.765105363 	-350.050820322 	43.598666721 	-2.89704639504 	-8.14996188979e-19
0.273 	0.133263598326 	-1.25127012699e-18 	0.182271287628 	0.000593174911462 	307.280844328 	-348.146643856 	43.5789603125 	-2.83442378703 	-5.31007563717e-19
0.273 	0.134728033473 	-1.21952575881e-19 	0.181068653069 	0.000591052525987 	306.349512282 	-344.361530101 	43.539333652 	-2.71014733121 	-1.14061704409e-18
0.273 	0.136192468619 	-4.51102784205e-19 	0.180493273595 	0.000590035939172 	305.902169024 	-342.481704673 	43.5194384763 	-2.64849614605 	1.35221129657e-18
0.273 	0.137656903766 	-1.18070532816e-19 	0.179934819377 	0.000589048610335 	305.466843007 	-340.611117888 	43.4995054219 	-2.5871708712 	-2.3609272722e-18
0.273 	0.139121338912 	-5.97442567678e-19 	0.179393006079 	0.000588090153484 	305.043376455 	-338.750339551 	43.4795470071 	-2.52617203695 	-7.80562054543e-19
0.273 	0.140585774059 	1.57687834285e-19 	0.17886754402 	0.0005871601656 	304.631605649 	-336.899943954 	43.4595757146 	-2.46549988737 	1.04529391188e-18
0.273 	0.142050209205 	-1.81659379844e-18 	0.17835813882 	0.000586258228052 	304.231361345 	-335.060509322 	43.4396039616 	-2.40515438806 	9.49227463738e-19
0.273 	0.143514644351 	5.22618513123e-19 	0.177864491917 	0.000585383907764 	303.842469118 	-333.232617385 	43.4196440862 	-2.34513523298 	-7.62603224792e-19
0.273 	0.144979079498 	1.14709412211e-18 	0.177386301074 	0.000584536758329 	303.46474973 	-331.416853043 	43.3997083462 	-2.28544184687 	-1.0145298532e-18
0.273 	0.146443514644 	-3.42218700281e-19 	0.176923260949 	0.00058371632122 	303.098019563 	-329.613804264 	43.3798089225 	-2.22607337985 	6.44580275449e-19
0.273 	0.147907949791 	-1.11645183697e-19 	0.17647506353 	0.000582922126765 	302.74209097 	-327.824062106 	43.3599579265 	-2.16702869788 	1.38524298782e-18
0.273 	0.149372384937 	5.46382768702e-19 	0.176041398553 	0.000582153695061 	302.396772615 	-326.048220847 	43.3401674071 	-2.10830637374 	-1.05503937639e-20
0.273 	0.150836820084 	-2.76386692685e-19 	0.175621954049 	0.000581410537167 	302.061869921 	-324.286878164 	43.3204493617 	-2.04990468168 	-2.04033022279e-18
0.273 	0.15230125523 	1.33950328975e-20 	0.175216417142 	0.000580692156753 	301.737185708 	-322.540635376 	43.3008157481 	-1.99182159606 	9.67585119684e-19
0.273 	0.153765690377 	-1.62931374002e-19 	0.174824474938 	0.000579998051933 	301.422520913 	-320.810097695 	43.2812784916 	-1.93405479168 	2.17260857747e-19
0.273 	0.155230125523 	-1.08298003501e-18 	0.174445815189 	0.000579327716686 	301.117675133 	-319.095874406 	43.2618494859 	-1.87660164217 	-5.39781327822e-19
0.273 	0.156694560669 	2.80661698775e-19 	0.174445815189 	0.000579327716686 	301.117675133 	-319.095874406 	43.2618494859 	-1.87660164217 	-5.39781327822e-19
0.273 	0.158158995816 	1.44218471531e-18 	0.174080126719 	0.000578680641842 	300.822447014 	-317.398578938 	43.2425405954 	-1.81945921749 	-6.56999331564e-19
0.273 	0.159623430962 	5.88183485998e-19 	0.173727099766 	0.0005780563159 	300.536634558 	-315.718828833 	43.2233636677 	-1.76262428177 	1.10110542683e-18
0.273 	0.161087866109 	1.3522099445e-18 	0.173386426276 	0.00057745422576 	300.260035413 	-314.057245803 	43.2043305382 	-1.70609329017 	1.2911706608e-19
0.273 	0.162552301255 	1.45294471375e-18 	0.173057800039 	0.000576873857144 	299.992447041 	-312.414455819 	43.1854530299 	-1.64986238791 	-9.71245647373e-19
0.273 	0.164016736402 	-1.32817774692e-18 	0.172740917912 	0.000576314696907 	299.733667801 	-310.791089266 	43.1667430086 	-1.59392741158 	1.72599104169e-18
0.273 	0.165481171548 	5.84987309243e-19 	0.172435481674 	0.000575776236439 	299.483498555 	-309.187781048 	43.1482124066 	-1.53828388968 	-1.80789513056e-18
0.273 	0.166945606695 	7.21878297174e-19 	0.172141198074 	0.000575257972028 	299.241742739 	-307.605170665 	43.1298731062 	-1.48292703557 	7.97105601671e-19
0.273 	0.168410041841 	6.65207142265e-20 	0.172141198074 	0.000575257972028 	299.241742739 	-307.605170665 	43.1298731062 	-1.48292703557 	7.97105601671e-19
0.273 	0.169874476987 	-1.69862637119e-19 	0.171857776678 	0.000574759401776 	299.008204384 	-306.043902304 	43.1117368661 	-1.42785172461 	-8.55618253193e-20
0.273 	0.171338912134 	1.95177012995e-19 	0.171584928627 	0.000574280024099 	298.782686889 	-304.504625021 	43.0938154558 	-1.37305246703 	1.07387518534e-19
0.273 	0.17280334728 	4.7287926415e-19 	0.171322367993 	0.000573819340219 	298.564994215 	-302.987993064 	43.0761208059 	-1.31852340185 	6.49175347767e-20
0.273 	0.174267782427 	-5.78399731838e-19 	0.171069813781 	0.000573376857413 	298.354932832 	-301.494666327 	43.0586649899 	-1.26425830641 	-3.12579814618e-19
0.273 	0.175732217573 	5.65854287022e-19 	0.171069813781 	0.000573376857413 	298.354932832 	-301.494666327 	43.0586649899 	-1.26425830641 	-3.12579814618e-19
0.273 	0.17719665272 	6.14497491281e-19 	0.170826990645 	0.000572952089996 	298.152312607 	-300.025310874 	43.0414601392 	-1.21025059631 	-1.97043610265e-19
0.273 	0.178661087866 	-2.82715325545e-19 	0.170593628639 	0.000572544558793 	297.956946789 	-298.580599417 	43.0245184363 	-1.15649331106 	3.01464391124e-19
0.273 	0.180125523013 	-9.32884610289e-19 	0.1703694631 	0.000572153790988 	297.768652036 	-297.161211603 	43.0078521756 	-1.10297909723 	1.34782554439e-20
0.273 	0.181589958159 	-9.81040588495e-19 	0.1703694631 	0.000572153790988 	297.768652036 	-297.161211603 	43.0078521756 	-1.10297909723 	1.34782554439e-20
0.273 	0.183054393305 	-4.75392420434e-19 	0.170154235022 	0.00057177932054 	297.587248978 	-295.767834182 	42.9914738153 	-1.04970019052 	-3.93574363239e-21
0.273 	0.184518828452 	-1.26819761575e-18 	0.169947691356 	0.000571420674709 	297.412569895 	-294.401161246 	42.9753959823 	-0.996648398232 	1.20837000407e-19
0.273 	0.185983263598 	-4.86799905571e-20 	0.1697495856 	0.000571077407026 	297.244442717 	-293.061894682 	42.9596314575 	-0.943815088793 	-6.05979077673e-19
0.273 	0.187447698745 	-7.75856426981e-19 	0.1697495856 	0.000571077407026 	297.244442717 	-293.061894682 	42.9596314575 	-0.943815088793 	-6.05979077673e-19
0.273 	0.188912133891 	-8.88741205046e-19 	0.169559678063 	0.000570749086501 	297.082697236 	-291.750744913 	42.9441931748 	-0.891191188479 	1.86827397746e-19
0.273 	0.190376569038 	-1.30032929657e-18 	0.169377735857 	0.000570435294411 	296.927166879 	-290.468431488 	42.9290942377 	-0.838767161507 	4.39864138795e-20
0.273 	0.191841004184 	-5.99033644159e-19 	0.169203532624 	0.00057013562073 	296.777690205 	-289.215683359 	42.9143479361 	-0.786532977867 	4.22812791637e-19
0.273 	0.193305439331 	-1.03903964788e-18 	0.169203532624 	0.00057013562073 	296.777690205 	-289.215683359 	42.9143479361 	-0.786532977867 	4.22812791637e-19
0.273 	0.194769874477 	-1.4755634315e-18 	0.169036848368 	0.000569849663132 	296.634111247 	-287.993239322 	42.8999677772 	-0.73447809543 	5.7422475967e-19
0.273 	0.196234309623 	6.80627444526e-19 	0.168877469783 	0.00056957702834 	296.496279485 	-286.80184897 	42.885967541 	-0.682591451979 	-2.01538788551e-20
0.273 	0.19769874477 	-3.12697128902e-19 	0.168877469783 	0.00056957702834 	296.496279485 	-286.80184897 	42.885967541 	-0.682591451979 	-2.01538788551e-20
0.273 	0.199163179916 	-4.49840245514e-19 	0.168725190944 	0.000569317334322 	296.364050016 	-285.642273759 	42.8723613376 	-0.630861440353 	-7.68474921357e-19
0.273 	0.200627615063 	-1.79559058293e-19 	0.168579813843 	0.000569070211904 	296.23728376 	-284.51528803 	42.8591636124 	-0.579275876736 	3.4816809865e-19
0.273 	0.202092050209 	-1.93503817037e-19 	0.168579813843 	0.000569070211904 	296.23728376 	-284.51528803 	42.8591636124 	-0.579275876736 	3.4816809865e-19
0.273 	0.203556485356 	-1.18007074713e-19 	0.168441148274 	0.000568835304857 	296.115847304 	-283.421679686 	42.8463891075 	-0.527821962499 	-1.33501841333e-19
0.273 	0.205020920502 	-6.12752074715e-19 	0.168309011463 	0.000568612269347 	295.999612629 	-282.36225098 	42.8340528496 	-0.476486266629 	2.40528797111e-19
0.273 	0.206485355649 	-2.82473420696e-19 	0.168309011463 	0.000568612269347 	295.999612629 	-282.36225098 	42.8340528496 	-0.476486266629 	2.40528797111e-19
0.273 	0.207949790795 	8.38325897184e-19 	0.168183227842 	0.000568400773558 	295.888456994 	-281.337819525 	42.8221701964 	-0.425254707969 	2.84136194306e-19
0.273 	0.209414225941 	1.53158408975e-18 	0.168063629486 	0.000568200498466 	295.782263373 	-280.349219085 	42.8107569659 	-0.374112502607 	-5.93208520197e-19
0.273 	0.210878661088 	2.5000873906e-19 	0.168063629486 	0.000568200498466 	295.782263373 	-280.349219085 	42.8107569659 	-0.374112502607 	-5.93208520197e-19
0.273 	0.212343096234 	-8.56551149775e-19 	0.167950057646 	0.000568011140743 	295.680921727 	-279.397301413 	42.7998295348 	-0.323044189738 	-1.14691475753e-19
0.273 	0.213807531381 	-6.85946600972e-19 	0.167842363155 	0.000567832413736 	295.584329275 	-278.482937326 	42.7894047255 	-0.27203359086 	1.87596501362e-19
0.273 	0.215271966527 	-1.06614713653e-18 	0.167842363155 	0.000567832413736 	295.584329275 	-278.482937326 	42.7894047255 	-0.27203359086 	1.87596501362e-19
0.273 	0.216736401674 	4.77861971626e-19 	0.167740405147 	0.000567664045163 	295.492389515 	-277.607016676 	42.7794996792 	-0.22106369182 	9.20523408068e-21
0.273 	0.21820083682 	7.58600124745e-20 	0.167740405147 	0.000567664045163 	295.492389515 	-277.607016676 	42.7794996792 	-0.22106369182 	9.20523408068e-21
0.273 	0.219665271967 	3.23864891219e-19 	0.167644050426 	0.000567505775795 	295.405011854 	-276.770449633 	42.7701319746 	-0.170116587821 	-7.64797277381e-20
0.273 	0.221129707113 	5.65307732804e-19 	0.167553174003 	0.000567357360334 	295.322112159 	-275.974170008 	42.7613198415 	-0.119173518465 	4.34862279992e-19
0.273 	0.222594142259 	8.1107517952e-19 	0.167553174003 	0.000567357360334 	295.322112159 	-275.974170008 	42.7613198415 	-0.119173518465 	4.34862279992e-19
0.273 	0.224058577406 	-4.20952468388e-19 	0.167467659917 	0.000567218568929 	295.243613469 	-275.21913638 	42.7530823131 	-0.0682147725719 	2.97976342301e-20
0.273 	0.225523012552 	8.52766232693e-19 	0.167467659917 	0.000567218568929 	295.243613469 	-275.21913638 	42.7530823131 	-0.0682147725719 	2.97976342301e-20
0.273 	0.226987447699 	8.47233601788e-20 	0.167387402752 	0.000567089189911 	295.169447293 	-274.506334108 	42.7454391644 	-0.0172197767234 	-3.69669647528e-19
0.273 	0.228451882845 	-1.20016868329e-19 	0.167312306454 	0.000566969027392 	295.099552833 	-273.836774159 	42.7384107969 	0.0338332338054 	-2.48507978421e-19
0.273 	0.229916317992 	3.29071630842e-19 	0.167312306454 	0.000566969027392 	295.099552833 	-273.836774159 	42.7384107969 	0.0338332338054 	-2.48507978421e-19
0.273 	0.231380753138 	-1.56563458126e-18 	0.167242286463 	0.000566857904985 	295.033878848 	-273.211499926 	42.7320181838 	0.084966663557 	2.17893206809e-19
0.273 	0.232845188285 	9.2036431863e-19 	0.167242286463 	0.000566857904985 	295.033878848 	-273.211499926 	42.7320181838 	0.084966663557 	2.17893206809e-19
0.273 	0.234309623431 	-5.88595673355e-20 	0.167177265886 	0.000566755658246 	294.972380873 	-272.63158132 	42.7262833289 	0.136204843907 	4.19621948146e-21
0.273 	0.235774058577 	-6.96662384393e-19 	0.167117185329 	0.00056666215261 	294.91502928 	-272.098139667 	42.7212287847 	0.187571214688 	-8.70515395675e-20
0.273 	0.237238493724 	-1.05499017744e-18 	0.167117185329 	0.00056666215261 	294.91502928 	-272.098139667 	42.7212287847 	0.187571214688 	-8.70515395675e-20
0.273 	0.23870292887 	-7.82340895264e-20 	0.167061983126 	0.000566577245605 	294.861794083 	-271.612284796 	42.7168784444 	0.239094831902 	-1.61084655544e-19
0.273 	0.240167364017 	1.61796989351e-18 	0.167061983126 	0.000566577245605 	294.861794083 	-271.612284796 	42.7168784444 	0.239094831902 	-1.61084655544e-19
0.273 	0.241631799163 	-2.54620510939e-19 	0.167011629509 	0.000566500850002 	294.812672406 	-271.175259162 	42.7132570157 	0.290798030321 	1.99869952602e-19
0.273 	0.24309623431 	5.78621427008e-19 	0.167011629509 	0.000566500850002 	294.812672406 	-271.175259162 	42.7132570157 	0.290798030321 	1.99869952602e-19
0.273 	0.244560669456 	8.81783199407e-19 	0.166966085081 	0.000566432854679 	294.767656399 	-270.788203477 	42.71039066 	0.342714975063 	9.89415048896e-20
0.273 	0.246025104603 	4.76023332984e-19 	0.166966085081 	0.000566432854679 	294.767656399 	-270.788203477 	42.71039066 	0.342714975063 	9.89415048896e-20
0.273 	0.247489539749 	-1.09264122949e-18 	0.16692534085 	0.000566373197797 	294.726765849 	-270.452402902 	42.7083052957 	0.394872332688 	-6.29180921232e-20
0.273 	0.248953974895 	4.08119398075e-19 	0.16692534085 	0.000566373197797 	294.726765849 	-270.452402902 	42.7083052957 	0.394872332688 	-6.29180921232e-20
0.273 	0.250418410042 	-1.80159434769e-19 	0.166889410555 	0.000566321849629 	294.690043594 	-270.169229157 	42.7070335764 	0.447301294159 	1.46436198319e-19
0.273 	0.251882845188 	-4.92452121422e-19 	0.166889410555 	0.000566321849629 	294.690043594 	-270.169229157 	42.7070335764 	0.447301294159 	1.46436198319e-19
0.273 	0.253347280335 	4.0124580969e-19 	0.166858297208 	0.000566278746904 	294.657530625 	-269.940036092 	42.7066002019 	0.500034767512 	-2.76195443938e-19
0.273 	0.254811715481 	1.35832881915e-18 	0.166858297208 	0.000566278746904 	294.657530625 	-269.940036092 	42.7066002019 	0.500034767512 	-2.76195443938e-19
0.273 	0.256276150628 	4.3873040918e-19 	0.166832063413 	0.000566243918281 	294.629324973 	-269.766274025 	42.7070383707 	0.553099565598 	1.90071417074e-19
0.273 	0.257740585774 	7.96854576755e-19 	0.166810575815 	0.000566216993339 	294.605385881 	-269.648956981 	42.7083883479 	0.606584355183 	-6.46094864756e-20
0.273 	0.259205020921 	1.87048227743e-18 	0.166810575815 	0.000566216993339 	294.605385881 	-269.648956981 	42.7083883479 	0.606584355183 	-6.46094864756e-20
0.273 	0.260669456067 	-2.45527987496e-19 	0.166794674687 	0.00056619939803 	294.586457116 	-269.591967167 	42.7106939435 	0.660295529368 	-2.10685099431e-20
0.273 	0.262133891213 	-7.09245666062e-20 	0.166794674687 	0.00056619939803 	294.586457116 	-269.591967167 	42.7106939435 	0.660295529368 	-2.10685099431e-20
0.273 	0.26359832636 	-6.26109627527e-19 	0.166781650604 	0.000566185807272 	294.570525192 	-269.58877797 	42.7139892657 	0.715087051339 	9.76970143439e-20
0.273 	0.265062761506 	-7.9690894439e-20 	0.166781650604 	0.000566185807272 	294.570525192 	-269.58877797 	42.7139892657 	0.715087051339 	9.76970143439e-20
0.273 	0.266527196653 	-2.75544204833e-19 	0.166773987165 	0.000566215030067 	294.541787676 	-268.70202993 	42.6912234814 	0.712665451214 	-8.64546242763e-20
0.273 	0.267991631799 	-7.00391773613e-19 	0.166772097781 	0.000566220762199 	294.535469052 	-268.783702987 	42.6956276704 	0.766668955517 	1.62406430673e-20
0.273 	0.269456066946 	4.9388097303e-19 	0.166772097781 	0.000566220762199 	294.535469052 	-268.783702987 	42.6956276704 	0.766668955517 	1.62406430673e-20
0.273 	0.270920502092 	1.93787286019e-20 	0.166761231837 	0.000566207408209 	294.523224915 	-268.873407144 	42.7010486213 	0.826014613839 	-8.79501403093e-20
0.273 	0.272384937238 	-1.02408457988e-18 	0.166761231837 	0.000566207408209 	294.523224915 	-268.873407144 	42.7010486213 	0.826014613839 	-8.79501403093e-20
0.273 	0.273849372385 	1.17043238013e-18 	0.166785107668 	0.000566256642692 	294.539781247 	-269.147857608 	42.7077423224 	0.875607832747 	5.47298480212e-20
0.273 	0.275313807531 	-5.90131231547e-20 	0.166785107668 	0.000566256642692 	294.539781247 	-269.147857608 	42.7077423224 	0.875607832747 	5.47298480212e-20
0.273 	0.276778242678 	4.80342288172e-19 	0.166763587659 	0.000566216552844 	294.522628879 	-269.256355231 	42.7151114726 	0.944934002835 	-1.77440236288e-20
0.273 	0.278242677824 	-4.79398666189e-19 	0.166763587659 	0.000566216552844 	294.522628879 	-269.256355231 	42.7151114726 	0.944934002835 	-1.77440236288e-20
0.273 	0.279707112971 	-7.67136457945e-19 	0.166823719091 	0.000566324241141 	294.572802948 	-269.809088952 	42.7248770631 	0.984666108075 	8.73503808844e-20
0.273 	0.281171548117 	-5.33230014579e-19 	0.166823719091 	0.000566324241141 	294.572802948 	-269.809088952 	42.7248770631 	0.984666108075 	8.73503808844e-20
0.273 	0.282635983264 	2.73001234493e-19 	0.166770331983 	0.000566210231788 	294.537828214 	-269.933498397 	42.7337537132 	1.06494153147 	-7.57974614097e-20
0.273 	0.28410041841 	9.41699166564e-19 	0.166770331983 	0.000566210231788 	294.537828214 	-269.933498397 	42.7337537132 	1.06494153147 	-7.57974614097e-20
0.273 	0.285564853556 	-2.69788903866e-19 	0.166798216997 	0.000566234287357 	294.574561664 	-270.646467677 	42.7474536184 	1.10174094113 	-9.15987819576e-20
0.273 	0.287029288703 	7.68619221451e-19 	0.166798216997 	0.000566234287357 	294.574561664 	-270.646467677 	42.7474536184 	1.10174094113 	-9.15987819576e-20
0.273 	0.288493723849 	-1.92615264677e-19 	0.166798216997 	0.000566234287357 	294.574561664 	-270.646467677 	42.7474536184 	1.10174094113 	-9.15987819576e-20
0.273 	0.289958158996 	-2.05431816962e-18 	0.166732933322 	0.0005660615222 	294.549137829 	-270.947432311 	42.7627221939 	1.18595988014 	-1.05947437753e-19
0.273 	0.291422594142 	-2.83038374585e-20 	0.166732933322 	0.0005660615222 	294.549137829 	-270.947432311 	42.7627221939 	1.18595988014 	-1.05947437753e-19
0.273 	0.292887029289 	-1.55092675236e-20 	0.166748514345 	0.00056600042443 	294.608461669 	-271.869556608 	42.7805867002 	1.21988660141 	-1.01873854555e-19
0.273 	0.294351464435 	8.36194425588e-20 	0.166748514345 	0.00056600042443 	294.608461669 	-271.869556608 	42.7805867002 	1.21988660141 	-1.01873854555e-19
0.273 	0.295815899582 	-3.81273067001e-19 	0.166730569471 	0.000565801029197 	294.680569437 	-272.216213077 	42.7980164135 	1.31767691032 	-8.86351779584e-20
0.273 	0.297280334728 	6.05169519921e-19 	0.166730569471 	0.000565801029197 	294.680569437 	-272.216213077 	42.7980164135 	1.31767691032 	-8.86351779584e-20
0.273 	0.298744769874 	-8.63549487034e-20 	0.166671315057 	0.00056537924669 	294.795601418 	-273.439648647 	42.8246993282 	1.33888133029 	-2.36533961739e-20
0.273 	0.300209205021 	7.79204698728e-19 	0.166671315057 	0.00056537924669 	294.795601418 	-273.439648647 	42.8246993282 	1.33888133029 	-2.36533961739e-20
0.273 	0.301673640167 	-7.60350934528e-19 	0.166671315057 	0.00056537924669 	294.795601418 	-273.439648647 	42.8246993282 	1.33888133029 	-2.36533961739e-20
0.273 	0.303138075314 	6.08020136117e-19 	0.166639007703 	0.000564707696684 	295.08896139 	-273.58741102 	42.8106360657 	1.46657861188 	2.99027676835e-20
0.273 	0.30460251046 	-3.16193161253e-19 	0.166639007703 	0.000564707696684 	295.08896139 	-273.58741102 	42.8106360657 	1.46657861188 	2.99027676835e-20
0.273 	0.306066945607 	-2.58864494224e-19 	0.166769546462 	0.000563796000494 	295.797675606 	-275.475283924 	42.8528944057 	1.45292519211 	3.7753813964e-20
0.273 	0.307531380753 	-8.54813872503e-19 	0.166769546462 	0.000563796000494 	295.797675606 	-275.475283924 	42.8528944057 	1.45292519211 	3.7753813964e-20
0.273 	0.3089958159 	7.41138413273e-19 	0.166816010341 	0.000562769889004 	296.419573258 	-275.701665269 	42.8968279553 	1.61065271115 	-1.10405320024e-19
0.273 	0.310460251046 	-8.51632583039e-19 	0.166816010341 	0.000562769889004 	296.419573258 	-275.701665269 	42.8968279553 	1.61065271115 	-1.10405320024e-19
0.273 	0.311924686192 	-4.01955701527e-19 	0.166816010341 	0.000562769889004 	296.419573258 	-275.701665269 	42.8968279553 	1.61065271115 	-1.10405320024e-19
0.273 	0.313389121339 	-6.38857421068e-19 	0.166886828618 	0.000562686758459 	296.589223238 	-278.025332082 	42.9455545113 	1.55687791605 	9.03315942427e-21
0.273 	0.314853556485 	-9.01365604405e-19 	0.166886828618 	0.000562686758459 	296.589223238 	-278.025332082 	42.9455545113 	1.55687791605 	9.03315942427e-21
0.273 	0.316317991632 	6.16020242545e-19 	0.167114304321 	0.000562968493469 	296.844861231 	-277.953976724 	43.1169690553 	1.78486878986 	6.85758524515e-21
0.273 	0.317782426778 	8.88796237099e-20 	0.167114304321 	0.000562968493469 	296.844861231 	-277.953976724 	43.1169690553 	1.78486878986 	6.85758524515e-21
0.273 	0.319246861925 	-5.29545103607e-19 	0.167114304321 	0.000562968493469 	296.844861231 	-277.953976724 	43.1169690553 	1.78486878986 	6.85758524515e-21
0.273 	0.320711297071 	-1.53670723808e-19 	0.16667861745 	0.000562351139412 	296.395980676 	-280.896103454 	43.0216818112 	1.73084852157 	-2.38659380015e-19
0.273 	0.322175732218 	3.29235756456e-19 	0.16667861745 	0.000562351139412 	296.395980676 	-280.896103454 	43.0216818112 	1.73084852157 	-2.38659380015e-19
