-0.89 	0 	0 	4.75645509355 	4.52514278784e-05 	99266.0621983 	10.7671814723 	16.3556214126 	0.000866853190336 	2.49160970581e-23
-0.89 	0.00146443514644 	1.13385510285e-18 	5.47749169009 	0.000583949129486 	9380.08366399 	10.7750904708 	26.3887385077 	0.00884269892809 	-1.35555477454e-23
-0.89 	0.00292887029289 	1.27699035254e-18 	4.4538739322 	0.000795731098758 	5429.25032556 	10.7842630025 	29.5529493284 	0.0207045495369 	2.26371773309e-24
-0.89 	0.00439330543933 	-2.67179794604e-18 	3.25412273051 	0.00066008181262 	4363.48273029 	10.7909706252 	31.5921094173 	0.0342524900101 	-1.14084508462e-23
-0.89 	0.00585774058577 	-5.01567793036e-18 	1.3173610164 	0.000416802338616 	3160.63729577 	10.7966474572 	33.8036230641 	0.0553516675483 	-9.93695211309e-24
-0.89 	0.00732217573222 	-3.12047196919e-18 	0.28225794104 	0.000188865142516 	1494.4946287 	10.7990265545 	34.7951018313 	0.0676029474213 	7.77219299037e-25
-0.89 	0.00878661087866 	-3.10199375501e-19 	0.138148812102 	0.000344472262934 	401.0448067 	10.8003110658 	34.9192866144 	0.0691443198663 	2.58336524112e-23
-0.89 	0.0102510460251 	1.39662681574e-18 	0.131377247116 	0.000492075800738 	266.985791455 	10.8013258999 	34.9159896411 	0.0690388883716 	-2.65747160179e-23
-0.89 	0.0117154811715 	1.2448117632e-18 	0.130183193728 	0.000535338881814 	243.179036962 	10.8027463651 	34.9022432743 	0.0687225720407 	1.50425231979e-23
-0.89 	0.013179916318 	1.27906503978e-18 	0.129998533592 	0.000539478000786 	240.970963418 	10.803858275 	34.8903502805 	0.0684311690297 	-1.2695461608e-23
-0.89 	0.0146443514644 	7.48064195847e-19 	0.129873631341 	0.000541254559076 	239.949260774 	10.8054016145 	34.8750980063 	0.0680119734491 	-7.88562856009e-24
-0.89 	0.0161087866109 	6.78695820314e-19 	0.129826606953 	0.000542782674482 	239.187087312 	10.8066059534 	34.8646768295 	0.0676852612308 	-3.2667261993e-23
-0.89 	0.0175732217573 	-6.74367928269e-19 	0.129811556996 	0.00054459410908 	238.36386555 	10.807851984 	34.855156003 	0.0673502517607 	-2.14975352925e-23
-0.89 	0.0190376569038 	-4.83527784105e-19 	0.129816341417 	0.000546428598304 	237.572377837 	10.8091411418 	34.8464259252 	0.0670065054678 	6.65481955896e-25
-0.89 	0.0205020920502 	-4.06846164715e-19 	0.129824657075 	0.000547557328078 	237.097835091 	10.8100252109 	34.84098401 	0.066771968599 	3.05572956832e-23
-0.89 	0.0219665271967 	-9.88307365957e-19 	0.129838610387 	0.000549025036536 	236.489416232 	10.8113891981 	34.8333081727 	0.0664112748818 	-6.88104421187e-24
-0.89 	0.0234309623431 	-2.10247148649e-19 	0.129850312257 	0.000550197018666 	236.006935429 	10.8127997023 	34.8261383668 	0.0660389969319 	-4.14758727461e-23
-0.89 	0.0248953974895 	1.051784306e-18 	0.12985592847 	0.000550823881521 	235.748544727 	10.8137664414 	34.8216036757 	0.0657839073564 	3.34826737342e-24
-0.89 	0.026359832636 	2.53832505417e-19 	0.129860978891 	0.000551566273908 	235.440390456 	10.8152569614 	34.8151253575 	0.0653902608821 	-3.80970184733e-24
-0.89 	0.0278242677824 	-1.37245018792e-18 	0.129862372694 	0.000551951616165 	235.278544153 	10.8162780391 	34.8110007732 	0.0651201214332 	-7.82305885057e-23
-0.89 	0.0292887029289 	-3.40950982921e-19 	0.129862492295 	0.000552266245983 	235.144720938 	10.8173213915 	34.8070169135 	0.0648435288518 	-6.52839637888e-23
-0.89 	0.0307531380753 	3.00345696988e-19 	0.12986160095 	0.000552522869672 	235.033892854 	10.8183873168 	34.8031629862 	0.0645602419974 	1.22651902195e-22
-0.89 	0.0322175732218 	-1.66755688497e-19 	0.12985887294 	0.000552822137038 	234.901723792 	10.8200291633 	34.7976053902 	0.0641222381088 	-5.09761607353e-23
-0.89 	0.0336820083682 	-6.27320394251e-21 	0.129856401554 	0.00055297695618 	234.831488189 	10.8211527768 	34.7940374534 	0.0638211735162 	9.27219625527e-24
-0.89 	0.0351464435146 	-3.66103022619e-20 	0.129853579398 	0.000553103889578 	234.77249364 	10.8222999459 	34.7905710298 	0.0635125820814 	-4.01435798811e-23
-0.89 	0.0366108786611 	6.91994119568e-19 	0.129850517605 	0.000553208219915 	234.722682944 	10.82347093 	34.7871999517 	0.0631962248173 	-9.14715721627e-24
-0.89 	0.0380753138075 	1.58587212011e-19 	0.129847301582 	0.000553294191164 	234.680399064 	10.8246659765 	34.7839186789 	0.0628718606843 	3.0317441979e-24
-0.89 	0.039539748954 	-1.96204881484e-19 	0.129845656689 	0.000553331384991 	234.661651609 	10.825272597 	34.7823101365 	0.0627065999925 	-1.551746929e-24
-0.89 	0.0410041841004 	1.16507723476e-18 	0.129842325832 	0.000553395993392 	234.628236168 	10.8265041717 	34.7791543313 	0.0623697675333 	-1.4975909376e-23
-0.89 	0.0424686192469 	-1.36202560222e-18 	0.129838974026 	0.000553449554023 	234.599473579 	10.8277603658 	34.7760766549 	0.062024312591 	1.21794507836e-23
-0.89 	0.0439330543933 	-1.43293932627e-18 	0.129835632552 	0.000553494050756 	234.574576501 	10.8290413727 	34.7730731319 	0.0616699824405 	4.68299962955e-23
-0.89 	0.0453974895397 	-4.05931341542e-19 	0.129833973114 	0.000553513414413 	234.563372328 	10.8296912363 	34.7715980248 	0.0614894090212 	8.4361311918e-23
-0.89 	0.0468619246862 	-4.40171557504e-19 	0.129830687993 	0.000553547228371 	234.543109131 	10.8310097825 	34.7686989718 	0.0611212827279 	-7.78799013359e-23
-0.89 	0.0483263598326 	1.89779143352e-18 	0.129827458903 	0.000553575444545 	234.525321132 	10.8323535364 	34.7658654606 	0.0607436299653 	-8.42076401655e-23
-0.89 	0.0497907949791 	7.66971617894e-21 	0.129825868506 	0.000553587760343 	234.517230703 	10.8330349039 	34.7644723364 	0.0605511472865 	-7.3411644951e-23
-0.89 	0.0512552301255 	3.04185370576e-19 	0.129822740423 	0.000553609321844 	234.502446582 	10.8344166808 	34.7617315767 	0.0601586987448 	4.46906272361e-23
-0.89 	0.052719665272 	1.67689623634e-19 	0.12982120399 	0.000553618744734 	234.495679969 	10.8351171095 	34.7603832693 	0.0599586636421 	-1.80966939875e-22
-0.89 	0.0541841004184 	3.2110642394e-19 	0.129818188462 	0.000553635257437 	234.483239132 	10.8365370812 	34.7577292064 	0.0595507960809 	-1.13053970737e-23
-0.89 	0.0556485355649 	-1.00833369228e-20 	0.129816709881 	0.000553642479485 	234.477509749 	10.8372566321 	34.7564228465 	0.0593428922873 	-7.84267132761e-23
-0.89 	0.0571129707113 	8.64960187666e-20 	0.129813811719 	0.000553655141483 	234.466912691 	10.8387148678 	34.7538500348 	0.0589189636224 	5.38011870857e-23
-0.89 	0.0585774058577 	-7.66559368846e-19 	0.129812392178 	0.000553660680764 	234.46200297 	10.8394535476 	34.7525830377 	0.0587028652267 	1.59095916329e-22
-0.89 	0.0600418410042 	4.58135441095e-19 	0.12980961186 	0.000553670391768 	234.452869054 	10.8409500015 	34.7500865653 	0.0582622136763 	-8.26472164539e-23
-0.89 	0.0615062761506 	7.70045839777e-19 	0.129808250827 	0.000553674638562 	234.448612571 	10.8417077563 	34.7488565971 	0.0580375847251 	6.62343601457e-24
-0.89 	0.0629707112971 	-1.26471549894e-18 	0.12980690898 	0.00055367852415 	234.444543753 	10.8424718462 	34.7476384926 	0.0578100358134 	5.33790857294e-23
-0.89 	0.0644351464435 	-1.44566188893e-18 	0.129804281998 	0.000553685328403 	234.436918119 	10.8440189637 	34.7452369756 	0.0573460222229 	1.10957234105e-22
-0.89 	0.06589958159 	1.11593416674e-18 	0.129802996386 	0.000553688299201 	234.433338349 	10.8448019509 	34.744053132 	0.0571094786086 	1.23475940053e-22
-0.89 	0.0673640167364 	1.28075014401e-18 	0.129801729016 	0.000553691013511 	234.429900159 	10.8455911921 	34.7428802896 	0.0568698571561 	-3.31267358243e-23
-0.89 	0.0688284518828 	2.32744755185e-19 	0.1297992479 	0.000553695754222 	234.423411973 	10.8471883226 	34.7405668219 	0.0563812184235 	-5.64990097328e-23
-0.89 	0.0702928870293 	-2.78978105041e-19 	0.129798033583 	0.000553697817158 	234.420345468 	10.8479961474 	34.7394258201 	0.0561321189631 	2.06797138838e-22
-0.89 	0.0717573221757 	3.56539010289e-19 	0.129796836372 	0.000553699696975 	234.417387405 	10.8488100968 	34.7382950657 	0.0558797773026 	-2.19860098377e-23
-0.89 	0.0732217573222 	-1.79884473775e-19 	0.12979565597 	0.000553701408346 	234.414531033 	10.8496301301 	34.7371743859 	0.055624151313 	-1.3787494018e-22
-0.89 	0.0746861924686 	-2.816341986e-19 	0.129794492081 	0.000553702964733 	234.411770115 	10.8504562033 	34.7360636139 	0.0553651984549 	-1.66418324192e-22
-0.89 	0.0761506276151 	-4.6537863871e-19 	0.12979221266 	0.000553705660953 	234.406512002 	10.852126275 	34.7338711543 	0.0548371398512 	1.25576369427e-22
-0.89 	0.0776150627615 	-1.75772706472e-18 	0.129791096539 	0.000553706822545 	234.404004529 	10.852970167 	34.7327891614 	0.0545679469112 	-9.27882626845e-23
-0.89 	0.0790794979079 	4.45392313096e-19 	0.129789995758 	0.000553707872836 	234.401571886 	10.8538198857 	34.7317164654 	0.0542952527091 	-5.82894957975e-23
-0.89 	0.0805439330544 	-2.70903125098e-19 	0.129788910031 	0.000553708820627 	234.39920983 	10.8546753679 	34.730652927 	0.0540190125811 	-3.45025123457e-23
-0.89 	0.0820083682008 	-7.36223046143e-19 	0.129787839075 	0.00055370967401 	234.396914424 	10.8555365466 	34.7295984122 	0.0537391814395 	-9.89826123134e-23
-0.89 	0.0834728033473 	-7.17791775372e-19 	0.129786782615 	0.000553710440432 	234.394682017 	10.8564033504 	34.7285527922 	0.0534557137613 	2.01968003212e-22
-0.89 	0.0849372384937 	-3.00527307578e-19 	0.129785740378 	0.000553711126745 	234.392509215 	10.8572757036 	34.727515943 	0.0531685636012 	-3.99007946897e-24
-0.89 	0.0864016736402 	2.25356781237e-19 	0.129784712099 	0.00055371173926 	234.390392865 	10.8581535261 	34.7264877457 	0.052877684572 	-8.78443455832e-23
-0.89 	0.0878661087866 	1.29904022032e-18 	0.129783697518 	0.000553712283788 	234.388330038 	10.8590367333 	34.725468086 	0.0525830298652 	-1.58055771883e-22
-0.89 	0.0893305439331 	-6.74652325129e-21 	0.129782696381 	0.000553712765684 	234.386318006 	10.859925236 	34.7244568547 	0.0522845522309 	7.64965178149e-23
-0.89 	0.0907949790795 	9.91824778297e-19 	0.12978170844 	0.000553713189883 	234.384354232 	10.8608189401 	34.7234539469 	0.0519822039895 	-5.3156086833e-23
-0.89 	0.0922594142259 	3.91699682436e-19 	0.129780733454 	0.000553713560937 	234.382436352 	10.8617177468 	34.7224592626 	0.0516759370283 	-1.05341289754e-22
-0.89 	0.0937238493724 	-4.53965559828e-19 	0.129779771186 	0.000553713883041 	234.380562166 	10.8626215524 	34.7214727064 	0.0513657027964 	-1.62764096506e-22
-0.89 	0.0951882845188 	6.05956687906e-19 	0.129778821409 	0.000553714160068 	234.37872962 	10.8635302478 	34.720494187 	0.0510514523138 	7.18907728048e-24
-0.89 	0.0966527196653 	9.04398218617e-19 	0.1297778839 	0.000553714395591 	234.376936799 	10.8644437191 	34.719523618 	0.0507331361603 	-1.01069008345e-23
-0.89 	0.0981171548117 	6.55014633005e-19 	0.129776958444 	0.000553714592909 	234.375181918 	10.865361847 	34.7185609172 	0.0504107044852 	1.3102476698e-22
-0.89 	0.0995815899582 	2.80832461348e-19 	0.129776044829 	0.000553714755068 	234.373463307 	10.8662845068 	34.7176060068 	0.0500841070013 	1.49807455425e-22
-0.89 	0.101046025105 	-1.46702350463e-19 	0.129775142855 	0.00055371488488 	234.371779409 	10.8672115682 	34.7166588132 	0.0497532929859 	-1.37234748393e-22
-0.89 	0.102510460251 	7.23277040507e-19 	0.129774252322 	0.000553714984944 	234.370128767 	10.8681428954 	34.7157192671 	0.049418211284 	5.62087985226e-23
-0.89 	0.103974895397 	1.09626314571e-18 	0.129773373041 	0.000553715057663 	234.368510021 	10.869078347 	34.7147873037 	0.0490788103047 	1.40698144058e-22
-0.89 	0.105439330544 	5.6719304302e-19 	0.129772504826 	0.000553715105256 	234.366921895 	10.8700177757 	34.7138628619 	0.0487350380236 	2.067327611e-23
-0.89 	0.10690376569 	7.66706799873e-19 	0.129771647499 	0.000553715129776 	234.365363199 	10.8709610281 	34.7129458854 	0.0483868419814 	-2.99651148368e-23
-0.89 	0.108368200837 	-5.25869552214e-19 	0.129771647499 	0.000553715129776 	234.365363199 	10.8709610281 	34.7129458854 	0.0483868419814 	-2.99651148368e-23
-0.89 	0.109832635983 	-5.64364822306e-19 	0.129770800887 	0.00055371513312 	234.363832817 	10.8719079451 	34.7120363215 	0.0480341692878 	-3.69384319983e-23
-0.89 	0.11129707113 	3.16225099129e-19 	0.129769964822 	0.000553715117045 	234.362329703 	10.8728583613 	34.711134122 	0.0476769666146 	-9.61052422803e-23
-0.89 	0.112761506276 	7.43330478286e-19 	0.129769139144 	0.000553715083173 	234.360852878 	10.8738121051 	34.7102392427 	0.0473151802058 	-9.47722216676e-23
-0.89 	0.114225941423 	1.11375430127e-18 	0.129768323696 	0.000553715033009 	234.359401425 	10.8747689988 	34.7093516434 	0.0469487558658 	-2.21697615369e-22
-0.89 	0.115690376569 	-4.56149889316e-19 	0.129767518328 	0.000553714967941 	234.357974483 	10.8757288579 	34.7084712883 	0.0465776389713 	-2.4838250231e-24
-0.89 	0.117154811715 	8.2217775523e-20 	0.129767518328 	0.000553714967941 	234.357974483 	10.8757288579 	34.7084712883 	0.0465776389713 	-2.4838250231e-24
-0.89 	0.118619246862 	5.6142506974e-19 	0.129766722894 	0.000553714889259 	234.356571245 	10.8766914918 	34.7075981454 	0.0462017744607 	-4.09391122387e-23
-0.89 	0.120083682008 	-1.18859502508e-19 	0.129765937255 	0.000553714798152 	234.355190954 	10.877656703 	34.7067321869 	0.045821106842 	1.79622061798e-22
-0.89 	0.121548117155 	2.4148997079e-18 	0.129765161276 	0.000553714695727 	234.353832898 	10.8786242875 	34.7058733891 	0.045435580185 	9.63420844531e-23
-0.89 	0.123012552301 	-1.65300628976e-18 	0.129764394826 	0.000553714583003 	234.352496411 	10.8795940346 	34.7050217325 	0.0450451381276 	8.08581970808e-23
-0.89 	0.124476987448 	8.83266495894e-19 	0.129764394826 	0.000553714583003 	234.352496411 	10.8795940346 	34.7050217325 	0.0450451381276 	8.08581970808e-23
-0.89 	0.125941422594 	5.91891294341e-19 	0.129763637781 	0.000553714460929 	234.351180866 	10.8805657265 	34.7041772015 	0.0446497238664 	-2.31037155198e-22
-0.89 	0.127405857741 	-1.17589564682e-18 	0.129762890021 	0.000553714330381 	234.349885674 	10.8815391386 	34.7033397848 	0.044249280165 	5.14035855476e-23
-0.89 	0.128870292887 	2.72619007811e-19 	0.129762151429 	0.000553714192171 	234.348610283 	10.8825140393 	34.7025094751 	0.0438437493405 	-1.17481483017e-22
-0.89 	0.130334728033 	3.81199886242e-19 	0.129762151429 	0.000553714192171 	234.348610283 	10.8825140393 	34.7025094751 	0.0438437493405 	-1.17481483017e-22
-0.89 	0.13179916318 	4.55736859248e-19 	0.129761421895 	0.000553714047054 	234.347354173 	10.88349019 	34.7016862695 	0.0434330732742 	-4.9038756872e-23
-0.89 	0.133263598326 	4.28805804886e-19 	0.129760701313 	0.000553713895726 	234.346116857 	10.8844673447 	34.700870169 	0.043017193394 	2.3594633549e-22
-0.89 	0.134728033473 	1.10536851133e-18 	0.12975998958 	0.000553713738836 	234.344897875 	10.8854452504 	34.7000611789 	0.0425960506871 	-1.48513711624e-22
-0.89 	0.136192468619 	2.62245339713e-21 	0.12975998958 	0.000553713738836 	234.344897875 	10.8854452504 	34.7000611789 	0.0425960506871 	-1.48513711624e-22
-0.89 	0.137656903766 	4.52058663719e-19 	0.129759286598 	0.000553713576983 	234.343696799 	10.8864236465 	34.6992593088 	0.0421695856789 	3.29712897975e-22
-0.89 	0.139121338912 	9.92673166719e-19 	0.129758592273 	0.000553713410723 	234.342513221 	10.8874022654 	34.6984645726 	0.0417377384441 	-9.34882035654e-24
-0.89 	0.140585774059 	4.47995549783e-19 	0.129758592273 	0.000553713410723 	234.342513221 	10.8874022654 	34.6984645726 	0.0417377384441 	-9.34882035654e-24
-0.89 	0.142050209205 	-2.92163388594e-19 	0.129757906517 	0.000553713240574 	234.341346763 	10.8883808317 	34.6976769885 	0.0413004485881 	-1.19342388281e-22
-0.89 	0.143514644351 	-2.22517720194e-18 	0.129757229243 	0.000553713067012 	234.340197068 	10.8893590627 	34.6968965789 	0.0408576552487 	-2.04529272494e-22
-0.89 	0.144979079498 	7.4920037821e-20 	0.129757229243 	0.000553713067012 	234.340197068 	10.8893590627 	34.6968965789 	0.0408576552487 	-2.04529272494e-22
-0.89 	0.146443514644 	3.1994283317e-19 	0.12975656037 	0.000553712890483 	234.3390638 	10.890336668 	34.6961233708 	0.0404092970863 	-8.13440084672e-23
-0.89 	0.147907949791 	1.4278202e-19 	0.12975589982 	0.000553712711399 	234.337946644 	10.8913133498 	34.6953573957 	0.0399553122712 	-1.29199353629e-22
-0.89 	0.149372384937 	-3.1800860974e-20 	0.12975589982 	0.000553712711399 	234.337946644 	10.8913133498 	34.6953573957 	0.0399553122712 	-1.29199353629e-22
-0.89 	0.150836820084 	2.29601724558e-19 	0.12975524752 	0.000553712530142 	234.336845306 	10.8922888023 	34.6945986894 	0.0394956384833 	2.01462672859e-22
-0.89 	0.15230125523 	3.00866691386e-20 	0.1297546034 	0.000553712347068 	234.335759509 	10.8932627123 	34.6938472925 	0.0390302128889 	-7.08465382395e-23
-0.89 	0.153765690377 	-7.97562207228e-20 	0.1297546034 	0.000553712347068 	234.335759509 	10.8932627123 	34.6938472925 	0.0390302128889 	-7.08465382395e-23
-0.89 	0.155230125523 	-1.84575004082e-19 	0.129753967393 	0.000553712162507 	234.334688994 	10.8942347583 	34.6931032503 	0.0385589721402 	6.88866078955e-23
-0.89 	0.156694560669 	1.43527435753e-18 	0.129753339437 	0.000553711976764 	234.333633517 	10.8952046116 	34.6923666125 	0.0380818523523 	3.32254115124e-23
-0.89 	0.158158995816 	1.26765592873e-19 	0.129753339437 	0.000553711976764 	234.333633517 	10.8952046116 	34.6923666125 	0.0380818523523 	3.32254115124e-23
-0.89 	0.159623430962 	-1.77977349158e-19 	0.129752719473 	0.000553711790124 	234.332592854 	10.8961719351 	34.6916374341 	0.0375987890926 	-2.22386957488e-22
-0.89 	0.161087866109 	-3.31896218003e-19 	0.129752719473 	0.000553711790124 	234.332592854 	10.8961719351 	34.6916374341 	0.0375987890926 	-2.22386957488e-22
-0.89 	0.162552301255 	-8.72231972614e-19 	0.129752107446 	0.000553711602848 	234.331566792 	10.8971363839 	34.6909157746 	0.0371097173634 	4.61037301329e-24
-0.89 	0.164016736402 	7.84855849381e-19 	0.129751503302 	0.000553711415151 	234.330555145 	10.898097605 	34.6902016988 	0.0366145715786 	2.61502166119e-22
-0.89 	0.165481171548 	-3.71001691068e-19 	0.129751503302 	0.000553711415151 	234.330555145 	10.898097605 	34.6902016988 	0.0366145715786 	2.61502166119e-22
-0.89 	0.166945606695 	-4.81451163924e-19 	0.129750906983 	0.000553711227088 	234.329557782 	10.8990552375 	34.6894952763 	0.0361132855494 	-1.97144051568e-22
-0.89 	0.168410041841 	-6.96618890402e-19 	0.129750906983 	0.000553711227088 	234.329557782 	10.8990552375 	34.6894952763 	0.0361132855494 	-1.97144051568e-22
-0.89 	0.169874476987 	-7.0599830607e-19 	0.129750318395 	0.000553711037972 	234.328574829 	10.9000089123 	34.6887965821 	0.0356057924522 	1.63588556388e-22
-0.89 	0.171338912134 	3.03539272413e-20 	0.129749737317 	0.000553710843993 	234.327607496 	10.900958252 	34.6881056966 	0.035092024814 	-1.61043955321e-22
-0.89 	0.17280334728 	5.72485823894e-19 	0.129749737317 	0.000553710843993 	234.327607496 	10.900958252 	34.6881056966 	0.035092024814 	-1.61043955321e-22
-0.89 	0.174267782427 	2.47235484009e-19 	0.129749163194 	0.000553710630328 	234.326661053 	10.901902871 	34.6874227055 	0.0345719144683 	2.70993692894e-22
-0.89 	0.175732217573 	-7.55622311296e-19 	0.129749163194 	0.000553710630328 	234.326661053 	10.901902871 	34.6874227055 	0.0345719144683 	2.70993692894e-22
-0.89 	0.17719665272 	3.91097884699e-20 	0.129748595092 	0.000553710348003 	234.325754538 	10.9028423754 	34.6867477001 	0.0340453925471 	-1.91290318595e-22
-0.89 	0.178661087866 	-1.22643276206e-19 	0.129748595092 	0.000553710348003 	234.325754538 	10.9028423754 	34.6867477001 	0.0340453925471 	-1.91290318595e-22
-0.89 	0.180125523013 	-2.84571307747e-19 	0.12974803363 	0.00055371003827 	234.324871616 	10.9037763629 	34.6860807774 	0.0335123894148 	-2.86290195211e-22
-0.89 	0.181589958159 	1.95296561919e-19 	0.129747479331 	0.00055370971819 	234.324006006 	10.9047044226 	34.6854220403 	0.0329728346715 	5.29752155986e-22
-0.89 	0.183054393305 	-4.73227417891e-19 	0.129747479331 	0.00055370971819 	234.324006006 	10.9047044226 	34.6854220403 	0.0329728346715 	5.29752155986e-22
-0.89 	0.184518828452 	4.03504498596e-19 	0.129746932389 	0.000553709392649 	234.323155993 	10.905626135 	34.6847715978 	0.03242665707 	4.52916248724e-23
-0.89 	0.185983263598 	4.68749658175e-19 	0.129746932389 	0.000553709392649 	234.323155993 	10.905626135 	34.6847715978 	0.03242665707 	4.52916248724e-23
-0.89 	0.187447698745 	-7.41371876694e-19 	0.129746392823 	0.000553709062069 	234.322321434 	10.906541072 	34.684129565 	0.0318737845114 	7.42393788434e-23
-0.89 	0.188912133891 	-6.57635041805e-19 	0.129746392823 	0.000553709062069 	234.322321434 	10.906541072 	34.684129565 	0.0318737845114 	7.42393788434e-23
-0.89 	0.190376569038 	1.95419918481e-19 	0.129745860595 	0.000553708725531 	234.321502646 	10.9074487967 	34.6834960633 	0.0313141439629 	7.74105915499e-23
-0.89 	0.191841004184 	-1.86828184942e-19 	0.129745860595 	0.000553708725531 	234.321502646 	10.9074487967 	34.6834960633 	0.0313141439629 	7.74105915499e-23
-0.89 	0.193305439331 	4.46995939894e-19 	0.129745335647 	0.000553708381665 	234.320700108 	10.9083488632 	34.682871221 	0.0307476614363 	-9.610249087e-23
-0.89 	0.194769874477 	-8.03235747476e-19 	0.129745335647 	0.000553708381665 	234.320700108 	10.9083488632 	34.682871221 	0.0307476614363 	-9.610249087e-23
-0.89 	0.196234309623 	3.86321734915e-19 	0.129744817919 	0.000553708028833 	234.3199144 	10.9092408165 	34.6822551728 	0.0301742619072 	-1.97574717677e-22
-0.89 	0.19769874477 	3.12144992047e-19 	0.129744817919 	0.000553708028833 	234.3199144 	10.9092408165 	34.6822551728 	0.0301742619072 	-1.97574717677e-22
-0.89 	0.199163179916 	5.85856050562e-19 	0.129744307342 	0.00055370766512 	234.319146211 	10.9101241923 	34.6816480606 	0.0295938692767 	-4.4548626312e-22
-0.89 	0.200627615063 	2.19287722374e-21 	0.129744307342 	0.00055370766512 	234.319146211 	10.9101241923 	34.6816480606 	0.0295938692767 	-4.4548626312e-22
-0.89 	0.202092050209 	2.64973322662e-19 	0.129743803844 	0.000553707288288 	234.318396359 	10.9109985171 	34.6810500334 	0.0290064062865 	1.66885209008e-22
-0.89 	0.203556485356 	-6.22794974712e-19 	0.129743803844 	0.000553707288288 	234.318396359 	10.9109985171 	34.6810500334 	0.0290064062865 	1.66885209008e-22
-0.89 	0.205020920502 	-1.02735455255e-18 	0.129743307344 	0.000553706895704 	234.317665809 	10.9118633075 	34.6804612477 	0.0284117944693 	-2.1812802542e-22
-0.89 	0.206485355649 	4.84227779399e-19 	0.129743307344 	0.000553706895704 	234.317665809 	10.9118633075 	34.6804612477 	0.0284117944693 	-2.1812802542e-22
-0.89 	0.207949790795 	-1.33930848832e-19 	0.12974281775 	0.000553706484259 	234.316955713 	10.9127180705 	34.6798818679 	0.0278099540543 	-2.11576073413e-22
-0.89 	0.209414225941 	8.94719488475e-19 	0.12974281775 	0.000553706484259 	234.316955713 	10.9127180705 	34.6798818679 	0.0278099540543 	-2.11576073413e-22
-0.89 	0.210878661088 	2.21728576547e-19 	0.129742334958 	0.000553706050256 	234.316267445 	10.9135623027 	34.6793120662 	0.0272008039055 	4.10669142692e-22
-0.89 	0.212343096234 	3.57215062815e-19 	0.129742334958 	0.000553706050256 	234.316267445 	10.9135623027 	34.6793120662 	0.0272008039055 	4.10669142692e-22
-0.89 	0.213807531381 	5.51367148984e-19 	0.129741858843 	0.000553705589278 	234.315602651 	10.9143954906 	34.6787520231 	0.02658426142 	2.8295035915e-23
-0.89 	0.215271966527 	-7.87093568539e-20 	0.129741858843 	0.000553705589278 	234.315602651 	10.9143954906 	34.6787520231 	0.02658426142 	2.8295035915e-23
-0.89 	0.216736401674 	1.36439826173e-20 	0.129741389259 	0.000553705096011 	234.314963315 	10.9152171098 	34.6782019279 	0.02596024245 	-1.24138558779e-22
-0.89 	0.21820083682 	1.50798444336e-19 	0.129741389259 	0.000553705096011 	234.314963315 	10.9152171098 	34.6782019279 	0.02596024245 	-1.24138558779e-22
-0.89 	0.219665271967 	6.64206396463e-19 	0.129740926029 	0.00055370456403 	234.314351836 	10.9160266249 	34.6776619788 	0.0253286611917 	-2.68529277678e-22
-0.89 	0.221129707113 	-4.00314925876e-19 	0.129740926029 	0.00055370456403 	234.314351836 	10.9160266249 	34.6776619788 	0.0253286611917 	-2.68529277678e-22
-0.89 	0.222594142259 	-7.40878509608e-19 	0.129740468938 	0.000553703985507 	234.313771137 	10.9168234893 	34.6771323832 	0.0246894300949 	1.87090087307e-22
-0.89 	0.224058577406 	-1.34455531297e-18 	0.129740468938 	0.000553703985507 	234.313771137 	10.9168234893 	34.6771323832 	0.0246894300949 	1.87090087307e-22
-0.89 	0.225523012552 	-3.26211595692e-19 	0.129740468938 	0.000553703985507 	234.313771137 	10.9168234893 	34.6771323832 	0.0246894300949 	1.87090087307e-22
-0.89 	0.226987447699 	4.78880996306e-19 	0.129740017718 	0.000553703350851 	234.313224797 	10.917607144 	34.6766133584 	0.0240424597357 	-2.75612158735e-22
-0.89 	0.228451882845 	-6.07932616263e-19 	0.129740017718 	0.000553703350851 	234.313224797 	10.917607144 	34.6766133584 	0.0240424597357 	-2.75612158735e-22
-0.89 	0.229916317992 	2.04648581054e-19 	0.12973957204 	0.000553702648213 	234.312717229 	10.9183770182 	34.6761051315 	0.023387658721 	-1.5508789375e-23
-0.89 	0.231380753138 	-4.14769464139e-19 	0.12973957204 	0.000553702648213 	234.312717229 	10.9183770182 	34.6761051315 	0.023387658721 	-1.5508789375e-23
-0.89 	0.232845188285 	-1.07900568431e-18 	0.129739131484 	0.000553701862862 	234.312253916 	10.919132528 	34.6756079406 	0.0227249335256 	-3.1482366341e-22
-0.89 	0.234309623431 	7.38518790347e-19 	0.129739131484 	0.000553701862862 	234.312253916 	10.919132528 	34.6756079406 	0.0227249335256 	-3.1482366341e-22
-0.89 	0.235774058577 	3.8687675885e-19 	0.129738695523 	0.000553700976317 	234.311841721 	10.9198730761 	34.6751220345 	0.0220541884295 	3.00203548005e-22
-0.89 	0.237238493724 	7.69455378157e-19 	0.129738695523 	0.000553700976317 	234.311841721 	10.9198730761 	34.6751220345 	0.0220541884295 	3.00203548005e-22
-0.89 	0.23870292887 	-1.61889838614e-19 	0.129738695523 	0.000553700976317 	234.311841721 	10.9198730761 	34.6751220345 	0.0220541884295 	3.00203548005e-22
-0.89 	0.240167364017 	-7.66652667967e-19 	0.129738263479 	0.00055369996521 	234.31148931 	10.9205980509 	34.6746476736 	0.0213753252438 	8.01893648985e-23
-0.89 	0.241631799163 	-9.12789467077e-19 	0.129738263479 	0.00055369996521 	234.31148931 	10.9205980509 	34.6746476736 	0.0213753252438 	8.01893648985e-23
-0.89 	0.24309623431 	1.17627872919e-18 	0.129737834476 	0.000553698799714 	234.311207724 	10.9213068268 	34.6741851303 	0.0206882434152 	-2.47007935717e-22
-0.89 	0.244560669456 	-1.43869493319e-19 	0.129737834476 	0.000553698799714 	234.311207724 	10.9213068268 	34.6741851303 	0.0206882434152 	-2.47007935717e-22
-0.89 	0.246025104603 	-1.17423047763e-18 	0.129737407373 	0.000553697441384 	234.31101117 	10.9219987611 	34.6737346897 	0.0199928394044 	7.67781265989e-22
-0.89 	0.247489539749 	1.13369938285e-18 	0.129737407373 	0.000553697441384 	234.31101117 	10.9219987611 	34.6737346897 	0.0199928394044 	7.67781265989e-22
-0.89 	0.248953974895 	1.20522854198e-19 	0.129737407373 	0.000553697441384 	234.31101117 	10.9219987611 	34.6737346897 	0.0199928394044 	7.67781265989e-22
-0.89 	0.250418410042 	3.263670108e-19 	0.129736980667 	0.000553695840145 	234.310918126 	10.9226731974 	34.6732966501 	0.0192890073569 	4.5684422573e-22
-0.89 	0.251882845188 	8.33092607943e-19 	0.129736980667 	0.000553695840145 	234.310918126 	10.9226731974 	34.6732966501 	0.0192890073569 	4.5684422573e-22
-0.89 	0.253347280335 	-1.85335313438e-19 	0.129736552358 	0.000553693930014 	234.310952902 	10.9233294575 	34.6728713237 	0.018576637463 	6.51827513056e-22
-0.89 	0.254811715481 	-3.70607761411e-19 	0.129736552358 	0.000553693930014 	234.310952902 	10.9233294575 	34.6728713237 	0.018576637463 	6.51827513056e-22
-0.89 	0.256276150628 	-9.82028956782e-20 	0.129736552358 	0.000553693930014 	234.310952902 	10.9233294575 	34.6728713237 	0.018576637463 	6.51827513056e-22
-0.89 	0.257740585774 	-1.85273633816e-19 	0.129736119753 	0.000553691622968 	234.311147887 	10.9239668523 	34.6724590371 	0.0178556183092 	7.92240961122e-23
-0.89 	0.259205020921 	-1.7511746725e-19 	0.129736119753 	0.000553691622968 	234.311147887 	10.9239668523 	34.6724590371 	0.0178556183092 	7.92240961122e-23
-0.89 	0.260669456067 	7.25497290205e-19 	0.129735679184 	0.000553688799973 	234.311546829 	10.9245846613 	34.6720601326 	0.0171258323758 	3.21252283567e-23
-0.89 	0.262133891213 	2.34612803865e-19 	0.129735679184 	0.000553688799973 	234.311546829 	10.9245846613 	34.6720601326 	0.0171258323758 	3.21252283567e-23
-0.89 	0.26359832636 	-2.41305731854e-19 	0.129735679184 	0.000553688799973 	234.311546829 	10.9245846613 	34.6720601326 	0.0171258323758 	3.21252283567e-23
-0.89 	0.265062761506 	6.4749641124e-19 	0.129735225575 	0.000553685297656 	234.312209705 	10.9251821634 	34.6716749681 	0.0163871630937 	-5.1517698044e-22
-0.89 	0.266527196653 	2.19619986522e-19 	0.129735225575 	0.000553685297656 	234.312209705 	10.9251821634 	34.6716749681 	0.0163871630937 	-5.1517698044e-22
-0.89 	0.267991631799 	1.0378502904e-18 	0.129734751806 	0.000553680888089 	234.313220117 	10.9257585823 	34.6713039192 	0.0156394825629 	-4.32471749634e-22
-0.89 	0.269456066946 	-1.18355204377e-19 	0.129734751806 	0.000553680888089 	234.313220117 	10.9257585823 	34.6713039192 	0.0156394825629 	-4.32471749634e-22
-0.89 	0.270920502092 	-9.32711764625e-19 	0.129734751806 	0.000553680888089 	234.313220117 	10.9257585823 	34.6713039192 	0.0156394825629 	-4.32471749634e-22
-0.89 	0.272384937238 	-7.14158745126e-19 	0.1297342477 	0.000553675247484 	234.314696728 	10.9263131733 	34.6709473784 	0.0148826712206 	-2.52255667385e-22
-0.89 	0.273849372385 	1.75121214671e-19 	0.1297342477 	0.000553675247484 	234.314696728 	10.9263131733 	34.6709473784 	0.0148826712206 	-2.52255667385e-22
-0.89 	0.275313807531 	-4.01572266669e-19 	0.1297342477 	0.000553675247484 	234.314696728 	10.9263131733 	34.6709473784 	0.0148826712206 	-2.52255667385e-22
-0.89 	0.276778242678 	-4.01846845393e-19 	0.129733698436 	0.000553667906528 	234.316811406 	10.9268450783 	34.6706057589 	0.0141165852091 	-2.09476713051e-22
-0.89 	0.278242677824 	1.48323614021e-19 	0.129733698436 	0.000553667906528 	234.316811406 	10.9268450783 	34.6706057589 	0.0141165852091 	-2.09476713051e-22
-0.89 	0.279707112971 	5.69639394922e-19 	0.129733081941 	0.000553658169507 	234.319818773 	10.9273535543 	34.6702794908 	0.0133411084199 	5.11767417954e-22
-0.89 	0.281171548117 	2.12064258696e-19 	0.129733081941 	0.000553658169507 	234.319818773 	10.9273535543 	34.6702794908 	0.0133411084199 	5.11767417954e-22
-0.89 	0.282635983264 	5.47878831854e-19 	0.129733081941 	0.000553658169507 	234.319818773 	10.9273535543 	34.6702794908 	0.0133411084199 	5.11767417954e-22
-0.89 	0.28410041841 	2.05409136691e-19 	0.129732364505 	0.000553644978558 	234.324105753 	10.9278376069 	34.6699690301 	0.0125560687931 	5.62396235993e-23
-0.89 	0.285564853556 	-4.21360833083e-19 	0.129732364505 	0.000553644978558 	234.324105753 	10.9278376069 	34.6699690301 	0.0125560687931 	5.62396235993e-23
-0.89 	0.287029288703 	-3.78595570185e-19 	0.129732364505 	0.000553644978558 	234.324105753 	10.9278376069 	34.6699690301 	0.0125560687931 	5.62396235993e-23
-0.89 	0.288493723849 	4.93456943627e-20 	0.129731493154 	0.000553626678168 	234.330277549 	10.9282965604 	34.6696748482 	0.0117613699447 	3.21346798524e-22
-0.89 	0.289958158996 	2.8064431499e-20 	0.129731493154 	0.000553626678168 	234.330277549 	10.9282965604 	34.6696748482 	0.0117613699447 	3.21346798524e-22
-0.89 	0.291422594142 	-3.32684102358e-20 	0.129731493154 	0.000553626678168 	234.330277549 	10.9282965604 	34.6696748482 	0.0117613699447 	3.21346798524e-22
-0.89 	0.292887029289 	5.61150789051e-19 	0.129730381798 	0.000553600590429 	234.339312567 	10.9287291687 	34.6693974509 	0.0109567846728 	-4.33942850506e-22
-0.89 	0.294351464435 	3.48134191298e-19 	0.129730381798 	0.000553600590429 	234.339312567 	10.9287291687 	34.6693974509 	0.0109567846728 	-4.33942850506e-22
-0.89 	0.295815899582 	3.18330591564e-19 	0.129728885038 	0.000553562214833 	234.352854226 	10.9291349746 	34.6691373528 	0.0101422739196 	2.31141665991e-22
-0.89 	0.297280334728 	1.43724781241e-18 	0.129728885038 	0.000553562214833 	234.352854226 	10.9291349746 	34.6691373528 	0.0101422739196 	2.31141665991e-22
-0.89 	0.298744769874 	8.10742057679e-20 	0.129728885038 	0.000553562214833 	234.352854226 	10.9291349746 	34.6691373528 	0.0101422739196 	2.31141665991e-22
-0.89 	0.300209205021 	2.22982467196e-19 	0.129726745715 	0.000553503641091 	234.373789229 	10.9295122423 	34.6688951201 	0.00931749744922 	1.83187653991e-22
-0.89 	0.301673640167 	1.62088372894e-18 	0.129726745715 	0.000553503641091 	234.373789229 	10.9295122423 	34.6688951201 	0.00931749744922 	1.83187653991e-22
-0.89 	0.303138075314 	-4.15282994022e-20 	0.129726745715 	0.000553503641091 	234.373789229 	10.9295122423 	34.6688951201 	0.00931749744922 	1.83187653991e-22
-0.89 	0.30460251046 	6.3937776691e-19 	0.129723483505 	0.000553410208236 	234.407464074 	10.9298610565 	34.6686713105 	0.00848255514828 	-2.40230884785e-22
-0.89 	0.306066945607 	-8.17260828661e-19 	0.129723483505 	0.000553410208236 	234.407464074 	10.9298610565 	34.6686713105 	0.00848255514828 	-2.40230884785e-22
-0.89 	0.307531380753 	7.69702553504e-19 	0.129723483505 	0.000553410208236 	234.407464074 	10.9298610565 	34.6686713105 	0.00848255514828 	-2.40230884785e-22
-0.89 	0.3089958159 	-7.30992114934e-19 	0.129718139929 	0.000553252965593 	234.46442766 	10.9301787194 	34.668466566 	0.00763687366526 	-5.43378167679e-23
-0.89 	0.310460251046 	1.11440532922e-19 	0.129718139929 	0.000553252965593 	234.46442766 	10.9301787194 	34.668466566 	0.00763687366526 	-5.43378167679e-23
-0.89 	0.311924686192 	5.54604436303e-19 	0.129718139929 	0.000553252965593 	234.46442766 	10.9301787194 	34.668466566 	0.00763687366526 	-5.43378167679e-23
-0.89 	0.313389121339 	2.05820224954e-19 	0.129708647658 	0.000552970305165 	234.567112278 	10.9304665158 	34.6682814826 	0.00678085985375 	8.6469613577e-22
-0.89 	0.314853556485 	-7.81929893097e-19 	0.129708647658 	0.000552970305165 	234.567112278 	10.9304665158 	34.6682814826 	0.00678085985375 	8.6469613577e-22
-0.89 	0.316317991632 	2.58675372651e-19 	0.129708647658 	0.000552970305165 	234.567112278 	10.9304665158 	34.6682814826 	0.00678085985375 	8.6469613577e-22
-0.89 	0.317782426778 	-2.10451747801e-19 	0.129690165103 	0.000552420002881 	234.767322737 	10.9307199031 	34.6681168015 	0.00591346793915 	3.59054201321e-22
-0.89 	0.319246861925 	9.57463367507e-20 	0.129690165103 	0.000552420002881 	234.767322737 	10.9307199031 	34.6681168015 	0.00591346793915 	3.59054201321e-22
-0.89 	0.320711297071 	-1.52706822513e-19 	0.129690165103 	0.000552420002881 	234.767322737 	10.9307199031 	34.6681168015 	0.00591346793915 	3.59054201321e-22
-0.89 	0.322175732218 	-1.21652970375e-18 	0.129650735818 	0.000551252556437 	235.192987867 	10.930942686 	34.6679731391 	0.00503574144001 	-4.07524230121e-22
-0.89 	0.323640167364 	-8.83200224465e-19 	0.129650735818 	0.000551252556437 	235.192987867 	10.930942686 	34.6679731391 	0.00503574144001 	-4.07524230121e-22
-0.89 	0.32510460251 	-1.24359772036e-19 	0.129650735818 	0.000551252556437 	235.192987867 	10.930942686 	34.6679731391 	0.00503574144001 	-4.07524230121e-22
-0.89 	0.326569037657 	-2.53696515854e-19 	0.129562735157 	0.000548638447959 	236.153218279 	10.9311270147 	34.6678513567 	0.0041457079464 	7.87092801067e-23
-0.89 	0.328033472803 	-4.44495519825e-19 	0.129562735157 	0.000548638447959 	236.153218279 	10.9311270147 	34.6678513567 	0.0041457079464 	7.87092801067e-23
-0.89 	0.32949790795 	-1.02905300886e-19 	0.129562735157 	0.000548638447959 	236.153218279 	10.9311270147 	34.6678513567 	0.0041457079464 	7.87092801067e-23
-0.89 	0.330962343096 	-6.95989344945e-19 	0.129388302951 	0.000543347072953 	238.131959096 	10.9312816571 	34.6677520187 	0.00324568448481 	-5.33021740045e-22
-0.89 	0.332426778243 	5.18337666562e-19 	0.129388302951 	0.000543347072953 	238.131959096 	10.9312816571 	34.6677520187 	0.00324568448481 	-5.33021740045e-22
-0.89 	0.333891213389 	1.82775233732e-19 	0.129388302951 	0.000543347072953 	238.131959096 	10.9312816571 	34.6677520187 	0.00324568448481 	-5.33021740045e-22
-0.89 	0.335355648536 	2.24226357938e-19 	0.129388302951 	0.000543347072953 	238.131959096 	10.9312816571 	34.6677520187 	0.00324568448481 	-5.33021740045e-22
-0.89 	0.336820083682 	-4.01004119911e-19 	0.129216233515 	0.000538609418778 	239.907118238 	10.9313906396 	34.6676762878 	0.00233188023296 	-2.48429255185e-22
-0.89 	0.338284518828 	5.2041793831e-19 	0.129216233515 	0.000538609418778 	239.907118238 	10.9313906396 	34.6676762878 	0.00233188023296 	-2.48429255185e-22
-0.89 	0.339748953975 	1.05474684924e-19 	0.129216233515 	0.000538609418778 	239.907118238 	10.9313906396 	34.6676762878 	0.00233188023296 	-2.48429255185e-22
-0.89 	0.341213389121 	1.02153078473e-18 	0.129184355705 	0.000538011655695 	240.114418225 	10.9314693366 	34.6676250366 	0.00140900336818 	2.7310340548e-22
-0.89 	0.342677824268 	1.5109351659e-19 	0.129184355705 	0.000538011655695 	240.114418225 	10.9314693366 	34.6676250366 	0.00140900336818 	2.7310340548e-22
-0.89 	0.344142259414 	1.6652471933e-19 	0.129184355705 	0.000538011655695 	240.114418225 	10.9314693366 	34.6676250366 	0.00140900336818 	2.7310340548e-22
-0.89 	0.345606694561 	2.41264389218e-20 	0.129180994452 	0.00053796655968 	240.128298177 	10.9314929916 	34.6676001552 	0.000470110631691 	5.45155578543e-22
-0.89 	0.347071129707 	-5.05836838842e-19 	0.129180994452 	0.00053796655968 	240.128298177 	10.9314929916 	34.6676001552 	0.000470110631691 	5.45155578543e-22
-0.89 	0.348535564854 	-2.60428093345e-19 	0.129180994452 	0.00053796655968 	240.128298177 	10.9314929916 	34.6676001552 	0.000470110631691 	5.45155578543e-22
-0.89 	0.35 	-4.05827254959e-19 	0.129180994452 	0.00053796655968 	240.128298177 	10.9314929916 	34.6676001552 	0.000470110631691 	5.45155578543e-22
