0.378 	0.00585774058577 	-2.25900017969e-18 	11.2603802288 	0.000880367681137 	12790.5424859 	-28.0319485134 	-4.66890950979 	1.06417985634 	-7.15321199996e-20
0.378 	0.00732217573222 	1.60690151034e-20 	22.9524904417 	0.00320548531319 	7160.37922471 	-29.6872087612 	-1.87614274225 	0.341901785109 	3.47640035958e-19
0.378 	0.00878661087866 	-7.50972054461e-19 	29.2641161242 	0.00417323834927 	7012.32799927 	-30.8647106416 	0.505700717445 	-0.27804095573 	3.97332010028e-19
0.378 	0.0102510460251 	-6.85096272385e-18 	35.5832995609 	0.00430417328822 	7543.52040852 	-32.0150019078 	4.0252946601 	-1.18074340585 	-3.24150476877e-19
0.378 	0.0117154811715 	-2.42906727944e-19 	38.6197225224 	0.00425168954552 	8084.19940407 	-36.214568533 	7.62809042976 	-2.03815214476 	1.33618757623e-20
0.378 	0.013179916318 	1.3512726084e-18 	38.692083584 	0.00406827434492 	8433.46074427 	-36.5547316201 	11.7646682534 	-3.09635206496 	-1.44147613467e-19
0.378 	0.0146443514644 	1.55935292371e-18 	36.4826038326 	0.00360288909227 	8568.77519635 	-36.6764411641 	15.4419133728 	-4.03638441365 	3.95854089506e-19
0.378 	0.0161087866109 	3.07656452364e-21 	29.8611203347 	0.00321011470638 	8259.88376052 	-36.8831752814 	20.5758545513 	-5.27171411306 	-2.70351218718e-19
0.378 	0.0175732217573 	-6.81961534316e-19 	22.6734901883 	0.00295627494191 	7669.61484768 	-37.4035928693 	24.3838344011 	-6.11605373721 	2.66316615416e-19
0.378 	0.0190376569038 	-1.67269057367e-18 	14.5343057719 	0.00211558144508 	6870.12348575 	-38.2600852625 	28.1258379461 	-6.88669036201 	9.96709468442e-19
0.378 	0.0205020920502 	1.2780902617e-18 	8.44328984895 	0.00144534516452 	5841.71176284 	-39.1546088024 	30.7441748423 	-7.38948358394 	3.54573836153e-19
0.378 	0.0219665271967 	-2.74665018199e-18 	2.93839340162 	0.00078639045107 	3736.55783539 	-40.6423201468 	33.3297021755 	-7.84192283568 	2.76048815897e-19
0.378 	0.0234309623431 	1.51909739726e-18 	1.34575476562 	0.000566754668568 	2374.4925984 	-41.9124925727 	34.3589745039 	-7.9788932254 	1.63459756601e-20
0.378 	0.0248953974895 	-6.07601879195e-19 	0.637271855323 	0.000448963849219 	1419.42799277 	-43.7830210183 	35.0394167223 	-7.99992966817 	7.05224087106e-19
0.378 	0.026359832636 	-2.31591182176e-18 	0.426141948414 	0.000402545501623 	1058.6180859 	-45.3190368729 	35.3005468443 	-7.9519110027 	2.75269287145e-19
0.378 	0.0278242677824 	-4.43652360755e-19 	0.313074764313 	0.00037256984331 	840.311608508 	-46.9663093349 	35.4396438786 	-7.87049392863 	-7.95227556171e-19
0.378 	0.0292887029289 	-4.91662085053e-19 	0.249431890092 	0.000356073777405 	700.506203826 	-48.7213456178 	35.522460243 	-7.77191745271 	-5.38395243984e-20
0.378 	0.0307531380753 	-1.81620902917e-18 	0.223473682405 	0.000351712998605 	635.386475027 	-49.9500221738 	35.5718324508 	-7.70281767497 	-2.18647386248e-19
0.378 	0.0322175732218 	-1.85183140709e-18 	0.20008441751 	0.000352899456005 	566.972870333 	-51.8804399178 	35.6519621415 	-7.59755481643 	5.58048459703e-19
0.378 	0.0336820083682 	-1.15163191118e-19 	0.188090893862 	0.000360115599149 	522.30698783 	-53.9159847062 	35.7400084478 	-7.49048101565 	-5.83154128764e-19
0.378 	0.0351464435146 	-1.15979796344e-18 	0.183656668926 	0.000366768970179 	500.742112498 	-55.3315795868 	35.8019666354 	-7.41783986563 	-2.73918909392e-19
0.378 	0.0366108786611 	-1.84602096795e-18 	0.179808562643 	0.00037817984902 	475.457809582 	-57.5429209723 	35.8989899971 	-7.30683975956 	-2.12287169749e-19
0.378 	0.0380753138075 	1.16287496826e-18 	0.178276523313 	0.000386384577982 	461.39658121 	-59.0756057716 	35.9661171626 	-7.2314513112 	7.33195334113e-19
0.378 	0.039539748954 	-2.60526537685e-19 	0.177208651061 	0.000394970404005 	448.663113145 	-60.6548174406 	36.0349217502 	-7.15492568956 	-2.25533105761e-19
0.378 	0.0410041841004 	-9.12839154261e-19 	0.176169797824 	0.000408582716165 	431.172907845 	-63.1103451761 	36.1405524196 	-7.03794380451 	4.53563786747e-19
0.378 	0.0424686192469 	-1.87897731572e-18 	0.175762227062 	0.000418212427268 	420.27021581 	-64.804608702 	36.2120376334 	-6.95845462267 	-1.02167144211e-18
0.378 	0.0439330543933 	-2.05247793122e-18 	0.175554897063 	0.000428356432828 	409.833688977 	-66.5440508866 	36.2839351798 	-6.87774063041 	-1.09289281268e-18
0.378 	0.0453974895397 	-6.1118620061e-19 	0.175539690376 	0.000439078846174 	399.790816399 	-68.3280021846 	36.3559228736 	-6.79579319421 	7.52548381011e-19
0.378 	0.0468619246862 	-1.61087070414e-19 	0.175712123073 	0.000450440421744 	390.08959807 	-70.1556421977 	36.4277587687 	-6.71261522073 	-1.25597003464e-18
0.378 	0.0483263598326 	1.02532231066e-20 	0.176066881376 	0.000462494051472 	380.690045235 	-72.0259948233 	36.4992949345 	-6.62821867965 	1.30287925961e-19
0.378 	0.0497907949791 	-1.35141902141e-19 	0.176595692679 	0.000475281055345 	371.560554945 	-73.9379365344 	36.5704755087 	-6.54262079475 	5.97153557784e-19
0.378 	0.0512552301255 	-1.70957739189e-18 	0.177286431049 	0.000488828453721 	362.676169317 	-75.89018889 	36.6413226618 	-6.45583979171 	-1.01387194865e-18
0.378 	0.052719665272 	-5.99318288681e-19 	0.178122960405 	0.000503147300382 	354.017521846 	-77.8813132931 	36.7119133532 	-6.36789026215 	9.06745235857e-19
0.378 	0.0541841004184 	4.43008756176e-20 	0.178589830351 	0.000510594886152 	349.768153177 	-78.8909599496 	36.7471449997 	-6.32347996847 	-8.35495505193e-19
0.378 	0.0556485355649 	4.92531648867e-19 	0.179606859641 	0.000526055187361 	341.42208642 	-80.9373505671 	36.8175501344 	-6.23378871665 	4.91254472303e-19
0.378 	0.0571129707113 	-5.4875572108e-19 	0.180714306031 	0.000542241886672 	333.272494201 	-83.018325079 	36.887964423 	-6.14293033649 	3.42579017383e-19
0.378 	0.0585774058577 	-6.03469055916e-19 	0.181885139418 	0.000559107966707 	325.313088435 	-85.1318879256 	36.9584784567 	-6.0508901697 	-1.15687210482e-18
0.378 	0.0600418410042 	-5.16397635239e-19 	0.182485223835 	0.00056777653561 	321.403250028 	-86.2002227261 	36.9937950519 	-6.00442030252 	-6.01625827348e-19
0.378 	0.0615062761506 	-8.55733726291e-19 	0.183695505331 	0.000585537653539 	313.721080482 	-88.3585771056 	37.0645754558 	-5.91056416641 	9.64088645829e-20
0.378 	0.0629707112971 	-1.89300985968e-18 	0.184297806426 	0.000594608677606 	309.948060578 	-89.4479978494 	37.1000456017 	-5.86317034029 	-9.40616567231e-19
0.378 	0.0644351464435 	-7.52017169448e-19 	0.185476809713 	0.000613071660101 	302.536916619 	-91.6457551871 	37.1711553591 	-5.7674316698 	3.44530890185e-19
0.378 	0.06589958159 	-8.85012272026e-19 	0.186045572533 	0.000622437381528 	298.898456382 	-92.7534341615 	37.2067973166 	-5.71907904807 	3.01827065627e-19
0.378 	0.0673640167364 	-8.68831094352e-19 	0.187122201414 	0.00064136693744 	291.755297148 	-94.9846775377 	37.2782562127 	-5.621387912 	-6.28327293848e-19
0.378 	0.0688284518828 	9.73004582689e-19 	0.187622610241 	0.000650900903735 	288.25065254 	-96.1075280808 	37.31407134 	-5.57204179402 	-2.04241480296e-20
0.378 	0.0702928870293 	1.40064233118e-18 	0.188529997354 	0.000670028971286 	281.375888854 	-98.3658352258 	37.3858647535 	-5.47233016996 	-1.18327869431e-19
0.378 	0.0717573221757 	-5.54665040113e-20 	0.188930344572 	0.000679590347868 	278.006221197 	-99.5005254079 	37.4218379711 	-5.42195760987 	-1.00750232129e-18
0.378 	0.0732217573222 	3.32313096539e-19 	0.189608666386 	0.000698622186676 	271.403728657 	-101.779001696 	37.4939155333 	-5.32016143646 	7.03540870947e-19
0.378 	0.0746861924686 	9.1411595541e-19 	0.189880627768 	0.000708056656698 	268.171517027 	-102.921973504 	37.5300059645 	-5.26873069464 	-2.76605968574e-21
0.378 	0.0761506276151 	-7.74409330834e-19 	0.190103836698 	0.0007174116075 	264.985727455 	-104.066879238 	37.5661186267 	-5.21694007333 	-1.70757108324e-18
0.378 	0.0776150627615 	-1.25072989143e-18 	0.190391924946 	0.000735801482185 	258.754473258 	-106.360785434 	37.6383662074 	-5.11226528495 	-8.48200158203e-19
0.378 	0.0790794979079 	-1.12585997628e-18 	0.190450512565 	0.000744792658338 	255.709438638 	-107.50891647 	37.6744773181 	-5.05937461043 	7.34083097544e-19
0.378 	0.0805439330544 	2.56815594372e-20 	0.190447697381 	0.000753616503444 	252.711686263 	-108.657243477 	37.7105639887 	-5.00611118606 	2.57469994297e-20
0.378 	0.0820083682008 	-7.0289960257e-20 	0.190243592955 	0.000770658390241 	246.858524301 	-110.952686629 	37.7826188494 	-4.89845648113 	3.24349658794e-19
0.378 	0.0834728033473 	1.58266069573e-19 	0.190034754581 	0.000778820303048 	244.0033392 	-112.098892448 	37.8185669331 	-4.84406145798 	1.06885827744e-18
0.378 	0.0849372384937 	1.32520835038e-18 	0.189749385077 	0.000786702369479 	241.195898777 	-113.243474783 	37.8544509615 	-4.78928626528 	-8.10358216126e-19
0.378 	0.0864016736402 	2.31178861809e-18 	0.18938318872 	0.000794271609019 	238.436306384 	-114.385970275 	37.890264014 	-4.73413013461 	2.30519412487e-19
0.378 	0.0878661087866 	-6.28177564855e-19 	0.188931564854 	0.000801492607273 	235.724650657 	-115.525913426 	37.925999356 	-4.6785925844 	2.38225422592e-19
0.378 	0.0893305439331 	-3.1297594754e-19 	0.187751662156 	0.000814733751616 	230.445420708 	-117.796273853 	37.9972060666 	-4.56637225395 	-1.29121967868e-18
0.378 	0.0907949790795 	7.1463873404e-19 	0.187011920043 	0.000820667112236 	227.877926695 	-118.925755287 	38.0326603924 	-4.50968958946 	7.32690557608e-19
0.378 	0.0922594142259 	-1.08202054985e-18 	0.18616354245 	0.000826077298947 	225.358501786 	-120.050814168 	38.0680048645 	-4.45262598511 	-1.00188870818e-18
0.378 	0.0937238493724 	-1.06264155633e-18 	0.185198830113 	0.000830908842098 	222.887061408 	-121.170984542 	38.1032335772 	-4.39518259976 	1.17094289568e-18
0.378 	0.0951882845188 	-3.11514229132e-19 	0.184109005541 	0.000835099854228 	220.463462673 	-122.285802695 	38.1383421002 	-4.33736104275 	3.52120658353e-19
0.378 	0.0966527196653 	-3.66213777306e-19 	0.182884224095 	0.000838581609865 	218.087568275 	-123.394807891 	38.1733267464 	-4.27916329683 	-2.22596482076e-19
0.378 	0.0981171548117 	-6.96744055624e-19 	0.181513883651 	0.000841279184561 	215.759389964 	-124.497543066 	38.2081849937 	-4.22059182197 	-8.86734062584e-20
0.378 	0.0995815899582 	6.56013061494e-20 	0.179987330877 	0.000843113793782 	213.479286194 	-125.593555517 	38.2429189807 	-4.1616500168 	-4.76264001692e-19
0.378 	0.101046025105 	-8.20162591161e-20 	0.178294934608 	0.000844007209655 	211.248117988 	-126.682397648 	38.2775419851 	-4.10234291692 	-3.3490394052e-19
0.378 	0.102510460251 	-8.79056939776e-19 	0.176429341694 	0.000843888117243 	209.067218852 	-127.763627755 	38.3120830106 	-4.0426774573 	1.74232688572e-19
0.378 	0.103974895397 	1.45362641591e-19 	0.17438666985 	0.000842699768738 	206.938077259 	-128.836810327 	38.3465799658 	-3.98266129308 	9.63766080614e-19
0.378 	0.105439330544 	2.67726616304e-19 	0.172167502576 	0.00084040807244 	204.861790625 	-129.901515387 	38.3810538486 	-3.92229970769 	-1.10268351637e-18
0.378 	0.10690376569 	-4.42576087639e-19 	0.169777738079 	0.000837009260013 	202.838542165 	-130.957316497 	38.4154691819 	-3.86159171786 	1.5028654695e-19
0.378 	0.108368200837 	-9.96753099695e-19 	0.167229365986 	0.000832536102432 	200.867404425 	-132.003788174 	38.4497036685 	-3.80052802581 	1.39380723608e-19
0.378 	0.109832635983 	-1.23867931729e-18 	0.164540976511 	0.000827061081883 	198.946583409 	-133.04050422 	38.4835560638 	-3.73909327665 	-2.50264353062e-19
0.378 	0.11129707113 	1.10173556626e-19 	0.161737497043 	0.000820694595321 	197.073915151 	-134.067038469 	38.5168027438 	-3.67727251682 	4.71445266427e-19
0.378 	0.112761506276 	-3.41788985029e-19 	0.158848749236 	0.000813577203842 	195.247296121 	-135.08296813 	38.5492786924 	-3.61505853809 	1.94612871747e-19
0.378 	0.114225941423 	-1.73050238152e-18 	0.155906992086 	0.000805867139197 	193.464883357 	-136.087878682 	38.5809358086 	-3.55245573484 	-4.93251543396e-19
0.378 	0.115690376569 	-4.10190576564e-19 	0.152944166727 	0.000797726203328 	191.725138386 	-137.081368576 	38.6118432917 	-3.48947837595 	4.65237087931e-19
0.378 	0.117154811715 	5.01552544396e-19 	0.149989610667 	0.000789307406164 	190.026863419 	-138.063052693 	38.6421341175 	-3.42614495202 	-3.23227935701e-19
0.378 	0.118619246862 	-1.24152710475e-19 	0.147068624139 	0.000780746332764 	188.369279454 	-139.032564455 	38.6719357156 	-3.36247240913 	-9.89608197581e-20
0.378 	0.120083682008 	4.58497622434e-20 	0.144201839222 	0.000772156536985 	186.752079812 	-139.989556766 	38.7013254017 	-3.29847321222 	-2.09346171837e-21
0.378 	0.121548117155 	1.0245057626e-18 	0.141405137987 	0.000763628203169 	185.175373827 	-140.933702268 	38.7303253707 	-3.23415562234 	1.63418325351e-19
0.378 	0.123012552301 	8.16695801815e-19 	0.141405137987 	0.000763628203169 	185.175373827 	-140.933702268 	38.7303253707 	-3.23415562234 	1.63418325351e-19
0.378 	0.124476987448 	-2.49218870561e-19 	0.138689900627 	0.000755229092965 	183.639510075 	-141.864693014 	38.7589239014 	-3.16952561811 	-2.28943934986e-19
0.378 	0.125941422594 	-9.21530189454e-20 	0.136063484468 	0.000747007015271 	182.144854983 	-142.78224002 	38.7870998191 	-3.10458869914 	3.78621027897e-20
0.378 	0.127405857741 	1.73053001893e-18 	0.133529889305 	0.000738993246739 	180.691623224 	-143.686072955 	38.814836157 	-3.03935076343 	2.45182698803e-19
0.378 	0.128870292887 	-1.23815163444e-19 	0.13109053162 	0.000731206341316 	179.279806824 	-144.575940194 	38.8421224518 	-2.97381820615 	1.63657577946e-19
0.378 	0.130334728033 	-4.00104272151e-19 	0.128745008861 	0.000723655765679 	177.909186891 	-145.451609164 	38.8689518991 	-2.90799771527 	-4.62864534824e-19
0.378 	0.13179916318 	-7.82313375137e-19 	0.128745008861 	0.000723655765679 	177.909186891 	-145.451609164 	38.8689518991 	-2.90799771527 	-4.62864534824e-19
0.378 	0.133263598326 	8.05901648496e-19 	0.126491747557 	0.000716344938393 	176.579383448 	-146.312866812 	38.8953186492 	-2.84189609004 	-1.33946738096e-19
0.378 	0.134728033473 	3.03378633422e-19 	0.124328485754 	0.000709273498026 	175.289907349 	-147.159520111 	38.9212168604 	-2.77552016173 	2.43806511444e-19
0.378 	0.136192468619 	6.80955414894e-19 	0.122252596838 	0.000702438846632 	174.040199264 	-147.99139648 	38.9466408479 	-2.70887677141 	-2.37258285004e-19
0.378 	0.137656903766 	9.85584832996e-19 	0.12026129102 	0.000695837128325 	172.829655281 	-148.808344262 	38.9715854113 	-2.64197275766 	3.499713516e-19
0.378 	0.139121338912 	1.56424402966e-18 	0.12026129102 	0.000695837128325 	172.829655281 	-148.808344262 	38.9715854113 	-2.64197275766 	3.499713516e-19
0.378 	0.140585774059 	-5.42499786932e-19 	0.118351733909 	0.000689463817309 	171.657643139 	-149.610233131 	38.9960459827 	-2.57481493399 	-2.29316660109e-19
0.378 	0.142050209205 	2.88432190088e-20 	0.116521112974 	0.000683314055983 	170.52351251 	-150.396954551 	39.0200186364 	-2.50741005946 	5.64828255574e-19
0.378 	0.143514644351 	8.6536407363e-20 	0.11476667271 	0.000677382841485 	169.426601445 	-151.168422185 	39.043500072 	-2.43976480611 	-5.67950359288e-19
0.378 	0.144979079498 	-4.85993391742e-19 	0.113085731811 	0.000671665124784 	168.366240315 	-151.924572282 	39.0664876107 	-2.37188572561 	5.14787758233e-19
0.378 	0.146443514644 	6.66878872366e-19 	0.113085731811 	0.000671665124784 	168.366240315 	-151.924572282 	39.0664876107 	-2.37188572561 	5.14787758233e-19
0.378 	0.147907949791 	-1.17382422207e-18 	0.111475690546 	0.000666155861898 	167.341754269 	-152.665364036 	39.0889792032 	-2.3037792157 	-3.01434685199e-20
0.378 	0.149372384937 	1.58762465384e-18 	0.109934033138 	0.000660850040384 	166.352464886 	-153.390779909 	39.110973438 	-2.23545148534 	-2.11574078147e-19
0.378 	0.150836820084 	-1.056367393e-18 	0.109934033138 	0.000660850040384 	166.352464886 	-153.390779909 	39.110973438 	-2.23545148534 	-2.11574078147e-19
0.378 	0.15230125523 	2.15266003011e-19 	0.108458327702 	0.00065574269359 	165.397691446 	-154.100825905 	39.1324695457 	-2.16690851886 	-1.64507136027e-19
0.378 	0.153765690377 	-6.48659672603e-20 	0.107046225114 	0.000650828909187 	164.476752035 	-154.795531819 	39.1534674025 	-2.09815603932 	2.97208560086e-19
0.378 	0.155230125523 	-6.71139067914e-19 	0.105695457382 	0.000646103835 	163.588964584 	-155.474951451 	39.1739675336 	-2.02919947096 	-2.14200147091e-19
0.378 	0.156694560669 	-1.01791642861e-18 	0.105695457382 	0.000646103835 	163.588964584 	-155.474951451 	39.1739675336 	-2.02919947096 	-2.14200147091e-19
0.378 	0.158158995816 	6.27487865735e-19 	0.104403835846 	0.000641562683634 	162.733647872 	-156.139162765 	39.1939711155 	-1.96004390004 	-2.91688513785e-19
0.378 	0.159623430962 	-8.24982266243e-19 	0.103169249329 	0.000637200736617 	161.91012251 	-156.788268038 	39.2134799776 	-1.89069403658 	2.35726148003e-19
0.378 	0.161087866109 	8.54059338179e-19 	0.103169249329 	0.000637200736617 	161.91012251 	-156.788268038 	39.2134799776 	-1.89069403658 	2.35726148003e-19
0.378 	0.162552301255 	-4.92700341272e-19 	0.101989662277 	0.000633013348326 	161.117711889 	-157.422393923 	39.2324966022 	-1.82115417183 	-1.11755592132e-20
0.378 	0.164016736402 	-1.17954270231e-19 	0.100863112971 	0.000628995949965 	160.355743112 	-158.041691544 	39.2510241229 	-1.75142814073 	3.89541574421e-19
0.378 	0.165481171548 	-9.03870659527e-19 	0.100863112971 	0.000628995949965 	160.355743112 	-158.041691544 	39.2510241229 	-1.75142814073 	3.89541574421e-19
0.378 	0.166945606695 	-1.10795121882e-18 	0.0997877119172 	0.000625144052106 	159.623548494 	-158.646336437 	39.2690663209 	-1.68151927365 	-5.07033325796e-19
0.378 	0.168410041841 	3.73887879402e-19 	0.0987616394159 	0.000621453178192 	158.920483283 	-159.236528648 	39.2866276206 	-1.61143036416 	5.90025145892e-19
0.378 	0.169874476987 	-2.17653204796e-20 	0.0987616394159 	0.000621453178192 	158.920483283 	-159.236528648 	39.2866276206 	-1.61143036416 	5.90025145892e-19
0.378 	0.171338912134 	3.23944762155e-20 	0.0977831443435 	0.000617919026038 	158.245886958 	-159.812492435 	39.3037130852 	-1.54116360693 	-7.55883363325e-20
0.378 	0.17280334728 	-5.98965692269e-19 	0.0968505431425 	0.000614537378073 	157.599108855 	-160.37447654 	39.3203284092 	-1.47072058382 	-3.94000797722e-19
0.378 	0.174267782427 	-7.75311494243e-19 	0.0968505431425 	0.000614537378073 	157.599108855 	-160.37447654 	39.3203284092 	-1.47072058382 	-3.94000797722e-19
0.378 	0.175732217573 	2.74863164809e-19 	0.0959622177055 	0.000611304110456 	156.979506704 	-160.922753417 	39.3364799124 	-1.40010216736 	-2.89188560538e-20
0.378 	0.17719665272 	8.49696181695e-19 	0.0959622177055 	0.000611304110456 	156.979506704 	-160.922753417 	39.3364799124 	-1.40010216736 	-2.89188560538e-20
0.378 	0.178661087866 	-1.83298110045e-19 	0.0951166143919 	0.000608215201786 	156.386446956 	-161.45762007 	39.3521745284 	-1.32930855783 	5.52818796134e-19
0.378 	0.180125523013 	-2.63477462048e-19 	0.094312241911 	0.000605266736598 	155.819304462 	-161.97939616 	39.367419794 	-1.25833909943 	-2.40525661616e-19
0.378 	0.181589958159 	-1.93823038558e-19 	0.094312241911 	0.000605266736598 	155.819304462 	-161.97939616 	39.367419794 	-1.25833909943 	-2.40525661616e-19
0.378 	0.183054393305 	-2.11716582881e-19 	0.0935476709538 	0.00060245491292 	155.277463836 	-162.488426461 	39.3822238322 	-1.18719245346 	5.59412547445e-20
0.378 	0.184518828452 	-1.53847409102e-19 	0.0935476709538 	0.00060245491292 	155.277463836 	-162.488426461 	39.3822238322 	-1.18719245346 	5.59412547445e-20
0.378 	0.185983263598 	-3.28618784401e-19 	0.0928215309732 	0.000599776036857 	154.760319301 	-162.985076156 	39.3965953434 	-1.1158661913 	-2.52635222099e-19
0.378 	0.187447698745 	1.07262125548e-18 	0.0921325114769 	0.000597226530583 	154.267278426 	-163.469737618 	39.4105435823 	-1.0443573192 	9.73096238046e-20
0.378 	0.188912133891 	-2.32240903597e-20 	0.0921325114769 	0.000597226530583 	154.267278426 	-163.469737618 	39.4105435823 	-1.0443573192 	9.73096238046e-20
0.378 	0.190376569038 	6.99374208045e-19 	0.0914793563924 	0.000594802914582 	153.797760821 	-163.942818609 	39.4240783526 	-0.972661306802 	-8.50178201657e-20
0.378 	0.191841004184 	1.03980332704e-18 	0.0914793563924 	0.000594802914582 	153.797760821 	-163.942818609 	39.4240783526 	-0.972661306802 	-8.50178201657e-20
0.378 	0.193305439331 	-7.50874964989e-19 	0.0908608695933 	0.000592501830177 	153.351204951 	-164.404760155 	39.4372099742 	-0.900773499749 	9.81599793654e-21
0.378 	0.194769874477 	-7.76667273118e-19 	0.0902759034128 	0.00059032000257 	152.927061627 	-164.856006999 	39.4499492801 	-0.828686743554 	4.66932843073e-20
0.378 	0.196234309623 	-1.00018759004e-18 	0.0902759034128 	0.00059032000257 	152.927061627 	-164.856006999 	39.4499492801 	-0.828686743554 	4.66932843073e-20
0.378 	0.19769874477 	8.68869632139e-19 	0.0897233739444 	0.000588254301392 	152.524807268 	-165.297053257 	39.4623075779 	-0.756394994376 	-7.2348900571e-20
0.378 	0.199163179916 	9.28213524296e-19 	0.0897233739444 	0.000588254301392 	152.524807268 	-165.297053257 	39.4623075779 	-0.756394994376 	-7.2348900571e-20
0.378 	0.200627615063 	4.11054140959e-19 	0.0892022352171 	0.000586301653823 	152.143925632 	-165.728369099 	39.4742966394 	-0.683887501722 	2.10970014572e-19
0.378 	0.202092050209 	9.47407147754e-19 	0.0892022352171 	0.000586301653823 	152.143925632 	-165.728369099 	39.4742966394 	-0.683887501722 	2.10970014572e-19
0.378 	0.203556485356 	-1.07458516861e-18 	0.088711516995 	0.000584459187389 	151.783937885 	-166.150514564 	39.4859286834 	-0.611157764603 	-8.5772165586e-20
0.378 	0.205020920502 	9.98190639987e-19 	0.088711516995 	0.000584459187389 	151.783937885 	-166.150514564 	39.4859286834 	-0.611157764603 	-8.5772165586e-20
0.378 	0.206485355649 	-5.09549084351e-19 	0.0882502651365 	0.000582724019272 	151.444358252 	-166.563960159 	39.4972162981 	-0.538189430944 	1.05017757487e-19
0.378 	0.207949790795 	-1.24389137318e-18 	0.0882502651365 	0.000582724019272 	151.444358252 	-166.563960159 	39.4972162981 	-0.538189430944 	1.05017757487e-19
0.378 	0.209414225941 	1.15586573127e-18 	0.0878176311595 	0.000581093586457 	151.124764076 	-166.969364483 	39.5081725597 	-0.464978010203 	-1.19899919482e-20
0.378 	0.210878661088 	-1.2446519887e-19 	0.0874127347354 	0.000579565148444 	150.82469153 	-167.367142668 	39.5188106751 	-0.391497197181 	3.32761956478e-20
0.378 	0.212343096234 	-1.48979398733e-19 	0.0874127347354 	0.000579565148444 	150.82469153 	-167.367142668 	39.5188106751 	-0.391497197181 	3.32761956478e-20
0.378 	0.213807531381 	3.45795952976e-19 	0.0870348710174 	0.000578136547017 	150.543797078 	-167.758129764 	39.529144614 	-0.317750462888 	-1.14389737899e-19
0.378 	0.215271966527 	4.87399816252e-19 	0.0870348710174 	0.000578136547017 	150.543797078 	-167.758129764 	39.529144614 	-0.317750462888 	-1.14389737899e-19
0.378 	0.216736401674 	7.29320880996e-19 	0.0866831968817 	0.000576805059779 	150.281616661 	-168.142561619 	39.5391878198 	-0.243691970877 	3.46638489921e-20
0.378 	0.21820083682 	-4.28201802266e-19 	0.0866831968817 	0.000576805059779 	150.281616661 	-168.142561619 	39.5391878198 	-0.243691970877 	3.46638489921e-20
0.378 	0.219665271967 	-1.79523208153e-19 	0.0863572021734 	0.00057556912856 	150.037932697 	-168.521627645 	39.5489554558 	-0.16934679746 	1.88431985742e-19
0.378 	0.221129707113 	-7.16605616208e-19 	0.0863572021734 	0.00057556912856 	150.037932697 	-168.521627645 	39.5489554558 	-0.16934679746 	1.88431985742e-19
0.378 	0.222594142259 	-9.95749212175e-20 	0.0860560037286 	0.000574425765185 	149.812228045 	-168.895112909 	39.5584603685 	-0.0946286444555 	-6.78128673565e-20
0.378 	0.224058577406 	-1.35861660093e-20 	0.0860560037286 	0.000574425765185 	149.812228045 	-168.895112909 	39.5584603685 	-0.0946286444555 	-6.78128673565e-20
0.378 	0.225523012552 	4.14054251922e-19 	0.0857793982508 	0.000573374423105 	149.60450762 	-169.264953404 	39.5677198839 	-0.0196143793774 	7.61659212723e-20
0.378 	0.226987447699 	2.0193955212e-19 	0.0857793982508 	0.000573374423105 	149.60450762 	-169.264953404 	39.5677198839 	-0.0196143793774 	7.61659212723e-20
0.378 	0.228451882845 	-5.24352997206e-20 	0.0855262989511 	0.00057241123057 	149.414082715 	-169.629901259 	39.5767443498 	0.0558677318011 	3.3525404946e-20
0.378 	0.229916317992 	5.37060738613e-19 	0.0855262989511 	0.00057241123057 	149.414082715 	-169.629901259 	39.5767443498 	0.0558677318011 	3.3525404946e-20
0.378 	0.231380753138 	3.31089713409e-19 	0.0852970473029 	0.000571537514626 	149.241379822 	-169.993474692 	39.5855557783 	0.131624331522 	4.49862929507e-20
0.378 	0.232845188285 	-1.27182067924e-19 	0.0852970473029 	0.000571537514626 	149.241379822 	-169.993474692 	39.5855557783 	0.131624331522 	4.49862929507e-20
0.378 	0.234309623431 	8.14407412302e-20 	0.0850900117759 	0.000570747218669 	149.085285031 	-170.352182408 	39.5941577695 	0.208006768344 	-1.64061242217e-19
0.378 	0.235774058577 	6.84961966452e-19 	0.0850900117759 	0.000570747218669 	149.085285031 	-170.352182408 	39.5941577695 	0.208006768344 	-1.64061242217e-19
0.378 	0.237238493724 	6.43562404348e-19 	0.0850900117759 	0.000570747218669 	149.085285031 	-170.352182408 	39.5941577695 	0.208006768344 	-1.64061242217e-19
0.378 	0.23870292887 	-3.23273092237e-19 	0.0849065688256 	0.00057004531217 	148.947052125 	-170.71283872 	39.602582902 	0.284571119264 	6.22883450534e-21
0.378 	0.240167364017 	9.74744904879e-19 	0.0849065688256 	0.00057004531217 	148.947052125 	-170.71283872 	39.602582902 	0.284571119264 	6.22883450534e-21
0.378 	0.241631799163 	-3.49309514353e-19 	0.0847438467642 	0.000569420888753 	148.824618903 	-171.067280809 	39.6108189363 	0.362039663821 	-1.83762480748e-20
0.378 	0.24309623431 	-6.91246328285e-19 	0.0847438467642 	0.000569420888753 	148.824618903 	-171.067280809 	39.6108189363 	0.362039663821 	-1.83762480748e-20
0.378 	0.244560669456 	4.61025235533e-19 	0.0846052417506 	0.000568886104034 	148.720879541 	-171.429000882 	39.6189216571 	0.439449108846 	-1.5017329181e-20
0.378 	0.246025104603 	-3.92387737001e-19 	0.0846052417506 	0.000568886104034 	148.720879541 	-171.429000882 	39.6189216571 	0.439449108846 	-1.5017329181e-20
0.378 	0.247489539749 	-5.60575227723e-19 	0.0844852589996 	0.000568419884155 	148.631779702 	-171.78047322 	39.6268443531 	0.518269428718 	1.77071983101e-20
0.378 	0.248953974895 	2.26525364137e-19 	0.0844852589996 	0.000568419884155 	148.631779702 	-171.78047322 	39.6268443531 	0.518269428718 	1.77071983101e-20
0.378 	0.250418410042 	1.3770104652e-20 	0.0843912532653 	0.000568048515413 	148.563460647 	-172.148280542 	39.6346930953 	0.5964963569 	9.1550407809e-20
0.378 	0.251882845188 	-6.2808943743e-19 	0.0843912532653 	0.000568048515413 	148.563460647 	-172.148280542 	39.6346930953 	0.5964963569 	9.1550407809e-20
0.378 	0.253347280335 	-3.02450508775e-19 	0.0843912532653 	0.000568048515413 	148.563460647 	-172.148280542 	39.6346930953 	0.5964963569 	9.1550407809e-20
0.378 	0.254811715481 	8.1333165514e-20 	0.0843123851951 	0.000567730244928 	148.50782735 	-172.496832526 	39.6423450237 	0.6770658494 	-1.94629257907e-20
0.378 	0.256276150628 	1.2970033138e-19 	0.0843123851951 	0.000567730244928 	148.50782735 	-172.496832526 	39.6423450237 	0.6770658494 	-1.94629257907e-20
0.378 	0.257740585774 	-5.88361014115e-19 	0.0842636507518 	0.000567518536834 	148.4773541 	-172.877441733 	39.6500044286 	0.755954691906 	1.07207681491e-21
0.378 	0.259205020921 	2.7802287662e-20 	0.0842636507518 	0.000567518536834 	148.4773541 	-172.877441733 	39.6500044286 	0.755954691906 	1.07207681491e-21
0.378 	0.260669456067 	-6.56150905096e-19 	0.0842235662509 	0.000567330342621 	148.455952244 	-173.221041585 	39.6573854738 	0.838885973299 	-1.13456940506e-20
0.378 	0.262133891213 	3.56331553138e-20 	0.0842235662509 	0.000567330342621 	148.455952244 	-173.221041585 	39.6573854738 	0.838885973299 	-1.13456940506e-20
0.378 	0.26359832636 	-4.26999537216e-20 	0.0842235662509 	0.000567330342621 	148.455952244 	-173.221041585 	39.6573854738 	0.838885973299 	-1.13456940506e-20
0.378 	0.265062761506 	7.75898471352e-19 	0.0842217484965 	0.000567270546295 	148.468396688 	-173.623768124 	39.6648373398 	0.918051570995 	-5.85577692225e-20
0.378 	0.266527196653 	4.02171730222e-19 	0.0842217484965 	0.000567270546295 	148.468396688 	-173.623768124 	39.6648373398 	0.918051570995 	-5.85577692225e-20
0.378 	0.267991631799 	8.35710093941e-19 	0.0842170928822 	0.000567178918968 	148.484173275 	-173.957209468 	39.6719956056 	1.00429404311 	-5.83072863901e-20
0.378 	0.269456066946 	-4.85353331251e-19 	0.0842170928822 	0.000567178918968 	148.484173275 	-173.957209468 	39.6719956056 	1.00429404311 	-5.83072863901e-20
0.378 	0.270920502092 	-1.16994466244e-18 	0.0842643231795 	0.00056724565408 	148.549966974 	-174.395093185 	39.6795961979 	1.08298647522 	2.68450778353e-20
0.378 	0.272384937238 	-1.99198557975e-19 	0.0842643231795 	0.00056724565408 	148.549966974 	-174.395093185 	39.6795961979 	1.08298647522 	2.68450778353e-20
0.378 	0.273849372385 	1.41847229785e-19 	0.0842643231795 	0.00056724565408 	148.549966974 	-174.395093185 	39.6795961979 	1.08298647522 	2.68450778353e-20
0.378 	0.275313807531 	8.66584737427e-19 	0.0842823699737 	0.000567150718523 	148.606652907 	-174.708840022 	39.6867013279 	1.17401740674 	-1.33778048212e-20
0.378 	0.276778242678 	-3.92254115124e-19 	0.0842823699737 	0.000567150718523 	148.606652907 	-174.708840022 	39.6867013279 	1.17401740674 	-1.33778048212e-20
0.378 	0.278242677824 	-2.11109803426e-19 	0.084368696102 	0.000567219752225 	148.740758359 	-175.199567003 	39.6943260069 	1.25091309921 	-1.8360532803e-21
0.378 	0.279707112971 	2.69340032406e-19 	0.084368696102 	0.000567219752225 	148.740758359 	-175.199567003 	39.6943260069 	1.25091309921 	-1.8360532803e-21
0.378 	0.281171548117 	4.06152251816e-19 	0.084368696102 	0.000567219752225 	148.740758359 	-175.199567003 	39.6943260069 	1.25091309921 	-1.8360532803e-21
0.378 	0.282635983264 	2.40499741426e-19 	0.0843655571263 	0.000566816557527 	148.841024501 	-175.478990652 	39.7011011601 	1.34891480749 	4.49031416519e-20
0.378 	0.28410041841 	-1.6699960563e-19 	0.0843655571263 	0.000566816557527 	148.841024501 	-175.478990652 	39.7011011601 	1.34891480749 	4.49031416519e-20
0.378 	0.285564853556 	5.91601352432e-19 	0.0844339071967 	0.000566434856542 	149.061990486 	-176.04509603 	39.7087362755 	1.42191043347 	-1.17474535321e-19
0.378 	0.287029288703 	3.25253235331e-19 	0.0844339071967 	0.000566434856542 	149.061990486 	-176.04509603 	39.7087362755 	1.42191043347 	-1.17474535321e-19
0.378 	0.288493723849 	-5.65123992587e-19 	0.0844339071967 	0.000566434856542 	149.061990486 	-176.04509603 	39.7087362755 	1.42191043347 	-1.17474535321e-19
0.378 	0.289958158996 	3.58770320312e-19 	0.0842762149057 	0.00056483760972 	149.204326085 	-176.271052838 	39.7153360952 	1.53001777263 	2.05099376515e-20
0.378 	0.291422594142 	2.93969020722e-19 	0.0842762149057 	0.00056483760972 	149.204326085 	-176.271052838 	39.7153360952 	1.53001777263 	2.05099376515e-20
0.378 	0.292887029289 	-1.84284215768e-19 	0.0841574501985 	0.00056272034475 	149.554660648 	-176.938037365 	39.7229966265 	1.59605743191 	9.83719788654e-20
0.378 	0.294351464435 	-4.90985595105e-19 	0.0841574501985 	0.00056272034475 	149.554660648 	-176.938037365 	39.7229966265 	1.59605743191 	9.83719788654e-20
0.378 	0.295815899582 	-4.83067714612e-19 	0.0841574501985 	0.00056272034475 	149.554660648 	-176.938037365 	39.7229966265 	1.59605743191 	9.83719788654e-20
0.378 	0.297280334728 	4.3694067993e-19 	0.0835631321519 	0.00055788953486 	149.784369361 	-177.090296747 	39.7280164221 	1.71841743583 	-1.77551346841e-19
0.378 	0.298744769874 	5.78149753487e-19 	0.0835631321519 	0.00055788953486 	149.784369361 	-177.090296747 	39.7280164221 	1.71841743583 	-1.77551346841e-19
0.378 	0.300209205021 	4.60501537617e-19 	0.0835631321519 	0.00055788953486 	149.784369361 	-177.090296747 	39.7280164221 	1.71841743583 	-1.77551346841e-19
0.378 	0.301673640167 	-6.48826256112e-21 	0.0829876565714 	0.000534816619801 	150.488647226 	-177.881447453 	39.7291439551 	1.77325833087 	1.17653696395e-19
0.378 	0.303138075314 	-1.62882634381e-19 	0.0829876565714 	0.000534816619801 	150.488647226 	-177.881447453 	39.7291439551 	1.77325833087 	1.17653696395e-19
0.378 	0.30460251046 	4.65156726228e-19 	0.0816100359153 	0.000540768946092 	150.914797355 	-177.946667766 	39.7212141339 	1.91463081568 	-2.27191553983e-19
0.378 	0.306066945607 	-3.96757160281e-19 	0.0816100359153 	0.000540768946092 	150.914797355 	-177.946667766 	39.7212141339 	1.91463081568 	-2.27191553983e-19
0.378 	0.307531380753 	-8.96370992465e-19 	0.0816100359153 	0.000540768946092 	150.914797355 	-177.946667766 	39.7212141339 	1.91463081568 	-2.27191553983e-19
0.378 	0.3089958159 	6.13556646078e-20 	0.0808439926321 	0.000530762914399 	152.316581356 	-178.866934399 	39.6970076693 	1.95291461285 	-4.00780842994e-20
0.378 	0.310460251046 	-1.09137152668e-19 	0.0808439926321 	0.000530762914399 	152.316581356 	-178.866934399 	39.6970076693 	1.95291461285 	-4.00780842994e-20
0.378 	0.311924686192 	-4.64463394843e-19 	0.0808439926321 	0.000530762914399 	152.316581356 	-178.866934399 	39.6970076693 	1.95291461285 	-4.00780842994e-20
0.378 	0.313389121339 	-2.82140936939e-19 	0.0806179216365 	0.000522774984814 	154.211513516 	-178.854642165 	39.619534973 	2.11590843566 	1.30787451906e-19
0.378 	0.314853556485 	-5.27296434479e-19 	0.0806179216365 	0.000522774984814 	154.211513516 	-178.854642165 	39.619534973 	2.11590843566 	1.30787451906e-19
0.378 	0.316317991632 	7.36349368008e-19 	0.0806179216365 	0.000522774984814 	154.211513516 	-178.854642165 	39.619534973 	2.11590843566 	1.30787451906e-19
0.378 	0.317782426778 	7.33114527142e-19 	0.0817851887568 	0.000520166004724 	157.22901538 	-179.883122016 	39.481543735 	2.12815344329 	1.27235210581e-19
0.378 	0.319246861925 	-6.02021115859e-19 	0.0817851887568 	0.000520166004724 	157.22901538 	-179.883122016 	39.481543735 	2.12815344329 	1.27235210581e-19
0.378 	0.320711297071 	-1.18972588056e-18 	0.0828621939412 	0.000393715178681 	160.374075567 	-179.838043004 	39.3193823277 	2.3156183151 	6.36011829362e-20
0.378 	0.322175732218 	3.14289447927e-19 	0.0828621939412 	0.000393715178681 	160.374075567 	-179.838043004 	39.3193823277 	2.3156183151 	6.36011829362e-20
0.378 	0.323640167364 	1.24150097671e-19 	0.0828621939412 	0.000393715178681 	160.374075567 	-179.838043004 	39.3193823277 	2.3156183151 	6.36011829362e-20
0.378 	0.32510460251 	1.14246716894e-18 	0.0788587248517 	0.000508235501647 	155.161779522 	-180.893417538 	38.9960385369 	2.29663035942 	-5.92151475286e-20
0.378 	0.326569037657 	-5.06384849917e-19 	0.0788587248517 	0.000508235501647 	155.161779522 	-180.893417538 	38.9960385369 	2.29663035942 	-5.92151475286e-20
0.378 	0.328033472803 	6.536805145e-19 	0.0788587248517 	0.000508235501647 	155.161779522 	-180.893417538 	38.9960385369 	2.29663035942 	-5.92151475286e-20
